rowname	Input	Input.1	Input.2	Input.3	uPA	uPA.1	uPA.2	uPA.3	FXIIa	FXIIa.1	FXIIa.2	FXIIa.3	uPA.4	Input.4	uPA.5	uPA.6	Input.5	Input.6	uPA.7	Input.7	Input.8	TMPRSS2	uPA.8	Input.9	TMPRSS2.1	uPA.9	Input.10	TMPRSS2.2	uPA.10
V1A	19016	13145	13756	13629	5689	4744	5980	7984	5661	7940	4712	2649	1974	8191	1931	3027	7659	8160	2414	9440	12078	5174	1676	8425	3594	1651	11614	3169	7208
V1R	0	0	2	1	0	0	1	0	0	0	0	0	0	0	0	0	1	0	0	0	0	0	0	1	0	0	0	0	0
V1N	0	0	0	0	0	0	0	0	0	0	0	0	0	1	0	0	0	0	0	0	0	0	0	0	0	0	0	0	0
V1D	6	7	7	9	1	9	0	8	0	1	1	0	0	7	3	1	6	5	0	7	13	29	4	2	2	3	9	24	8
V1C	0	0	0	0	0	0	0	0	0	0	0	0	0	0	0	0	0	0	0	0	0	0	0	0	0	0	0	0	0
V1E	9990	7087	7209	7331	3514	3313	3895	4649	2735	4997	2209	1234	1285	4519	1254	1699	4263	4394	1483	5139	6563	2394	1022	4791	2173	1103	6518	1250	4687
V1Q	0	0	2	1	1	0	0	0	0	0	1	0	0	0	0	0	3	0	0	4	0	0	0	0	0	0	1	0	0
V1G	1391	1015	994	1117	377	432	400	628	388	607	210	113	157	609	173	157	562	654	193	759	907	242	135	622	175	150	898	147	661
V1H	0	0	0	0	0	0	0	0	0	0	0	0	0	0	0	0	0	0	0	0	0	0	0	0	0	0	0	0	0
V1I	33	19	27	19	13	14	10	25	19	15	9	18	6	19	1	26	16	7	1	12	6	15	6	6	1	11	16	1	19
V1L	2598	1838	1814	1901	1278	886	1179	1581	1067	1387	651	444	415	1086	359	469	1031	1119	481	1349	1609	671	339	1304	456	392	1618	416	1567
V1K	14	6	3	4	0	0	0	0	0	2	0	0	0	3	0	0	2	2	0	3	4	0	0	2	0	3	8	1	0
V1M	8674	5896	6352	6334	2453	2254	2986	3580	1951	2592	2798	1324	1076	3930	950	1488	3531	3857	1108	4241	5513	5427	909	4013	3609	840	5469	2161	3661
V1F	3	4	2	0	1	1	0	2	0	0	0	0	0	0	0	0	3	1	0	2	0	0	1	1	1	2	1	0	0
V1P	0	0	1	0	0	0	0	0	0	0	0	0	0	0	0	0	0	0	0	0	0	0	0	0	0	0	0	0	0
V1S	34	26	12	7	1	1	3	4	8	0	2	2	0	14	1	1	9	12	0	14	5	12	3	26	7	5	22	6	3
V1T	54	38	34	30	10	4	6	11	0	34	32	6	1	24	4	2	21	34	6	32	21	0	0	24	4	1	40	10	6
V1W	1	0	0	1	0	1	0	0	0	0	0	0	0	0	0	0	0	1	0	0	0	0	0	0	0	0	0	0	0
V1Y	0	0	0	0	0	0	0	0	0	0	0	0	0	0	0	0	0	0	0	0	0	0	0	0	0	0	0	0	0
V1V	3396357	2444074	2609260	2498543	2940321	2559648	4626510	4478707	2738994	3786406	3408487	1341286	1686905	1538178	1494441	2057710	1484061	1533078	1764829	1920422	2282740	1409464	1467559	1694209	1404361	1412558	2078425	966374	4149724
V1X	0	0	0	0	0	0	0	0	0	0	0	0	0	0	0	0	0	0	0	0	0	0	0	0	0	0	0	0	0
V1B	20	23	21	16	4	1	10	11	1	0	6	4	1	6	0	2	9	9	3	13	15	0	2	16	0	2	28	9	27
H2A	0	0	0	0	0	0	0	0	0	0	0	0	0	0	0	0	0	0	0	0	0	0	0	0	0	0	0	0	0
H2R	24856	17615	17714	17714	7267	6822	8147	11763	9737	12809	7093	4919	3282	10485	2999	4064	9625	10666	3220	11655	14887	7394	2390	11118	7926	2363	15434	6818	10087
H2N	3174	2182	2328	2285	820	730	1078	1397	847	1025	479	404	294	1467	304	419	1254	1472	404	1590	1803	1696	323	1544	672	350	1980	480	1134
H2D	1298	942	982	967	368	316	461	510	317	307	347	110	118	576	124	151	496	535	110	684	914	404	115	571	283	122	810	89	531
H2C	80	54	38	32	24	9	24	24	18	1	8	47	3	35	4	5	26	26	3	33	61	3	12	34	17	4	36	5	7
H2E	0	0	1	0	0	0	0	0	0	0	0	0	0	0	0	0	0	0	0	1	0	0	0	0	0	0	0	0	0
H2Q	2578	1773	1932	1819	789	651	841	1191	678	1010	450	284	230	1124	327	417	1050	1143	314	1222	1645	632	319	1190	590	325	1471	652	964
H2G	5	4	3	1	0	0	8	0	0	1	0	1	0	3	0	1	4	7	0	5	5	0	0	1	7	0	1	0	0
H2H	3377902	2430441	2596306	2486494	2936139	2554568	4620645	4470789	2731115	3774279	3401223	1336691	1684159	1530585	1492267	2055407	1477346	1524988	1762166	1912424	2272405	1402911	1465931	1686135	1394659	1411028	2067059	957231	4142885
H2I	14	4	13	8	8	0	2	10	0	0	0	0	1	7	0	0	10	16	1	14	5	1	2	6	0	3	8	1	3
H2L	10076	7129	7474	7870	2619	2495	2930	4134	2230	3748	1761	1401	1133	4395	1168	1558	4165	4380	1149	5201	7351	2535	1039	4768	2583	914	6312	2105	3770
H2K	2	4	2	0	0	0	0	1	0	0	0	0	0	4	2	0	1	2	0	1	0	4	0	1	1	2	4	0	0
H2M	0	0	0	0	0	0	0	0	0	0	0	0	0	0	0	0	0	0	0	1	0	0	0	0	0	0	0	0	0
H2F	35	12	19	29	2	4	5	10	1	0	0	0	2	9	2	4	12	7	1	11	27	0	2	11	6	0	27	1	0
H2P	1057	616	699	688	398	416	999	493	178	548	975	385	128	444	96	147	367	397	152	497	603	660	180	468	3030	100	628	803	509
H2S	39	42	28	24	4	5	6	12	5	1	3	0	2	22	3	2	20	21	1	21	9	14	2	27	7	8	31	0	17
H2T	1	1	1	1	0	0	0	0	1	0	1	0	0	2	1	0	2	0	0	4	1	1	0	7	1	0	0	0	0
H2W	0	0	0	0	0	0	0	0	0	0	0	0	0	0	0	0	0	0	0	0	0	0	0	0	0	0	0	0	0
H2Y	16962	12308	11902	10951	5221	5263	5827	6847	5696	10205	6772	2837	2466	7388	1819	2406	6769	7646	2987	8037	9730	7161	1339	7534	4544	1498	10816	5381	7639
H2V	2	2	3	4	0	0	0	0	0	0	0	0	0	5	1	1	1	2	0	2	4	0	1	0	0	0	2	0	2
H2X	70	35	36	29	3	6	0	5	1	0	6	0	2	24	0	0	13	10	4	18	15	9	1	15	57	1	33	2	16
H2B	40	14	15	27	1	23	7	4	0	47	0	1	0	12	0	0	16	15	6	16	9	3	0	12	0	3	15	0	7
H3A	0	0	0	0	0	0	0	0	0	0	0	0	0	0	0	0	0	0	0	0	0	0	0	0	0	0	0	0	0
H3R	14006	9864	10535	10636	3724	3307	3682	5485	3157	5189	2816	1693	1389	6054	1262	1361	5425	6114	1330	6569	8461	4417	1036	6328	3132	1118	9170	2009	5218
H3N	2524	1834	1981	1876	889	953	1054	1256	787	1046	654	319	288	1149	334	411	1131	1075	373	1319	1550	351	279	1101	554	320	1484	863	933
H3D	1322	925	751	577	1007	934	481	439	908	1169	309	87	214	503	166	102	385	577	395	375	712	153	54	455	200	97	744	496	1097
H3C	16	11	16	12	4	2	2	5	0	0	3	0	0	8	0	1	3	10	1	8	10	11	3	11	0	0	4	0	2
H3E	0	1	0	0	0	0	0	0	0	0	0	0	0	0	0	0	0	0	0	0	0	0	0	0	0	0	0	0	0
H3Q	6849	4702	4861	5101	2075	1723	1883	2669	1981	2918	1601	962	814	2911	635	912	2760	3099	789	3471	4319	2476	622	3234	2380	758	4387	1833	2610
H3G	0	0	0	0	0	1	0	0	0	0	0	0	0	0	0	0	0	0	0	0	0	0	0	0	0	0	0	0	1
H3H	3398928	2445939	2611026	2500120	2940954	2560197	4628448	4480861	2739635	3784558	3408521	1341665	1687321	1539981	1494777	2058938	1485761	1534352	1765751	1922472	2285402	1411413	1467997	1695917	1405385	1412809	2079667	966180	4151326
H3I	5	3	0	0	0	0	1	2	1	0	0	0	0	2	0	0	0	2	0	1	1	0	1	2	0	0	0	0	0
H3L	5804	3916	4080	4249	2040	1641	2404	2699	1680	4752	3561	1296	878	2472	1014	1710	2235	2518	965	2984	3798	1464	847	2638	1152	870	3653	946	2733
H3K	8	2	2	4	0	1	0	0	0	0	0	0	1	0	0	0	0	1	0	0	4	0	0	0	1	1	4	0	0
H3M	0	0	0	0	0	0	0	0	0	0	0	0	0	0	0	0	0	0	0	0	0	0	0	0	0	0	0	0	0
H3F	1	0	1	0	0	0	1	0	0	1	0	0	0	0	0	0	2	2	1	2	2	0	0	0	0	0	0	0	0
H3P	1439	975	1097	1019	519	448	553	697	877	729	370	244	216	618	244	272	578	697	200	794	920	466	211	663	260	160	860	167	736
H3S	79	47	63	44	1	5	3	17	2	6	5	0	0	33	0	0	16	28	0	18	27	4	4	35	14	2	55	2	2
H3T	0	0	1	0	0	0	0	2	0	0	0	0	2	0	0	1	0	0	0	0	0	0	0	0	0	0	1	0	0
H3W	0	0	0	0	0	0	0	0	0	0	0	0	0	0	0	0	0	0	0	0	0	0	0	0	0	0	0	0	0
H3Y	7104	4870	4990	5218	2442	2078	2459	3039	1783	3613	1272	814	696	2812	683	871	2826	2799	709	3360	4246	2663	602	3030	1298	586	4560	1072	2877
H3V	0	1	4	0	0	0	1	0	0	0	0	0	0	4	0	0	0	0	0	3	1	0	0	0	0	0	3	0	0
H3X	104	84	86	85	7	18	8	17	13	0	6	0	1	37	2	3	55	53	4	59	20	10	0	27	7	0	71	0	35
H3B	2	4	2	2	1	0	0	2	0	0	0	0	0	3	0	0	0	6	0	2	1	0	0	1	0	0	4	0	1
P4A	430	282	287	276	118	103	95	139	82	145	65	40	31	174	40	54	184	168	46	201	239	108	36	206	103	38	262	144	154
P4R	749	581	597	635	754	470	600	722	1398	1105	1089	226	469	342	203	280	368	356	485	428	576	802	102	382	245	122	476	1147	846
P4N	28	20	18	0	1	1	4	7	16	3	0	0	0	15	1	0	2	9	1	5	4	5	4	7	7	2	7	3	4
P4D	2	0	0	0	0	0	0	1	0	0	0	0	0	0	0	0	0	0	0	0	3	0	0	2	0	1	0	1	0
P4C	0	1	0	0	0	0	0	1	0	0	0	0	0	0	0	0	0	2	0	0	0	0	0	0	0	0	0	0	1
P4E	0	0	0	0	0	0	0	0	0	0	0	0	0	0	0	0	0	0	0	0	0	0	0	0	0	0	0	0	0
P4Q	16	16	7	2	1	0	8	8	0	0	1	0	0	10	1	1	4	7	2	10	1	6	2	15	6	2	6	0	0
P4G	1	0	0	0	0	0	0	0	0	0	0	0	0	0	0	0	0	0	0	0	0	0	0	0	0	0	0	0	0
P4H	6290	4398	4887	4685	1965	1846	2577	2932	1423	2561	1501	1041	793	2783	711	985	2739	2855	760	3373	4154	3174	677	2973	3022	642	3998	1074	3179
P4I	28	13	11	12	1	0	8	5	3	2	0	0	0	9	0	2	4	5	1	11	4	1	1	7	1	2	10	1	13
P4L	6609	4379	4942	5089	2064	1927	2259	2784	1423	4466	1489	887	756	2833	641	792	2686	2780	640	3279	4370	1140	566	2999	1352	639	4138	1440	2632
P4K	0	0	0	0	0	0	0	0	0	0	0	0	0	0	0	0	0	0	0	0	0	0	0	0	0	0	0	0	0
P4M	0	0	0	0	0	0	0	0	0	0	0	0	0	0	0	0	2	0	0	0	0	0	0	0	0	0	0	0	0
P4F	3	8	7	7	1	14	5	6	1	0	1	0	0	3	0	0	4	6	0	5	3	0	0	1	0	0	9	0	2
P4P	3415225	2457455	2621895	2511268	2942413	2561219	4628461	4482680	2735734	3778145	3404431	1339820	1687152	1546209	1495618	2059618	1491707	1541172	1765686	1929806	2294226	1416298	1469003	1702852	1406499	1413739	2090472	967995	4152519
P4S	4157	2825	3008	3091	1233	1308	1768	1971	1070	2014	1199	680	561	1800	507	695	1683	1731	571	2046	2643	1014	410	1771	1924	452	2385	696	1675
P4T	4640	3187	3832	3874	5112	4419	5195	5933	9669	15540	9340	4386	2058	2405	1395	2152	1787	2235	2325	2267	3248	875	854	2223	1221	1081	2892	1066	6546
P4W	0	0	0	0	0	0	0	0	0	0	0	0	0	0	0	0	0	0	0	0	0	0	0	0	0	0	0	0	0
P4Y	11	12	3	3	0	1	0	0	5	0	0	0	0	3	0	1	6	7	1	4	3	5	1	3	3	1	11	1	0
P4V	2	1	2	1	0	0	0	1	0	0	2	0	0	1	0	2	1	0	0	2	0	0	0	1	0	0	1	0	0
P4X	0	0	0	0	0	0	0	0	0	0	0	0	0	0	0	0	0	0	0	0	0	0	0	0	0	0	0	0	0
P4B	0	0	0	0	0	0	0	0	0	0	0	0	0	0	0	0	0	0	0	0	0	0	0	0	0	0	0	0	0
P5A	593	366	473	467	210	173	277	247	134	575	222	65	94	295	72	79	246	250	60	292	389	56	68	256	92	41	366	259	208
P5R	290	285	228	220	68	52	90	131	23	67	130	22	26	134	23	32	91	144	19	137	169	284	24	105	63	16	191	838	97
P5N	0	0	0	0	0	0	0	0	0	0	0	0	0	0	0	0	0	0	0	0	0	0	0	0	0	0	0	0	0
P5D	0	0	0	0	0	0	0	0	0	0	0	0	0	0	0	0	0	0	0	0	0	0	0	0	0	0	0	0	0
P5C	0	0	0	0	0	0	0	0	0	0	0	0	0	0	0	0	0	0	0	0	0	0	0	0	0	0	0	0	0
P5E	0	1	0	0	0	0	0	0	1	0	0	0	0	1	0	0	0	0	0	1	0	0	1	0	2	0	0	0	0
P5Q	1668	1230	1346	1340	428	544	762	774	432	1468	324	450	154	720	192	182	713	814	216	1137	1134	526	205	837	533	184	938	854	655
P5G	0	0	0	0	0	0	0	0	0	0	0	0	0	0	0	0	0	0	0	0	0	0	0	0	0	0	0	0	0
P5H	13	5	5	6	1	1	0	1	0	0	0	0	0	4	0	0	5	1	0	7	10	1	0	2	5	0	4	0	0
P5I	13	11	11	2	0	0	2	7	1	1	0	0	0	14	0	1	5	12	0	11	6	3	6	11	6	3	8	11	5
P5L	8432	5791	6262	6878	2237	2044	2337	3178	3059	2669	2065	965	757	3554	746	986	3354	3567	819	4301	5533	2515	575	3702	1741	634	5178	1577	2996
P5K	19	13	8	1	1	1	2	2	4	1	0	0	0	5	2	0	9	10	1	7	4	4	3	15	5	2	6	6	1
P5M	0	0	0	0	0	0	0	0	0	0	0	0	0	0	0	0	0	0	1	0	0	0	0	0	0	0	0	0	0
P5F	0	0	0	0	0	0	0	0	0	0	0	0	0	0	0	0	0	0	0	0	0	0	0	0	0	0	0	0	0
P5P	3411435	2454864	2620376	2508911	2945685	2564063	4631424	4484288	2741016	3792362	3410028	1341385	1688660	1545217	1496197	2060810	1490528	1539900	1767034	1927972	2293204	1414039	1469510	1701651	1407115	1414435	2088183	964693	4156392
P5S	9246	5950	6082	6183	2886	2457	3806	5854	3564	3848	4915	3477	1527	3814	1159	1665	3534	3782	1665	4096	4899	4512	671	3888	3305	727	5648	3375	4589
P5T	6442	4642	4688	4919	2147	1971	2277	2701	2588	2989	1433	716	601	2813	725	827	2683	2837	703	3464	4124	1481	590	2965	1511	679	4132	1947	2628
P5W	0	1	0	0	0	0	0	0	0	0	0	0	0	0	0	0	0	0	0	0	0	0	0	0	0	0	0	0	0
P5Y	0	0	0	0	0	0	0	0	0	0	0	0	1	0	0	0	0	0	0	0	0	0	0	0	0	0	0	0	0
P5V	2	0	0	0	0	0	0	0	0	1	0	0	0	0	0	0	0	1	0	0	0	0	0	0	0	0	0	0	0
P5X	38	19	17	16	0	2	2	7	2	0	1	0	0	15	1	0	9	15	0	12	2	7	3	10	4	0	13	8	0
P5B	0	0	0	0	0	0	1	0	0	0	0	0	0	1	0	0	0	0	0	0	0	0	0	0	1	0	0	0	0
S6A	781	564	544	576	247	201	208	288	153	123	94	89	62	333	69	70	298	386	53	379	502	121	51	349	126	50	488	152	303
S6R	3	0	1	1	0	1	0	0	3	1	0	0	0	1	0	0	0	0	0	3	1	0	0	1	0	0	1	0	0
S6N	14	16	8	0	0	1	0	1	4	0	0	0	0	10	0	1	2	10	1	2	5	9	0	0	4	1	8	1	0
S6D	1	1	1	0	0	0	0	0	0	0	0	0	0	1	0	0	0	0	0	0	0	0	0	2	0	0	0	0	0
S6C	194	138	164	166	98	85	43	117	58	29	113	16	40	109	25	17	63	83	17	80	133	13	22	69	43	32	122	14	122
S6E	0	0	0	0	0	0	0	0	0	0	0	0	0	0	0	0	0	0	0	0	0	0	0	0	0	0	0	0	0
S6Q	0	0	0	0	0	0	0	0	0	0	0	0	0	0	0	0	0	0	0	0	0	0	0	0	0	0	0	0	0
S6G	0	0	0	0	0	0	0	0	0	0	0	0	0	0	0	0	0	0	0	0	0	0	0	0	0	0	0	0	0
S6H	5	7	2	3	0	0	1	1	0	1	0	0	2	4	1	0	5	1	0	1	3	1	0	1	2	0	2	0	1
S6I	6	6	5	11	0	2	0	5	0	1	0	0	0	3	1	1	2	2	0	1	5	0	1	5	0	2	5	0	1
S6L	28	34	38	17	2	1	2	8	0	11	12	0	4	16	0	7	9	17	0	20	15	5	3	19	4	0	19	5	5
S6K	0	0	0	0	0	0	0	0	0	0	0	0	0	0	0	0	0	0	0	0	0	0	0	0	0	0	0	0	0
S6M	0	0	0	0	0	0	0	0	0	0	0	0	0	0	0	0	0	0	0	0	0	0	0	0	0	0	0	0	0
S6F	2840	1910	2220	2310	642	635	722	1212	698	1456	551	206	237	1293	256	347	1224	1233	210	1587	2207	634	245	1331	663	219	1832	508	1020
S6P	19152	13330	13661	13117	5072	4504	5742	8353	7382	9154	5146	3197	2828	8679	1928	2825	7746	8455	2958	9325	10809	10913	1261	8465	6219	1448	11685	5445	6876
S6S	3404857	2449552	2615005	2505601	2944026	2562373	4631085	4483390	2739420	3788167	3410988	1342545	1687566	1541590	1495756	2060140	1487600	1536416	1765790	1924573	2289444	1408911	1469185	1698559	1405103	1414011	2083516	964704	4154275
S6T	8813	6620	6640	6093	3146	3085	2671	3093	2686	4496	1918	875	937	3822	893	895	3666	4034	1283	4669	5408	2469	710	3903	1817	778	6117	2229	4403
S6W	0	1	0	0	0	0	0	0	0	0	0	0	0	0	0	0	0	0	0	0	0	0	0	0	0	0	0	0	0
S6Y	1453	977	1191	1042	430	420	502	715	420	542	296	149	143	709	183	275	549	683	204	787	929	347	173	712	395	173	855	510	557
S6V	1	1	0	0	0	0	0	0	0	0	0	0	1	0	0	2	1	1	0	1	1	0	0	1	0	0	0	0	0
S6X	41	20	16	6	0	0	1	7	0	0	0	3	0	16	5	2	12	12	1	9	12	5	5	21	6	7	17	0	7
S6B	2	1	0	0	0	0	3	0	0	0	0	0	0	1	0	0	0	0	1	0	0	0	0	4	1	0	0	0	0
Y7A	0	0	0	0	0	0	0	0	0	0	0	0	0	0	0	0	0	0	0	0	0	0	0	0	0	0	0	0	0
Y7R	108	55	69	57	51	28	40	40	36	24	16	4	35	53	26	19	38	48	31	51	89	301	10	37	10	18	62	0	46
Y7N	8969	6382	6807	6640	3384	3014	3418	4252	2969	3794	2225	1436	1279	3862	1127	1752	3648	4114	1150	4506	5401	3338	938	4206	2313	925	5703	2680	4730
Y7D	783	578	635	680	354	157	157	324	291	160	149	54	68	338	110	80	306	367	76	422	511	120	69	398	177	64	604	62	250
Y7C	10866	7465	8524	8422	3157	2938	3811	5263	3765	5657	3846	2064	1488	4745	1383	2082	4514	4741	1362	5702	7387	3408	1010	5098	5286	1109	6827	2828	4237
Y7E	0	0	0	0	0	0	0	0	0	0	0	1	0	0	0	0	0	0	0	1	0	0	0	0	0	0	0	0	0
Y7Q	2	2	13	9	3	1	0	3	2	82	0	0	1	6	0	0	2	6	2	5	7	0	0	7	14	0	1	0	10
Y7G	3	1	1	1	0	1	0	0	0	0	0	0	0	1	0	2	0	0	0	5	2	0	1	0	0	1	0	0	1
Y7H	14717	10473	10633	10241	5052	4372	5240	6551	4902	6715	6781	2139	2020	6519	2119	2338	5859	6529	2127	7412	8694	5790	1306	6605	5687	1442	8983	3973	6869
Y7I	29	13	14	17	2	4	1	15	0	0	0	0	1	8	1	0	13	7	0	17	10	11	2	13	0	3	19	0	0
Y7L	24	12	19	41	0	2	5	11	0	3	0	2	1	14	3	0	17	14	1	9	21	0	3	16	4	2	34	0	1
Y7K	6	4	4	5	1	0	0	0	1	0	0	0	0	2	0	1	1	1	0	3	0	0	0	0	0	0	2	0	0
Y7M	0	0	0	0	0	0	0	0	0	0	0	0	0	0	0	0	0	0	0	0	0	0	0	0	0	0	0	0	0
Y7F	4438	2890	3178	3088	1191	1013	1111	1489	1378	2221	626	572	341	1842	372	446	1715	1947	378	2199	2964	1157	357	2046	1586	333	2724	526	1566
Y7P	2	1	3	6	5	4	0	2	0	0	0	0	3	0	5	1	3	1	3	1	1	0	0	0	0	1	3	0	14
Y7S	624	391	405	466	183	161	562	434	179	331	1512	356	179	275	201	282	237	258	130	295	410	482	155	293	399	132	337	206	355
Y7T	5	2	3	4	0	0	0	0	0	0	0	0	0	1	0	2	3	4	0	5	2	0	0	5	0	0	1	0	0
Y7W	5	2	1	0	0	0	1	1	0	0	0	0	3	4	0	1	5	5	2	5	0	0	0	4	0	0	0	1	1
Y7Y	3375848	2429888	2595630	2486062	2924760	2549027	4607166	4465335	2724428	3761369	3376538	1332076	1672131	1529925	1487410	2052524	1477546	1523313	1749374	1912616	2278472	1404104	1467014	1686653	1393257	1410305	2066605	956438	4122610
Y7V	6	2	2	5	0	3	0	2	1	0	0	0	0	1	0	0	0	4	0	7	3	0	0	2	0	3	2	0	10
Y7X	18783	13065	11524	11398	3167	3121	3633	6739	3249	6504	3803	3539	2273	7742	1259	1715	6136	8733	1917	6966	3895	2705	247	6844	3468	774	10949	2835	5037
Y7B	2973	1952	2031	1801	12353	7462	15835	6729	9623	17121	23622	4837	11997	1249	5101	3337	1134	1241	13965	1210	1605	2012	544	1215	2182	1609	1811	4019	21834
V8A	22861	15667	16912	16248	6151	5255	7626	10529	5341	11221	9471	5572	3242	10383	2547	3133	9384	10157	3744	11259	13714	10008	1496	10516	7674	1626	14798	6880	8523
V8R	0	9	3	5	0	0	0	2	0	0	0	0	0	4	0	0	0	2	0	2	8	0	0	4	0	0	4	0	2
V8N	0	0	0	0	0	0	0	0	0	0	0	0	0	0	0	0	0	0	0	0	0	0	0	0	0	0	0	0	0
V8D	14	8	10	7	3	0	2	1	0	0	4	0	0	3	1	1	5	3	1	7	12	0	0	3	4	1	10	0	0
V8C	0	0	0	0	0	0	0	0	0	0	0	0	0	0	0	0	0	0	0	0	0	0	0	0	0	0	0	0	0
V8E	13166	9442	9638	9601	1825	1740	2136	3232	2663	3747	1841	807	891	5852	737	887	5480	5975	843	6764	9149	3217	612	6083	3569	594	8591	1810	2915
V8Q	0	0	0	0	0	0	0	0	0	0	0	0	0	0	0	0	0	0	0	0	0	0	0	0	0	0	0	0	0
V8G	2083	1488	1485	1394	261	343	595	844	611	432	591	484	321	1061	167	186	820	993	235	984	1210	643	108	902	966	127	1327	1334	558
V8H	0	0	0	0	0	0	0	0	0	0	0	0	0	0	0	0	0	0	0	0	0	0	0	0	0	0	0	0	0
V8I	30	24	25	15	6	6	2	8	0	1	0	2	0	8	1	1	6	17	0	18	13	6	0	12	1	4	16	0	2
V8L	2616	1756	2017	2044	727	557	923	1225	519	765	530	332	225	1096	304	367	1067	1202	412	1288	1460	1249	238	1296	534	311	1601	846	842
V8K	24	13	26	35	4	3	2	5	0	0	0	1	2	21	1	1	10	10	1	14	18	0	0	9	1	1	18	7	0
V8M	14954	9992	10870	10958	3406	3085	3663	5090	2677	6087	2633	1515	1228	6413	1091	1365	5588	6359	1225	6997	9059	4947	973	6780	2615	984	9351	2935	4247
V8F	2	2	0	3	0	0	0	1	0	0	0	0	0	3	1	0	0	1	0	1	1	0	1	1	1	0	1	1	0
V8P	3	4	11	2	1	0	4	2	25	0	1	0	1	1	0	0	1	2	1	0	0	0	0	1	0	0	2	0	0
V8S	32	26	21	8	1	0	3	8	3	4	0	2	0	12	0	0	15	15	1	12	9	21	3	30	13	4	19	5	5
V8T	57	32	38	33	28	13	12	22	1	21	4	13	4	20	4	7	20	38	8	27	54	20	7	38	6	6	38	6	54
V8W	0	0	0	1	0	0	0	0	0	0	0	0	0	0	1	0	1	0	0	0	0	0	0	1	0	0	0	0	0
V8Y	0	0	0	0	0	0	0	0	0	0	0	0	0	0	0	0	1	0	0	1	0	0	0	0	0	0	0	0	0
V8V	3382322	2434702	2598431	2488579	2941226	2560274	4626009	4476216	2738938	3781654	3404042	1338352	1685899	1531698	1494262	2058630	1478771	1526549	1764045	1914055	2274760	1403314	1468216	1687755	1398996	1413063	2068886	959744	4150409
V8X	0	0	0	0	0	0	0	0	0	0	0	0	0	0	0	0	0	0	0	0	0	0	0	0	0	0	0	0	0
V8B	27	13	9	10	24	32	3	5	46	49	1	0	7	12	0	4	8	10	2	8	7	3	2	11	3	0	5	0	14
A9A	3407153	2452340	2617285	2506281	2945332	2563888	4629885	4483830	2740067	3791989	3409681	1342088	1688171	1543402	1495936	2060296	1488760	1537749	1766130	1926245	2290481	1414326	1469202	1699499	1405279	1414118	2085227	965919	4156561
A9R	2	2	1	1	0	0	0	0	0	0	0	0	0	0	0	0	0	1	0	2	2	0	0	0	0	0	0	0	0
A9N	2	0	1	0	0	0	1	1	1	0	0	0	0	1	1	0	0	2	0	0	1	1	0	1	1	0	2	0	0
A9D	1519	1173	1208	1196	326	301	595	609	269	416	393	148	139	791	112	150	716	731	111	868	940	215	128	721	325	156	963	236	367
A9C	1	0	3	2	0	0	0	0	0	14	0	0	0	0	0	0	2	1	0	0	0	0	0	0	0	0	0	0	0
A9E	11	14	2	1	0	0	3	1	5	0	0	0	1	2	0	0	4	2	2	3	4	5	0	10	4	3	9	0	1
A9Q	0	0	0	0	0	0	0	0	0	0	0	0	0	0	0	0	0	0	0	0	0	0	0	0	0	0	0	0	0
A9G	482	325	326	328	185	184	142	209	92	123	123	50	49	210	41	55	186	190	34	245	272	41	59	232	63	49	288	47	211
A9H	0	0	0	0	0	0	1	1	0	0	1	0	0	0	0	0	0	0	0	0	0	0	0	1	0	0	0	0	0
A9I	5	6	7	4	1	2	2	3	1	2	0	4	0	1	0	0	2	5	1	5	8	1	0	5	0	0	7	0	0
A9L	1	0	0	1	2	0	0	0	0	0	0	7	2	1	0	0	1	0	0	2	2	0	0	0	0	0	2	0	1
A9K	0	0	0	0	0	0	0	0	0	0	0	0	0	0	0	0	0	0	0	0	0	0	0	0	0	0	0	0	0
A9M	0	0	0	0	0	0	0	0	0	0	0	0	0	0	0	0	0	0	0	0	0	0	0	0	0	0	0	0	0
A9F	2	1	0	5	0	0	3	6	1	0	0	0	1	0	0	0	0	1	0	4	2	0	1	3	0	0	1	0	0
A9P	1433	948	923	901	446	345	474	490	664	1133	465	235	189	614	149	165	534	628	289	715	652	320	94	588	753	111	899	891	720
A9S	4628	3175	3188	3404	1261	1011	1880	2139	1450	1263	1785	944	516	1814	461	605	1852	2026	587	2217	2393	1238	348	2013	1515	350	2782	987	1651
A9T	13281	8848	9451	9530	3308	3102	4407	5557	2990	4577	3225	1877	1300	5616	1235	1701	5148	5978	1428	6217	7851	3421	1033	5823	3860	1093	8353	3209	4254
A9W	0	0	0	0	0	0	0	0	0	0	0	0	0	0	0	0	0	0	0	1	0	0	0	0	0	0	0	0	0
A9Y	0	1	0	0	0	0	0	1	0	0	0	0	0	0	0	0	0	0	0	0	1	0	0	0	0	0	0	0	0
A9V	9671	6345	7101	7289	2802	2475	3587	4343	5284	4464	3445	1727	1452	4135	1182	1610	3972	4019	1936	4913	6865	3860	791	4546	2583	841	6134	2279	3805
A9X	0	0	0	0	0	0	0	0	0	0	0	0	0	0	0	0	0	0	0	0	0	0	0	0	0	0	0	0	0
A9B	0	0	0	0	0	0	0	0	0	0	0	0	0	0	0	0	0	0	0	0	0	0	0	0	0	0	0	0	0
H10A	0	0	0	0	0	0	0	0	0	0	0	0	0	0	0	0	0	0	0	0	0	0	0	0	0	0	0	0	0
H10R	17266	12142	12415	12602	5180	4557	5206	7624	4774	9564	4163	3012	2248	7566	1729	2331	6688	7636	1992	8323	10248	4327	1271	7651	4608	1347	10654	3917	6400
H10N	1770	1345	1323	1252	426	571	726	773	563	454	486	406	125	812	268	314	783	897	311	1151	1198	406	258	867	352	237	1092	230	761
H10D	120	77	63	95	41	31	31	38	37	44	36	16	15	56	14	14	48	54	18	49	96	31	13	50	40	7	72	19	72
H10C	29	15	13	24	4	0	0	3	0	14	0	0	0	20	0	4	12	16	3	24	30	1	2	21	10	0	19	0	3
H10E	0	0	0	0	0	0	0	0	0	0	0	0	0	0	0	0	0	0	0	0	0	0	0	0	0	0	0	0	0
H10Q	1486	1058	1155	1152	794	697	736	916	594	760	576	262	240	677	192	217	616	651	299	805	956	945	182	728	226	248	891	283	1021
H10G	0	0	1	0	0	0	0	0	0	0	0	0	0	0	0	0	0	0	0	1	0	1	0	0	0	0	0	0	0
H10H	3403731	2449115	2614445	2503394	2943476	2561913	4629602	4482285	2741695	3787455	3410405	1340560	1687685	1541403	1495437	2059476	1487341	1536008	1766315	1923622	2286387	1409511	1468528	1697487	1403664	1413518	2083117	965677	4154001
H10I	5	2	1	4	0	1	0	0	1	0	0	0	0	7	0	1	1	0	0	2	0	1	1	0	1	0	2	0	0
H10L	7246	4913	5401	5473	1890	1819	2310	2855	1804	3029	1262	1465	759	3253	646	962	2968	3258	828	3955	5710	5367	694	3610	1719	632	4687	1385	2527
H10K	0	0	0	0	0	0	1	0	0	0	0	0	0	0	0	0	0	0	1	1	0	0	0	0	0	0	0	0	0
H10M	0	0	0	0	0	0	0	0	0	0	0	0	0	0	0	0	0	0	0	0	0	0	0	0	0	0	0	0	0
H10F	6	0	0	1	1	4	0	0	0	1	0	0	0	0	0	0	2	1	0	5	3	0	0	1	0	1	0	0	0
H10P	1102	787	691	715	195	173	332	469	208	368	318	246	147	468	175	315	398	425	118	559	651	685	114	509	322	104	651	281	345
H10S	25	7	8	8	15	17	3	13	1	9	1	0	0	5	8	0	8	5	5	11	3	1	3	10	5	4	6	1	64
H10T	1	4	2	1	0	1	0	0	0	0	0	5	0	1	0	0	0	0	0	0	1	0	0	0	0	0	0	0	0
H10W	0	0	0	0	0	0	0	0	0	0	0	0	0	0	0	0	0	0	0	0	0	0	0	0	0	0	0	0	0
H10Y	5388	3702	3965	4208	1628	1523	2033	2207	1147	2269	1871	1106	601	2313	647	948	2309	2374	628	2919	4184	2152	590	2503	3433	623	3474	1768	2376
H10V	0	0	0	0	0	0	0	0	0	0	0	0	0	0	0	0	0	0	0	0	0	0	0	0	0	0	0	0	0
H10X	12	8	11	8	13	1	0	1	0	0	0	0	0	6	1	0	0	5	0	4	0	0	0	1	2	0	1	7	0
H10B	4	3	2	6	0	0	0	6	0	14	0	2	0	0	0	0	3	3	0	6	7	0	0	4	1	0	1	0	1
L11A	1	0	0	2	0	0	0	0	0	0	6	0	0	0	0	0	0	1	1	0	1	0	0	0	0	0	1	0	0
L11R	2006	1329	1407	1456	446	323	473	691	316	502	379	177	149	938	184	271	851	875	130	1048	1337	241	136	956	960	123	1271	376	538
L11N	0	0	0	0	0	0	0	0	0	0	0	0	0	0	0	0	0	0	0	0	0	0	0	0	0	0	0	0	0
L11D	0	0	0	0	0	0	0	0	0	0	0	0	0	0	0	0	0	0	0	0	0	0	0	0	0	0	0	0	0
L11C	0	0	0	0	0	0	0	0	0	0	0	0	0	0	0	0	0	0	0	0	0	0	0	0	0	0	0	0	0
L11E	1	2	3	3	0	0	0	0	0	0	0	0	0	1	0	0	2	1	0	0	4	0	0	2	0	0	3	0	1
L11Q	13617	9261	9869	9723	3431	3149	3555	4796	4336	5278	3165	1711	1294	5930	1162	1289	5497	6044	1383	6837	8435	7490	866	6490	3688	997	8698	3207	4609
L11G	0	0	0	0	0	0	0	0	0	0	0	0	0	0	0	0	0	0	0	0	0	0	0	0	0	0	0	0	0
L11H	6	6	8	8	2	2	3	7	3	1	0	0	0	8	0	0	7	4	0	10	12	0	0	6	0	0	1	0	1
L11I	20	11	16	18	1	0	0	0	1	0	1	3	4	11	1	1	18	7	0	8	12	10	0	3	1	0	14	14	3
L11L	3397734	2445272	2609377	2499201	2945193	2563141	4631066	4484018	2740859	3790875	3411342	1342073	1688702	1538765	1496050	2060936	1484304	1533583	1767164	1920577	2283144	1407134	1469243	1694437	1401818	1414155	2079113	963698	4155952
L11K	37	24	27	20	1	3	2	14	0	0	0	1	1	12	0	1	4	13	4	15	21	1	1	9	2	1	26	0	0
L11M	5786	4117	4583	4784	1870	2028	2285	2556	2022	2830	1496	914	649	2691	722	981	2699	2741	831	3355	4102	3013	603	2849	2203	667	3932	1562	2559
L11F	3	3	2	3	0	0	1	2	0	0	0	0	0	0	0	0	1	2	0	0	3	7	0	5	0	1	3	0	0
L11P	18394	12793	13751	13278	2620	2520	3459	4894	3158	4291	2692	2099	978	8006	955	1040	7526	7756	969	9278	12016	5450	766	8415	5587	746	11249	4485	3790
L11S	32	18	20	18	0	3	4	5	1	12	0	15	1	6	2	5	6	15	0	19	19	0	1	13	13	2	19	0	0
L11T	33	19	18	21	2	7	11	19	0	1	0	2	0	12	1	1	15	19	1	25	12	13	1	14	6	1	11	11	2
L11W	2	4	4	0	0	0	0	2	0	0	0	0	0	0	0	0	1	1	0	3	4	0	0	1	0	0	3	0	0
L11Y	0	0	1	0	0	0	0	0	0	0	0	0	0	0	0	0	0	0	0	0	0	0	0	0	0	0	0	0	0
L11V	440	285	346	363	63	100	100	164	77	180	32	67	37	166	34	50	215	240	33	224	308	67	35	211	103	26	285	195	86
L11X	0	0	0	0	0	0	0	0	0	0	0	0	0	0	0	0	0	0	0	0	0	0	0	0	0	0	0	0	0
L11B	79	34	64	45	34	32	21	22	51	11	5	18	5	41	6	7	31	31	2	38	44	2	4	31	2	2	38	20	30
A12A	3412118	2455282	2620052	2509778	2945328	2563768	4631825	4485673	2742421	3791072	3412461	1343115	1688778	1545396	1496111	2060716	1490577	1539780	1766935	1928220	2293586	1416498	1469420	1701630	1406366	1414349	2088218	968429	4156837
A12R	0	0	0	0	0	0	0	0	0	0	0	0	0	0	0	0	0	0	0	0	0	0	0	0	0	0	0	0	0
A12N	0	3	1	0	0	1	0	0	1	0	0	0	1	0	0	0	1	0	0	4	1	1	0	1	0	0	0	0	0
A12D	1373	911	1108	1052	285	288	496	541	320	242	211	181	83	685	101	130	644	668	111	790	857	908	127	645	358	118	837	145	362
A12C	0	0	0	0	0	0	0	0	0	0	0	0	0	0	0	0	0	0	0	1	0	0	0	0	0	0	0	0	0
A12E	11	16	9	0	0	0	4	0	0	0	0	0	0	14	1	0	5	4	0	9	4	3	4	11	9	1	4	3	1
A12Q	0	0	0	0	0	0	0	0	0	0	0	0	0	0	0	0	0	0	0	0	0	0	0	0	0	0	0	0	0
A12G	221	144	198	185	48	37	78	104	103	162	326	37	17	82	22	16	114	108	30	148	191	42	22	112	334	18	144	34	34
A12H	0	0	0	0	0	0	0	0	0	0	0	0	0	0	0	0	0	0	0	0	0	0	0	0	0	0	0	0	0
A12I	18	12	11	6	1	0	0	2	1	0	1	0	1	4	0	3	7	5	0	6	18	0	0	12	0	0	4	0	0
A12L	1	1	1	2	0	1	1	1	0	0	0	0	0	0	0	0	0	0	0	3	0	0	0	0	0	0	1	0	2
A12K	0	0	0	0	0	0	0	0	0	0	0	0	0	0	0	0	0	0	0	0	0	0	0	0	0	0	1	0	0
A12M	0	0	0	0	0	0	0	0	0	0	0	0	0	0	0	0	0	0	0	0	0	0	0	0	0	0	0	0	0
A12F	10	4	8	4	0	1	1	7	0	0	1	0	0	7	0	0	2	6	0	1	2	1	0	3	2	0	5	0	2
A12P	940	761	752	792	127	98	158	267	65	305	189	103	45	415	44	38	318	404	49	478	554	252	34	416	85	33	592	97	159
A12S	3374	2292	2438	2492	809	690	1048	1276	435	1017	529	345	259	1428	212	363	1376	1409	282	1704	1950	538	252	1598	884	272	2064	505	962
A12T	11570	7934	8655	8289	3266	3032	3878	4987	4067	5766	2755	1952	1299	4976	1393	2043	4667	5234	1382	5796	6734	3514	998	5190	3545	1041	7491	2660	4699
A12W	0	0	0	0	0	0	0	0	0	0	0	0	0	0	0	0	0	0	0	0	0	0	0	0	0	0	0	0	0
A12Y	2	2	0	0	0	0	0	0	0	0	0	0	0	0	0	0	0	1	0	0	2	0	0	1	0	0	1	0	0
A12V	8553	5816	6263	6343	3799	3392	3491	4332	3411	5417	2645	1347	1337	3580	1233	1273	3466	3714	1729	4277	5575	1671	799	3823	2800	889	5305	1695	4513
A12X	0	0	0	0	0	0	0	0	0	0	0	0	0	0	0	0	0	0	0	0	0	0	0	0	0	0	0	0	0
A12B	0	0	0	0	0	0	0	0	0	0	0	0	0	0	0	0	0	0	0	0	0	0	0	0	0	0	0	0	0
S13A	1711	1169	1270	1286	221	217	235	468	368	888	217	88	146	2001	194	199	1554	1748	128	1814	1145	694	90	787	673	78	1106	1863	277
S13R	1	1	2	3	0	0	1	0	0	0	2	0	2	0	0	0	0	1	0	5	0	1	0	0	1	0	0	0	0
S13N	0	0	0	0	0	0	0	0	0	0	0	0	0	0	0	0	0	0	0	0	0	0	0	0	0	0	0	0	0
S13D	0	0	0	0	0	0	0	0	0	0	0	0	0	0	0	0	0	0	0	0	0	0	0	0	0	0	0	0	0
S13C	0	0	0	0	0	0	0	0	0	0	0	0	0	0	0	0	0	0	0	1	0	0	0	0	0	0	0	0	0
S13E	8	2	0	2	0	0	1	0	0	0	0	0	0	3	0	0	0	3	0	1	1	1	0	4	2	1	5	12	0
S13Q	6	1	2	3	0	0	0	0	0	0	0	0	0	2	0	0	2	3	0	3	2	0	0	1	1	0	2	0	0
S13G	0	0	0	0	0	0	0	0	0	0	0	0	0	0	0	0	0	0	0	0	0	0	0	0	0	0	0	0	0
S13H	0	0	0	0	0	0	0	0	0	0	0	0	0	0	0	0	0	0	0	0	0	0	0	0	0	0	0	0	0
S13I	19	22	12	12	0	3	2	1	0	0	0	0	1	15	1	0	4	13	3	9	17	0	2	7	13	0	13	0	0
S13L	3694	2480	2837	2805	524	474	690	897	469	789	563	303	152	1478	99	224	1441	1518	165	1857	2960	668	165	1771	729	138	2178	607	654
S13K	22	16	9	0	0	0	1	2	2	0	0	0	1	8	1	2	4	11	0	8	5	6	5	10	13	4	7	0	1
S13M	0	0	0	0	0	0	0	0	0	0	0	0	0	0	0	0	0	0	0	0	0	0	0	0	0	0	0	0	0
S13F	2	7	4	3	0	0	0	1	0	0	0	0	0	7	0	0	0	0	0	1	4	6	1	3	0	0	3	0	2
S13P	16465	11449	12498	12148	2114	1876	2280	3738	2129	3561	2191	1306	798	7342	667	791	6753	7421	755	8346	10244	4998	629	7887	4199	569	10399	3025	2757
S13S	3387138	2437794	2602805	2491759	2946447	2564321	4632782	4483498	2743116	3790907	3410942	1342260	1689032	1533144	1496592	2061328	1480819	1526848	1767491	1916234	2281733	1409238	1469673	1690855	1404231	1414542	2072245	962522	4157401
S13T	12555	8365	9068	9235	2937	2729	3534	4372	3246	4449	3194	1876	1059	5493	1123	1338	5227	5548	1207	6696	9084	3889	925	5906	3508	969	8266	4291	4136
S13W	0	0	0	0	0	1	0	0	0	0	0	0	0	1	1	0	1	0	1	0	0	0	0	0	0	0	0	0	0
S13Y	2	2	1	0	0	0	0	0	0	0	1	0	0	2	0	0	0	2	0	0	2	1	0	0	0	0	2	0	0
S13V	0	0	0	1	0	0	0	0	0	0	0	0	0	0	0	0	0	0	0	0	0	0	4	1	0	0	2	0	0
S13X	16549	11849	10973	11673	1418	1684	1451	4200	1494	3385	2003	1247	628	7078	438	698	5364	8200	766	6448	4262	3922	157	6187	1007	420	10429	1245	2334
S13B	19	21	15	13	2	3	3	13	0	2	5	0	1	13	1	2	8	17	2	14	15	4	5	23	6	0	10	3	9
D14A	470	359	348	377	77	78	56	140	31	144	23	41	56	205	34	49	204	211	23	250	413	50	35	262	314	26	317	18	131
D14R	1	0	1	0	0	0	0	0	0	0	0	0	0	0	0	0	1	0	0	0	0	0	0	0	0	0	1	0	0
D14N	3411	2277	2472	2516	873	867	938	1181	887	936	667	271	274	1587	268	261	1466	1520	309	1830	2253	499	282	1582	519	221	2233	588	1005
D14D	3417739	2458844	2624541	2514638	2949536	2567688	4635993	4490196	2747217	3797972	3414210	1343513	1690022	1547715	1497534	2062662	1492734	1542049	1768654	1930841	2296101	1416150	1470418	1704272	1407886	1415480	2091998	968236	4162507
D14C	13	4	6	2	0	0	4	1	0	8	0	0	1	4	1	0	6	2	0	1	8	5	1	3	0	0	4	0	0
D14E	1429	962	1155	1004	486	476	546	702	243	599	541	181	118	680	155	160	578	700	182	748	925	741	200	641	1322	202	810	374	528
D14Q	0	0	0	0	0	0	0	0	0	0	0	0	0	0	0	0	0	0	0	0	0	0	0	0	0	0	0	0	0
D14G	9945	7139	7246	6480	1449	1215	1619	2412	1182	1802	1063	870	534	4171	601	774	4013	4495	583	4904	6106	3516	389	4349	2628	423	6136	2666	1789
D14H	133	68	123	117	36	22	42	58	71	136	18	40	16	46	11	7	67	52	10	90	100	10	10	59	52	11	85	13	34
D14I	2	6	9	0	0	0	0	0	0	0	0	0	2	8	0	0	6	8	0	9	5	1	0	3	0	0	4	0	0
D14L	2	4	1	0	1	0	0	0	0	0	0	0	0	1	0	0	0	0	0	0	0	0	0	0	0	0	0	0	0
D14K	6	3	0	2	0	0	0	1	0	0	0	0	0	6	0	0	5	8	0	7	3	8	0	3	8	0	9	0	1
D14M	0	0	0	0	0	0	0	0	0	0	0	0	0	0	0	0	0	0	0	0	0	0	0	0	0	0	0	0	0
D14F	9	3	5	0	0	0	2	2	1	0	0	0	0	6	0	0	1	2	0	1	5	6	0	3	5	1	2	2	0
D14P	0	0	0	0	0	0	0	0	0	0	0	0	0	0	0	0	0	0	0	0	0	0	0	0	0	0	0	0	0
D14S	99	69	57	67	3	7	2	23	0	0	0	9	0	46	2	1	57	46	2	34	47	1	1	54	18	4	64	2	3
D14T	0	0	0	0	0	0	0	2	0	0	0	0	0	0	0	0	1	0	0	0	0	0	1	0	0	0	0	0	0
D14W	0	0	0	0	0	0	0	0	0	0	0	0	0	0	0	0	0	0	0	0	0	0	0	0	0	0	0	0	0
D14Y	1646	1193	1132	1239	403	237	479	611	341	370	568	238	87	690	85	119	593	784	126	906	1140	385	169	809	377	167	1007	342	257
D14V	3278	2245	2394	2501	799	718	1299	1861	851	2014	2020	1917	710	1417	426	549	1442	1453	629	1815	2368	2056	150	1401	1254	186	1995	1327	1316
D14X	0	0	0	0	0	0	0	0	0	0	0	0	0	0	0	0	0	0	0	0	0	0	0	0	0	0	0	0	0
D14B	8	2	6	0	0	0	0	0	0	0	8	0	0	5	0	0	3	3	0	1	0	0	0	1	0	0	2	0	0
F15A	0	0	0	0	0	0	1	0	0	0	0	0	0	0	0	0	0	0	0	0	1	0	0	0	0	0	0	0	0
F15R	3	0	1	1	0	0	0	0	0	0	0	0	0	0	0	0	0	0	0	0	2	0	0	0	0	0	1	0	0
F15N	20	4	6	4	2	1	1	3	0	0	0	1	0	7	0	8	3	13	0	5	8	0	0	8	5	1	6	0	0
F15D	0	3	1	0	0	0	0	0	0	0	0	0	0	2	2	0	0	0	0	0	0	0	0	0	0	0	2	0	0
F15C	1062	733	701	690	76	99	123	187	47	192	318	59	30	417	53	48	386	495	37	503	623	268	20	457	86	19	621	79	89
F15E	0	0	0	0	0	0	0	0	0	0	0	0	0	0	0	0	0	0	0	0	0	0	0	0	0	0	0	0	0
F15Q	0	0	0	0	0	0	0	0	0	0	0	0	0	0	0	0	0	0	0	0	0	0	0	0	0	0	0	0	0
F15G	0	1	0	0	0	4	0	0	0	0	0	0	0	0	0	0	0	0	0	0	0	0	0	0	0	0	0	0	0
F15H	13	12	18	15	5	0	0	5	0	3	0	2	1	15	0	2	9	5	0	9	7	3	0	12	1	4	9	0	0
F15I	7443	5070	5504	5608	1097	1108	1215	2039	1162	1953	2388	596	350	3298	373	474	3136	3318	406	3767	4495	2151	350	3292	2131	366	4579	1398	1588
F15L	15509	10927	11377	10828	2713	2482	3372	4765	4035	3982	3108	1658	1274	6667	944	1250	6231	6858	968	7593	8886	5046	826	6973	5553	829	9653	4891	3639
F15K	0	0	0	0	0	0	0	0	0	0	0	0	0	0	0	0	0	0	0	0	0	0	0	0	0	0	0	0	0
F15M	0	0	0	2	0	0	0	1	0	0	0	0	0	0	0	0	0	1	0	1	0	0	0	0	0	0	2	0	0
F15F	3386496	2437274	2601656	2492187	2947094	2564958	4633387	4484265	2743125	3792866	3401487	1342276	1688831	1534022	1496648	2061522	1480190	1527942	1767897	1916195	2279409	1407509	1469745	1690405	1398309	1414770	2072178	958270	4158287
F15P	25	20	28	23	0	5	0	2	0	0	0	0	2	23	0	0	9	7	0	9	18	74	1	6	0	0	11	1	9
F15S	14953	10573	11289	10419	1378	1358	1532	3143	1288	2781	2482	1256	644	6690	509	689	6147	6976	567	7202	8735	4685	393	6808	4290	378	9703	4408	1988
F15T	12	6	8	14	0	0	0	3	0	0	3	60	0	2	0	1	3	3	0	8	10	0	1	5	4	1	3	0	1
F15W	0	0	0	0	0	0	0	0	0	0	0	0	0	0	0	0	0	0	0	1	0	0	0	0	0	0	0	0	0
F15Y	11497	7788	8088	8307	1161	1152	1225	2459	1116	2133	9169	1095	630	4917	516	525	4547	5158	571	5589	6607	3523	270	4975	3751	309	7172	4424	1724
F15V	1087	725	787	825	134	141	123	300	51	71	151	77	58	506	72	63	499	518	70	525	651	159	49	462	240	42	711	96	246
F15X	67	41	29	20	3	0	1	18	0	0	12	0	0	18	0	0	17	37	2	30	20	10	1	39	13	2	16	1	0
F15B	4	1	3	0	0	0	0	0	0	0	0	0	0	3	0	0	0	2	0	0	2	0	0	0	0	0	0	0	0
G16A	841	547	679	714	126	66	94	228	165	258	120	128	54	371	37	37	366	341	19	440	565	224	34	401	287	36	563	447	74
G16R	13152	8367	9554	9227	1109	1100	1167	2408	1593	1960	1797	927	371	5508	292	491	5074	5380	369	6564	8053	4852	332	5913	3151	282	8300	3525	1558
G16N	0	0	0	0	0	0	0	0	0	0	0	0	0	0	0	0	0	0	0	0	0	0	0	0	0	0	0	0	0
G16D	228	149	158	80	5	16	30	72	2	69	12	12	41	123	21	15	107	117	32	95	67	235	3	83	3	4	133	0	18
G16C	14	9	12	13	2	0	1	0	1	1	1	0	5	6	1	1	0	7	0	6	10	6	0	14	1	1	4	0	0
G16E	7724	5156	5335	5459	1085	995	1377	2227	1715	2955	2978	1956	642	3033	410	503	3052	3145	559	3712	4921	3130	237	3281	2155	253	5191	2671	1619
G16Q	0	0	0	0	0	0	0	0	0	0	0	0	0	0	0	0	0	0	0	0	0	0	0	0	0	0	2	0	0
G16G	3400848	2448095	2611136	2500382	2949837	2567306	4636047	4488506	2745711	3796325	3412389	1342296	1690160	1540808	1497815	2062825	1485950	1535256	1768804	1921038	2284797	1407774	1470461	1696489	1404027	1415586	2080893	963046	4162542
G16H	0	0	0	0	0	0	0	0	0	0	0	0	0	0	0	0	0	0	0	0	0	0	0	0	0	0	0	0	0
G16I	0	0	0	0	0	0	0	0	0	0	0	0	0	0	0	0	0	0	0	0	0	0	0	0	0	0	0	0	0
G16L	50	20	23	1	0	1	2	7	6	0	3	0	0	25	0	0	21	25	0	34	11	13	1	21	17	4	19	4	0
G16K	39	30	28	20	39	111	2	19	11	4	11	24	5	20	5	22	16	27	8	17	13	3	0	10	6	3	14	0	3
G16M	22	15	27	12	1	2	0	3	1	0	0	0	0	13	0	0	6	9	0	22	9	9	1	19	2	0	16	3	0
G16F	0	0	0	0	0	0	0	0	0	0	0	0	0	0	0	0	0	0	0	1	0	1	0	0	0	0	0	0	0
G16P	0	0	0	0	0	0	0	0	0	0	0	0	0	0	0	0	0	0	0	0	0	0	0	0	0	0	0	0	0
G16S	43	16	37	40	1	3	1	5	26	0	0	10	1	17	1	2	14	15	0	28	23	1087	1	17	4	0	40	21	4
G16T	0	3	2	0	2	0	1	1	0	0	1	1	0	0	0	0	0	0	0	2	3	0	0	0	0	0	0	0	0
G16W	6365	4633	5608	5820	660	751	1220	1617	684	1062	739	872	226	2980	246	303	2836	3028	328	4180	5024	3088	260	3154	3082	238	4096	1369	641
G16Y	0	0	0	0	0	0	0	0	0	0	0	0	0	0	0	0	0	1	0	0	0	1	0	0	0	0	0	0	0
G16V	8572	5988	6738	7021	784	944	1026	2050	888	1347	1067	848	310	3581	287	375	3673	3844	392	5199	5899	2997	325	3942	1644	308	5217	2472	1088
G16X	257	120	147	150	12	13	12	46	20	0	0	6	5	85	2	7	53	127	4	90	69	2	1	79	0	6	159	1	24
G16B	36	30	12	4	0	0	0	1	1	0	0	0	0	17	0	1	9	11	3	9	10	6	0	19	4	0	20	9	0
V17A	16653	11895	12343	11998	2352	2186	2871	4622	2515	4483	3549	1630	1422	7279	1003	1294	6697	7242	1103	8349	9855	4000	645	7399	5444	700	10658	5943	3784
V17R	3	1	0	2	0	0	0	0	0	0	0	0	0	1	0	0	1	2	0	0	6	0	0	0	0	0	3	0	0
V17N	0	0	0	0	0	0	0	0	0	0	0	0	0	0	0	0	0	0	0	0	0	0	0	0	0	0	0	0	0
V17D	4	3	3	3	0	0	0	1	2	0	1	0	0	1	0	0	1	1	1	2	1	2	0	0	0	0	0	1	0
V17C	0	0	0	0	0	0	0	0	0	0	0	0	0	0	0	0	0	0	0	0	0	0	0	0	0	0	0	0	0
V17E	9741	6713	6732	6309	2078	1703	3781	6213	2938	10022	7685	5060	2510	4024	1151	1690	3806	4242	2146	4595	4836	5093	249	3968	3780	452	6461	5680	3855
V17Q	0	0	3	0	0	0	0	0	0	0	0	0	0	0	0	0	0	1	0	0	0	0	0	0	0	0	0	0	0
V17G	1494	1070	1092	1049	134	125	171	349	122	276	88	178	43	638	45	83	598	706	37	778	834	182	51	676	241	49	1001	216	274
V17H	0	0	0	0	0	0	0	0	0	0	0	0	0	0	0	0	0	0	0	0	0	0	0	0	0	0	0	0	0
V17I	17	3	4	2	4	4	3	5	0	0	1	2	1	11	3	2	4	3	2	9	7	4	1	6	0	0	4	3	0
V17L	2140	1596	1685	1658	863	643	1105	1295	577	779	608	324	224	943	279	310	884	937	257	1113	1264	287	215	960	344	260	1328	243	908
V17K	6	4	4	1	0	0	0	2	0	30	1	1	0	4	0	0	1	1	0	2	3	1	0	1	0	0	0	0	1
V17M	13641	9466	9534	8841	3561	3253	4438	6327	3925	6363	7101	3997	2690	5675	1463	2191	5178	6030	2071	6270	6595	4081	831	5615	3028	978	8870	6129	5384
V17F	2	1	1	0	1	0	0	1	0	1	0	0	0	1	0	0	2	1	0	1	1	0	1	1	0	0	0	0	0
V17P	0	0	0	0	0	0	0	0	0	0	0	0	0	0	0	0	0	0	0	1	0	0	0	0	9	0	0	0	0
V17S	13	7	8	1	2	0	1	5	6	0	2	0	0	3	0	0	7	8	0	8	3	4	1	10	9	0	5	3	0
V17T	18	16	19	17	0	0	2	6	0	1	0	0	0	4	1	0	9	9	1	5	11	11	1	7	2	0	15	3	2
V17W	0	0	0	0	0	0	0	0	0	0	0	0	0	0	0	0	0	1	0	3	0	1	0	0	1	0	0	0	0
V17Y	0	0	0	0	0	0	0	0	0	0	0	0	0	0	0	0	0	0	0	0	0	0	0	0	0	0	0	0	0
V17V	3394453	2442394	2608064	2499058	2944668	2563394	4628606	4478362	2740739	3782025	3400082	1335888	1684930	1538002	1495172	2059012	1483988	1532149	1764900	1920299	2286057	1409761	1469661	1694799	1401525	1414282	2076322	955347	4153363
V17X	0	0	0	0	0	0	0	0	0	0	0	0	0	0	0	0	0	0	0	0	0	0	0	0	0	0	0	0	0
V17B	6	9	4	4	0	0	2	2	0	1	0	0	0	1	0	0	1	0	0	2	1	1	0	0	0	0	0	0	0
R18A	0	0	6	1	0	0	0	0	0	1	0	0	0	2	0	0	1	0	0	5	0	0	0	1	0	0	1	0	0
R18R	3387057	2437539	2600713	2490557	2943442	2562301	4627962	4480494	2740870	3787020	3404254	1339469	1686347	1534564	1494974	2059630	1480041	1528963	1764665	1914584	2275618	1403102	1468985	1690288	1398028	1413765	2071546	955423	4152972
R18N	16	11	10	3	2	5	4	7	1	0	3	1	1	6	1	1	8	9	2	6	2	2	1	8	8	1	4	1	3
R18D	0	0	0	0	0	0	0	0	0	0	0	0	0	0	0	0	0	0	0	0	0	0	0	0	0	0	0	0	0
R18C	56	45	60	54	2	7	2	12	0	0	7	1	0	6	2	1	43	25	1	26	24	22	0	19	2	0	40	1	25
R18E	14	25	31	37	5	3	3	10	1	1	15	1	0	8	2	2	12	7	1	21	10	0	0	14	0	0	26	4	5
R18Q	2	3	9	0	1	1	0	3	0	1	0	0	0	0	0	0	0	0	0	0	1	0	0	0	0	0	4	0	0
R18G	14400	9838	10543	10107	4223	3264	5651	5701	3252	6012	6535	3514	2784	6210	1809	1825	5717	6097	3482	7000	8901	9543	775	6405	6759	973	9018	7146	6193
R18H	0	0	0	0	0	0	0	0	0	0	0	0	0	0	0	0	0	0	0	0	0	0	0	0	0	0	0	0	0
R18I	107	82	84	38	0	3	7	19	8	39	6	1	2	60	3	2	52	53	7	47	82	33	8	71	19	5	86	18	3
R18L	14	7	15	9	1	0	1	4	2	0	0	4	1	10	0	3	5	11	0	9	11	5	3	7	0	3	4	0	2
R18K	8439	5998	6053	5975	2108	2014	2657	3165	2389	3348	3378	1636	922	3302	775	1215	3177	3626	876	3726	4174	1881	558	3659	1995	690	5563	1723	3209
R18M	5872	4214	5103	5026	1143	1018	1352	1989	1105	1728	1239	506	420	2527	349	404	2657	2796	379	3984	4889	2332	394	2803	1336	352	3765	2083	1327
R18F	0	0	0	0	0	0	0	0	0	0	0	0	0	0	0	0	0	0	0	0	0	0	0	0	0	0	0	0	0
R18P	0	1	0	0	0	0	0	0	0	0	0	0	0	0	0	0	0	0	0	0	0	0	0	0	0	0	0	0	0
R18S	9289	6276	6760	6961	1607	1498	1954	2915	1515	2938	1473	1057	698	4001	655	856	3868	4143	629	4824	5983	1898	464	4221	2201	536	5972	2775	2076
R18T	938	682	826	758	157	158	161	265	397	235	345	65	57	473	84	79	419	424	41	522	611	210	45	460	866	62	628	200	191
R18W	11386	8063	8857	8974	902	978	1172	2491	1273	2410	1833	792	558	5194	443	553	5004	4920	406	6421	8986	4337	415	5283	3143	329	7513	4154	1412
R18Y	0	0	0	0	0	0	0	0	0	0	0	0	0	0	0	0	0	0	0	0	0	0	0	0	0	0	0	0	0
R18V	35	14	25	24	0	3	6	3	0	0	0	0	2	11	1	1	20	18	0	20	25	2	0	19	0	0	23	28	10
R18X	458	307	334	350	44	36	21	93	11	223	27	24	25	182	4	9	109	200	21	189	106	42	0	151	8	3	411	12	87
R18B	108	73	67	69	26	19	27	19	0	25	3	9	3	31	15	1	44	41	8	53	51	19	8	33	18	2	63	0	56
V19A	13224	9461	9988	9852	2275	2183	2747	4050	2524	3407	2356	1373	892	6029	742	902	5356	5881	870	6674	8179	3700	603	6205	2644	629	8273	2818	3159
V19R	0	0	0	0	0	0	0	0	0	0	0	0	0	0	0	0	0	0	0	1	0	0	0	0	0	0	0	0	1
V19N	0	0	0	0	0	0	0	0	0	0	0	0	0	0	0	0	0	0	0	0	0	0	0	0	0	0	0	0	0
V19D	10	0	3	0	0	0	0	1	0	0	0	0	0	1	0	0	0	0	0	1	1	0	0	1	1	0	1	0	0
V19C	0	0	0	0	0	0	0	0	0	0	0	0	0	0	0	0	0	0	0	0	0	0	0	0	0	0	0	0	0
V19E	7852	5132	5870	5397	580	588	725	1346	822	1053	736	514	273	3315	178	270	3123	3526	223	3694	4542	3240	194	3476	2415	179	4790	2268	840
V19Q	0	0	0	2	0	0	0	0	0	0	0	0	0	0	0	0	0	0	0	0	0	0	0	1	0	0	0	0	0
V19G	873	606	665	659	77	60	57	174	65	58	67	53	28	354	45	28	381	401	22	441	557	97	22	400	95	24	521	83	83
V19H	0	0	0	0	0	0	0	0	0	0	0	0	0	0	0	0	0	0	0	0	0	0	0	0	0	0	0	0	0
V19I	15	3	5	6	9	15	6	6	1	1	1	2	2	3	0	3	0	5	6	9	3	3	1	3	7	0	11	2	2
V19L	2061	1484	1461	1657	496	451	688	878	604	822	520	293	142	859	172	205	851	848	152	1135	1510	742	182	1007	1596	182	1239	796	565
V19K	1	0	1	2	0	0	0	0	0	0	0	0	0	1	0	0	0	0	0	0	2	0	0	2	0	0	1	0	0
V19M	10503	7066	7152	7286	2218	1798	3127	4451	3346	4269	3616	2748	1537	4669	1127	1543	4190	4772	1632	5078	6215	7743	515	4637	4227	561	6440	2846	3558
V19F	0	1	1	0	2	0	1	0	0	2	0	0	0	1	0	0	0	0	1	0	1	0	0	0	2	0	0	0	0
V19P	0	0	0	0	0	0	0	0	0	0	0	0	0	0	0	0	0	0	0	0	0	1	0	0	1	0	1	0	0
V19S	18	12	7	4	0	0	2	0	0	0	1	1	0	9	0	0	6	15	0	11	7	7	0	19	2	0	10	2	0
V19T	22	25	22	20	2	1	1	2	0	15	0	6	0	13	0	2	11	11	0	21	25	17	1	14	0	1	22	0	5
V19W	0	0	0	0	0	0	0	0	0	0	0	0	0	0	0	0	2	0	0	0	0	0	0	0	0	0	0	0	0
V19Y	0	0	0	0	0	0	0	0	0	0	0	0	0	0	0	0	0	0	0	0	0	0	0	0	0	0	0	0	0
V19V	3403604	2449386	2614321	2504057	2948004	2566212	4633626	4486281	2743462	3794354	3411821	1342090	1688946	1541325	1496853	2061629	1487257	1535874	1767612	1924369	2288430	1407878	1470138	1697674	1403393	1415145	2083356	964753	4159355
V19X	0	0	0	0	0	0	0	0	0	0	0	0	0	0	0	0	0	0	0	0	0	0	0	0	0	0	0	0	0
V19B	8	2	0	1	0	0	0	1	0	0	0	0	0	8	0	0	0	0	0	3	2	0	0	2	0	0	2	0	3
F20A	5	1	3	3	1	0	0	1	0	0	0	0	0	1	0	0	0	2	0	2	6	0	0	1	0	0	6	0	2
F20R	10	7	2	6	0	0	0	2	0	8	0	0	0	7	1	0	6	1	0	2	1	0	1	3	0	0	6	0	0
F20N	2	5	3	4	0	0	1	1	0	0	0	0	0	3	0	1	3	3	0	2	10	0	0	8	2	0	3	0	0
F20D	0	1	0	1	0	0	0	0	0	0	0	0	0	1	0	0	1	0	0	0	4	0	0	4	0	0	2	0	0
F20C	951	674	639	600	87	83	88	159	100	81	78	63	37	375	24	41	340	429	46	520	551	100	26	477	79	25	505	82	85
F20E	0	0	0	0	0	0	0	0	0	0	0	0	0	0	0	0	0	0	0	0	0	0	0	0	0	0	0	0	0
F20Q	0	2	1	1	0	0	0	0	0	0	0	0	0	1	0	0	0	0	1	1	0	0	0	1	0	0	0	0	0
F20G	0	0	0	0	0	0	0	0	0	0	0	0	0	0	0	0	0	0	0	0	0	0	0	0	0	0	0	0	0
F20H	40	26	48	26	2	0	5	4	0	1	5	0	1	11	1	1	16	26	1	19	24	6	0	13	1	1	16	0	2
F20I	6221	4288	4527	4372	660	511	709	1529	1031	1554	963	747	325	2683	207	347	2466	2724	321	2982	3501	1808	158	2671	1161	154	3785	1544	938
F20L	28959	20784	21534	21516	3236	2836	3449	6856	6595	6879	3558	2834	1479	12996	1165	1488	11644	12972	1369	14603	18263	12806	869	13367	8259	821	18272	7432	4618
F20K	0	0	0	0	0	0	0	0	0	0	0	0	0	0	0	0	0	0	0	0	0	0	0	0	0	0	0	0	0
F20M	0	0	2	0	0	0	0	0	0	0	0	0	0	0	0	0	0	0	0	1	0	0	0	1	0	0	0	0	0
F20F	3374302	2427254	2593322	2484125	2945624	2563853	4632353	4481962	2738086	3788250	3410752	1340586	1688419	1528572	1496394	2061078	1475805	1522693	1767153	1910268	2272947	1401107	1469498	1685091	1398203	1414507	2065090	957860	4156504
F20P	67	37	56	40	0	4	1	9	1	1	9	1	1	18	0	1	17	23	1	19	35	1	1	25	1	3	25	9	11
F20S	18908	14022	13096	11928	1800	1912	2082	3476	2975	4085	2021	1886	757	8103	588	783	7336	8573	967	8722	9077	5068	477	7952	4390	496	11746	5405	2318
F20T	8	7	14	3	0	1	0	4	2	1	0	0	2	2	1	1	1	3	1	7	8	0	0	7	0	0	4	21	7
F20W	0	0	0	0	0	0	0	0	0	0	0	0	0	0	0	0	1	0	0	0	0	0	0	0	0	0	0	0	0
F20Y	7168	4909	5106	5168	2090	1918	2093	2804	1795	2676	1545	874	700	3123	688	768	2952	3180	580	3559	4259	2023	579	3131	1956	673	4241	970	2782
F20V	1213	916	942	943	150	160	189	323	234	362	174	80	94	597	44	68	493	600	71	602	696	492	46	597	275	38	772	239	265
F20X	236	173	131	142	13	20	10	46	5	5	13	7	5	62	1	2	62	61	6	94	57	16	1	61	0	3	135	0	28
F20B	101	72	70	65	0	10	0	14	0	78	0	2	0	32	3	3	34	43	1	34	35	1	0	32	56	0	59	6	11
Q21A	0	0	0	0	0	0	0	0	0	0	0	0	0	0	0	0	0	0	0	0	0	0	0	0	0	0	0	0	0
Q21R	21179	14952	16136	15394	6553	5795	8170	11237	6450	11571	8738	5235	3274	9586	2830	3457	8561	9542	3984	11018	13685	8372	1621	9864	7901	2031	13039	6775	8978
Q21N	7	4	5	3	0	0	2	3	0	0	0	0	0	0	0	0	6	2	1	3	0	0	0	1	3	0	5	0	0
Q21D	0	0	0	1	0	0	0	0	0	0	0	0	0	0	0	0	0	0	0	0	0	0	0	0	0	0	0	0	0
Q21C	0	0	0	0	0	0	0	0	0	0	0	0	0	0	0	0	0	0	0	0	0	0	0	0	0	0	0	0	0
Q21E	122	88	131	118	52	26	80	59	26	35	32	19	10	63	13	13	44	45	11	67	92	16	12	59	19	10	58	45	31
Q21Q	3361377	2421367	2586291	2477230	2918475	2539350	4609810	4455707	2717576	3754956	3393412	1332179	1678225	1523146	1489485	2053459	1471570	1516576	1753982	1905369	2273631	1399939	1467981	1680753	1395276	1409660	2058761	950845	4119871
Q21G	0	0	0	0	0	0	0	0	1	1	0	0	0	0	0	0	0	0	0	0	0	2	0	2	0	0	1	0	0
Q21H	6828	4702	5042	4682	1330	1140	1704	2270	1013	1608	1537	744	496	2928	466	637	2870	3263	541	3614	4176	2685	497	3289	2076	452	4246	1365	1649
Q21I	0	0	0	0	0	0	0	0	0	0	0	0	0	0	0	0	0	0	0	0	0	0	0	0	0	0	0	0	0
Q21L	9637	6765	7036	6778	1484	1463	2024	3144	1777	2261	3259	1257	939	4363	775	1007	4151	4352	814	5365	7454	4759	562	4633	2273	534	6209	2013	2490
Q21K	1184	891	1015	886	507	425	551	609	529	311	208	147	108	602	160	218	533	567	196	691	783	232	171	624	211	177	720	534	549
Q21M	10	3	3	4	1	0	0	5	0	0	0	0	0	5	0	0	2	3	0	3	1	2	1	1	8	0	2	0	0
Q21F	0	0	0	0	0	0	0	0	0	0	0	0	0	0	0	0	0	0	0	0	0	0	0	0	0	0	0	0	0
Q21P	1757	1290	1270	1241	195	183	183	438	251	252	206	82	118	877	95	100	797	934	65	1011	1025	355	52	848	489	59	1097	230	287
Q21S	1	0	1	4	0	1	0	0	0	0	0	0	0	3	0	0	0	3	0	1	2	0	0	4	0	0	4	0	0
Q21T	2	2	0	0	1	0	0	0	0	0	0	0	0	0	0	0	0	2	0	0	0	0	0	0	0	0	0	0	0
Q21W	9	4	7	6	4	2	0	7	3	8	1	2	0	3	1	0	2	10	1	2	10	1	3	4	11	2	3	0	8
Q21Y	5	8	8	7	3	2	2	6	1	0	0	0	0	4	0	1	2	1	3	3	4	0	2	1	1	0	2	2	1
Q21V	0	0	0	0	0	0	0	0	0	0	0	0	0	0	0	0	0	0	0	0	0	0	0	0	0	0	0	0	0
Q21X	76	39	46	46	7	11	5	6	0	14	1	0	0	35	2	0	25	39	1	23	19	2	1	22	0	0	30	0	9
Q21B	35997	23063	22505	22543	25051	22910	18449	23699	23197	32964	11724	7415	8650	14972	5290	5690	12614	15994	10919	14267	8592	7063	752	13336	6115	3796	20490	11759	33698
Q22A	0	0	0	0	0	0	0	0	0	0	0	0	0	1	0	0	0	0	0	0	0	0	0	2	1	0	0	0	0
Q22R	20670	14344	15102	14356	3722	3348	4415	6838	4544	8214	4620	2916	2089	9316	1560	1911	8498	9592	1969	9829	11582	7732	1058	9535	5134	1117	12554	6276	5129
Q22N	5	1	3	8	1	1	2	2	0	0	1	0	0	1	1	1	3	4	1	2	2	0	0	3	0	0	9	0	1
Q22D	0	0	0	0	0	0	0	0	0	1	0	0	0	0	0	0	1	0	0	1	0	0	0	0	0	0	0	0	0
Q22C	0	0	0	0	0	0	0	0	0	0	0	0	0	0	0	0	0	0	0	0	0	0	0	0	0	0	0	0	0
Q22E	1194	749	862	845	292	209	362	517	387	370	281	139	206	538	162	181	478	516	142	618	595	376	95	485	257	99	685	171	349
Q22Q	3342130	2407882	2570743	2461433	2909970	2532424	4601148	4450123	2706302	3741263	3375708	1328857	1673692	1514440	1485922	2050877	1462670	1508546	1751827	1896568	2256810	1380337	1464385	1671832	1384333	1407938	2046813	937158	4108821
Q22G	8	8	6	0	0	1	1	2	1	0	0	0	0	3	1	0	1	0	0	3	2	0	0	2	1	0	2	2	1
Q22H	11519	8202	8520	8924	2899	2719	3492	4660	1999	4607	5461	1928	1646	5174	1387	2127	4691	5472	1590	5853	7163	3506	822	5288	4442	912	7051	3039	4136
Q22I	0	0	0	0	0	0	0	0	0	0	0	0	0	0	0	0	0	0	0	0	0	0	0	0	0	0	0	0	0
Q22L	16655	11636	11979	12357	2601	2666	3865	5830	3612	6031	9322	3292	1792	7750	1281	1647	6860	7568	1680	8563	10826	18885	930	7619	7519	865	10277	9962	4416
Q22K	3444	2483	2570	2758	848	823	1095	1607	898	1779	1769	500	395	1597	373	616	1386	1504	466	1901	2200	1954	342	1577	1253	339	2218	505	1124
Q22M	16	6	14	11	3	1	3	3	0	1	0	0	0	4	0	0	8	10	5	8	7	2	2	8	5	4	8	1	1
Q22F	0	0	0	0	0	0	0	0	0	0	0	0	0	0	0	0	0	0	0	0	0	0	0	0	0	0	0	0	0
Q22P	1825	1223	1410	1290	174	164	290	417	488	563	444	374	79	890	67	125	761	818	90	886	1058	568	84	854	778	76	1142	369	280
Q22S	6	5	8	8	1	1	3	3	1	2	1	0	0	1	1	0	3	4	1	4	5	0	1	7	1	0	2	0	0
Q22T	0	1	0	1	0	0	0	0	0	0	0	0	0	0	2	0	4	0	0	0	2	0	0	1	0	0	3	0	0
Q22W	73	58	67	64	11	10	9	8	8	22	70	1	1	32	5	1	42	22	5	27	33	11	3	31	8	3	43	9	14
Q22Y	19	18	12	24	4	5	1	11	3	2	15	0	0	8	0	1	7	11	1	4	9	3	2	11	17	2	15	3	31
Q22V	3	1	3	1	2	0	0	2	0	0	0	0	0	1	0	1	1	2	0	3	2	1	0	0	0	7	3	0	0
Q22X	130	74	100	84	4	10	18	13	1	25	13	11	3	49	0	5	44	52	1	41	23	10	1	53	2	1	82	0	24
Q22B	40494	26487	28097	26779	33131	28926	26276	27154	32580	41101	21413	9062	11917	16782	8355	7089	15719	17212	12740	17126	19155	10043	3931	16134	10632	5358	23760	16073	43244
V23A	16731	11618	12362	11991	3168	2733	3525	5081	3849	6444	2993	1992	1463	7747	1109	1519	6973	7461	1760	8556	10750	5848	835	7632	6202	830	10572	5313	4478
V23R	0	0	0	1	0	0	0	0	0	0	0	0	0	0	0	0	0	0	0	0	0	0	0	0	0	0	0	0	0
V23N	0	0	0	0	0	0	0	0	0	0	0	0	0	0	0	0	0	0	0	0	0	0	0	0	0	0	0	0	0
V23D	3	3	7	1	0	0	0	2	0	1	0	0	0	1	0	0	3	1	0	3	2	1	0	1	4	0	0	0	0
V23C	0	0	0	0	0	0	0	0	0	0	0	0	0	0	0	0	0	0	0	0	0	0	0	0	0	0	0	0	0
V23E	11905	8395	8085	7827	1721	1396	2195	3781	2770	5489	4620	2679	1457	5511	953	1110	4965	5579	1470	5900	6420	8024	323	5351	15367	453	7649	4685	2998
V23Q	0	1	0	0	0	0	0	0	0	0	0	0	0	0	0	0	0	0	0	0	1	0	0	0	0	0	0	0	0
V23G	870	633	666	642	96	69	100	166	78	191	243	125	27	452	29	23	367	408	19	474	558	403	27	460	99	13	604	124	75
V23H	0	0	0	0	0	0	0	0	0	0	0	0	0	0	0	0	0	0	0	0	0	0	0	0	0	0	0	0	0
V23I	31	16	17	13	8	2	4	2	0	0	12	0	3	11	0	0	7	9	0	9	16	2	0	7	14	1	10	0	2
V23L	1475	1026	1039	1263	409	277	545	779	229	631	342	294	178	724	95	190	622	681	164	786	814	198	138	704	511	150	951	610	484
V23K	21	10	13	17	5	0	1	3	0	1	0	1	0	7	2	0	5	13	4	9	24	0	0	12	0	0	12	0	0
V23M	7260	4879	5222	5385	1106	1064	1117	1947	1243	1631	1424	799	407	3288	442	487	3086	3319	423	3547	4688	2152	338	3261	1733	320	4645	2148	1624
V23F	10	7	1	2	1	0	1	0	0	1	0	1	0	0	0	0	1	0	1	3	0	2	0	1	1	0	1	0	0
V23P	0	0	1	1	0	0	0	0	0	0	0	0	0	2	0	0	0	1	0	0	2	0	0	0	0	0	1	0	0
V23S	14	3	12	3	1	1	1	1	1	0	0	1	0	9	0	0	3	2	1	4	5	2	1	9	4	2	10	0	2
V23T	10	11	5	12	1	2	0	1	0	0	4	0	2	6	0	0	8	6	0	14	14	1	2	10	0	0	11	7	1
V23W	0	0	0	2	0	0	0	0	0	0	0	0	0	2	0	0	4	0	1	1	0	0	1	0	0	0	0	0	0
V23Y	0	0	0	0	0	0	0	0	0	0	0	0	0	0	0	0	0	0	0	0	0	0	0	0	0	0	0	0	0
V23V	3399849	2446569	2612063	2501778	2947145	2565764	4633488	4485427	2742653	3789592	3409480	1341185	1688283	1538826	1496486	2061251	1485131	1533847	1766675	1922126	2286172	1406792	1469991	1695989	1390446	1414951	2080201	960680	4157905
V23X	0	0	0	0	0	0	0	0	0	0	0	0	0	0	0	0	0	0	0	0	0	0	0	0	0	0	0	0	0
V23B	12	7	3	5	2	0	3	0	1	0	0	3	0	1	1	2	2	6	0	5	8	3	0	5	2	1	0	1	2
A24A	3405880	2451551	2616020	2505204	2945180	2563427	4630835	4484344	2741725	3790441	3410999	1342662	1688591	1542673	1496162	2060843	1488301	1537211	1767183	1925133	2288890	1412246	1468924	1698649	1405679	1413911	2084532	968022	4155918
A24R	3	0	0	0	3	0	1	0	0	0	0	0	0	0	0	0	0	2	0	0	1	1	0	3	0	0	0	0	0
A24N	0	0	0	0	0	0	0	0	0	0	0	0	0	0	0	0	0	0	0	0	0	0	0	0	0	0	0	0	0
A24D	3	1	0	1	0	0	0	2	0	0	0	0	0	0	0	0	2	0	0	0	0	0	0	2	1	0	2	0	1
A24C	0	0	0	0	0	0	0	0	0	0	0	0	0	0	0	0	0	0	1	0	0	0	0	0	0	0	0	0	0
A24E	2312	1436	1671	1556	388	398	803	805	382	1616	274	195	127	953	148	222	903	1016	204	1285	1369	934	176	1084	1153	181	1291	327	479
A24Q	0	0	0	1	0	0	0	1	0	0	0	0	0	0	0	0	1	0	0	0	0	0	0	0	0	0	0	1	0
A24G	636	472	460	551	151	138	206	257	96	155	214	107	68	253	49	54	240	264	62	309	411	400	56	291	140	45	415	84	156
A24H	0	0	0	0	0	0	0	0	0	0	0	0	0	0	0	0	0	0	0	0	0	0	0	0	0	0	0	0	0
A24I	0	0	0	0	0	0	0	0	0	0	0	0	0	0	0	0	0	1	1	0	0	0	0	0	0	0	0	0	0
A24L	11	2	5	7	0	2	2	3	0	3	1	0	0	1	2	0	2	1	1	8	5	1	2	9	1	2	6	0	3
A24K	2	5	4	2	0	0	0	0	0	0	0	0	0	2	1	0	2	3	0	4	2	1	0	7	0	1	3	0	3
A24M	28	17	14	16	1	12	5	8	18	0	8	3	0	8	5	2	7	12	4	8	21	0	1	5	6	1	9	5	2
A24F	0	0	0	0	0	0	0	0	0	0	0	0	0	0	0	0	0	0	0	0	0	0	0	0	0	0	0	0	0
A24P	656	454	494	505	51	69	58	148	32	58	57	77	54	271	19	30	289	328	22	305	401	483	28	331	139	29	464	806	140
A24S	3157	2129	2176	2316	885	656	1121	1375	898	1068	702	575	362	1360	414	390	1204	1370	396	1580	1769	893	271	1340	534	323	1918	394	1182
A24T	8289	5607	6105	6201	1747	1760	2298	2986	1903	2612	2154	1154	908	3583	617	929	3296	3715	702	4310	5318	2100	622	3770	1620	646	5347	1657	2416
A24W	0	0	2	0	0	0	0	0	0	0	0	0	0	0	0	0	0	0	0	1	0	0	0	0	0	0	1	0	0
A24Y	0	0	0	0	0	0	0	0	0	0	0	0	0	0	0	0	0	0	0	0	0	0	0	0	0	0	0	0	0
A24V	17209	11502	12544	12580	5257	4839	5651	7260	5770	8021	4709	2305	1708	7480	1700	2112	6926	7410	1940	8492	11285	6369	1576	7951	5110	1582	10677	2272	7271
A24X	0	0	0	0	0	0	0	0	0	0	0	0	0	0	0	0	0	0	0	0	0	0	0	0	0	0	0	0	0
A24B	5	2	1	3	0	7	0	1	0	7	0	2	2	3	0	0	4	0	2	2	2	0	0	0	0	0	2	0	0
Q25A	0	0	0	0	0	0	0	0	0	0	0	0	0	0	0	0	0	0	0	0	0	0	0	0	0	0	0	0	0
Q25R	6313	4366	4634	4919	1908	1618	2487	2876	2161	2864	2794	1159	655	2674	728	948	2395	2565	814	2888	4252	6834	674	2772	2077	642	3405	1913	2457
Q25N	1	1	0	0	1	0	0	0	0	0	0	0	2	0	0	1	0	1	0	1	0	0	0	0	1	0	0	0	0
Q25D	0	0	0	0	0	0	0	1	0	0	0	0	0	0	0	0	0	0	0	1	0	0	0	0	0	0	0	0	0
Q25C	0	0	0	0	0	0	0	0	0	0	0	0	0	0	0	0	0	0	0	0	0	0	0	0	0	0	0	0	0
Q25E	124	91	95	123	111	54	88	115	126	44	65	61	50	73	36	87	54	57	29	79	88	221	20	63	36	29	102	14	99
Q25Q	3363470	2423116	2587815	2478220	2902355	2525364	4598067	4453066	2703718	3731888	3385589	1333591	1672230	1525362	1485898	2051911	1471959	1519216	1749301	1908215	2271845	1401873	1466119	1682000	1394360	1407393	2059258	951989	4099925
Q25G	2	2	1	1	0	0	0	1	1	0	0	0	0	1	0	0	1	0	0	0	4	5	0	3	1	0	0	0	2
Q25H	5656	4016	4228	4642	1443	1382	2007	2477	2505	2457	1853	1050	669	2517	627	974	2443	2567	746	3227	4002	3132	532	2668	1701	559	3863	1717	2239
Q25I	0	0	0	0	0	0	0	0	0	0	0	0	0	0	0	0	0	0	0	0	0	0	0	0	0	0	0	0	0
Q25L	11533	7794	8371	8630	3346	3032	3961	4625	2741	4736	3145	1688	1164	4799	1305	1811	4668	5115	1364	6007	7965	2572	1161	5141	2858	1069	7384	2180	4346
Q25K	1175	885	901	890	405	436	727	752	501	534	280	139	128	560	213	315	514	630	267	676	720	311	192	622	307	234	725	163	663
Q25M	2	2	1	0	9	3	0	2	1	0	0	0	2	0	1	1	2	1	0	1	5	0	1	2	1	1	7	0	0
Q25F	0	0	0	0	0	0	0	0	0	0	0	0	0	0	0	0	0	0	0	0	0	0	0	0	0	0	0	0	0
Q25P	1345	941	1047	1043	175	187	205	334	203	230	130	145	107	660	54	73	542	647	81	725	897	240	62	590	346	56	951	219	258
Q25S	1	0	1	0	0	0	0	0	0	0	0	0	0	0	0	0	0	0	0	2	0	0	0	0	0	0	0	0	0
Q25T	0	0	0	1	0	0	0	2	0	0	0	0	0	0	0	0	0	0	0	0	0	0	0	0	0	0	0	0	0
Q25W	55	77	44	52	10	13	6	18	1	11	2	31	2	30	2	1	21	28	9	26	40	4	3	36	7	7	49	34	30
Q25Y	33	22	29	26	8	4	6	7	4	7	1	2	2	20	0	1	14	11	1	11	12	0	0	21	2	1	38	1	16
Q25V	0	0	0	0	0	0	0	0	0	0	0	0	0	0	0	0	0	0	0	0	0	0	1	1	0	0	0	0	0
Q25X	146	91	48	67	6	5	7	12	34	4	1	1	3	56	5	3	30	29	0	29	29	0	2	40	2	1	47	0	2
Q25B	48335	31774	32281	30329	43886	39210	33419	32902	38828	61206	25258	9213	16806	19835	10248	8456	18534	20466	17906	19549	19615	8236	2889	19483	12684	6729	28838	15338	57534
A26A	3412693	2455467	2621395	2510729	2945494	2563617	4632396	4486829	2741597	3790662	3412909	1343624	1688610	1546036	1496541	2060895	1490978	1540325	1767243	1928786	2294197	1413011	1469431	1702176	1408053	1414434	2088005	966540	4156283
A26R	0	0	0	0	0	0	0	0	0	1	0	0	0	0	0	0	0	0	0	0	0	0	0	0	0	0	0	0	0
A26N	10	3	0	0	1	0	0	0	0	0	0	0	0	1	1	0	0	2	0	0	2	2	0	1	1	0	5	0	0
A26D	2510	1649	1825	1763	905	845	1338	1416	712	1061	755	351	391	1088	416	854	950	1086	427	1184	1497	826	422	1097	609	347	1478	259	1230
A26C	0	0	0	0	0	0	0	0	0	0	0	0	0	0	0	0	0	0	0	0	0	0	0	0	0	0	0	0	0
A26E	15	17	10	2	0	0	0	5	2	0	0	0	0	5	1	0	4	8	1	9	2	2	5	10	4	2	6	2	1
A26Q	0	0	0	0	0	0	0	0	0	0	0	0	0	0	0	0	0	0	0	0	0	0	0	0	0	0	0	0	0
A26G	681	399	446	494	169	199	179	255	178	177	95	58	98	224	69	81	207	268	55	309	359	184	75	293	53	56	361	28	273
A26H	0	0	0	0	0	0	0	0	0	0	0	0	0	0	0	0	0	0	0	0	0	0	0	0	0	0	1	0	0
A26I	11	9	6	8	1	1	1	2	0	1	0	0	0	3	0	0	0	3	0	11	6	12	1	1	1	0	6	9	1
A26L	1	3	2	4	0	0	4	0	0	0	0	0	0	0	0	0	1	2	0	1	1	0	0	1	0	0	0	0	0
A26K	0	0	0	0	0	0	0	0	0	0	0	0	0	0	0	0	0	0	0	0	0	0	0	0	0	0	0	0	0
A26M	0	0	0	0	0	0	0	0	0	0	0	0	1	0	0	0	0	0	0	1	0	0	0	0	0	0	0	0	0
A26F	3	0	1	3	0	0	1	4	0	0	0	1	0	3	0	0	3	0	0	1	2	0	1	0	1	0	0	0	4
A26P	2484	2167	1670	1265	1361	1448	664	533	1369	2483	374	162	340	969	207	204	935	1248	548	1104	885	343	110	984	394	174	2080	892	1990
A26S	1944	1305	1433	1775	638	480	850	1085	468	882	440	282	163	920	177	222	849	842	202	1108	1215	358	195	866	350	255	1243	201	749
A26T	9589	6729	7018	7178	2629	2602	2794	3702	2976	4315	2731	1505	1047	3949	881	1097	3916	4209	904	4739	5980	5029	780	4287	2276	781	6492	3180	3703
A26W	0	0	0	0	0	0	0	0	0	0	0	0	0	0	0	0	0	0	0	0	0	0	0	0	0	0	0	0	0
A26Y	0	0	1	2	0	0	0	1	0	0	0	0	0	0	0	0	1	1	0	1	0	0	0	0	0	0	0	0	0
A26V	8250	5430	5689	5720	2465	2116	2753	3358	3522	4399	1814	1097	1170	3389	824	1229	3333	3339	1138	4183	5328	3661	636	3726	2641	672	4990	2457	3337
A26X	0	0	0	0	0	0	0	0	0	0	0	0	0	0	0	0	0	0	0	0	0	0	0	0	0	0	0	0	0
A26B	0	0	0	0	0	0	0	0	0	0	0	0	0	0	0	0	0	0	0	0	0	0	0	0	0	0	0	0	0
S27A	775	531	584	648	241	267	319	431	247	470	143	116	95	369	94	128	352	372	100	455	575	345	91	387	107	86	481	114	347
S27R	0	2	1	5	0	0	0	0	0	21	0	1	0	0	0	0	0	3	0	2	0	0	0	0	0	0	3	0	0
S27N	16	15	6	0	0	1	1	3	6	0	0	0	0	6	1	2	3	6	0	11	2	5	1	8	6	0	8	3	1
S27D	0	0	2	0	0	0	0	2	0	0	0	0	0	1	0	0	0	1	0	1	1	0	1	1	0	1	0	0	2
S27C	153	107	113	110	38	63	57	77	28	111	43	24	31	62	33	21	69	54	20	82	115	28	14	69	13	10	82	8	67
S27E	0	0	0	0	0	0	0	0	0	0	0	0	0	0	0	0	0	0	0	0	0	0	0	0	0	0	0	0	0
S27Q	0	0	0	0	0	0	0	0	0	0	0	0	0	0	0	0	0	0	0	0	0	0	0	0	0	0	0	0	0
S27G	0	0	0	0	0	0	0	0	0	0	0	0	0	0	0	0	0	0	0	0	0	0	0	0	0	0	0	0	0
S27H	7	3	4	8	3	6	1	3	1	1	0	3	9	4	0	0	8	2	0	5	9	0	1	1	1	2	4	43	9
S27I	35	18	14	21	2	2	6	1	0	0	0	0	2	3	1	4	13	12	0	6	14	1	0	12	0	2	17	0	6
S27L	57	42	58	51	7	5	7	13	14	1	2	0	0	28	0	1	28	31	0	19	33	9	4	33	5	5	33	5	5
S27K	0	0	0	0	0	0	0	0	0	0	0	0	0	0	0	0	0	0	0	0	0	0	0	0	0	0	0	0	0
S27M	0	0	0	0	0	0	0	0	0	0	0	0	0	0	0	0	0	0	0	0	0	0	0	0	0	0	0	0	0
S27F	6149	4176	4591	4864	1709	1499	2145	2947	2255	3477	3903	1309	889	2534	567	829	2377	2659	918	3166	4362	3282	461	2646	1903	471	3674	1492	2058
S27P	16145	11242	12116	11880	2109	1968	2676	4168	2649	3933	2552	1854	1030	7237	842	1061	6812	6968	1075	8363	10743	9873	752	7763	4388	700	10543	4537	3118
S27S	3403404	2448761	2613705	2502615	2946285	2564610	4632182	4484795	2741642	3788915	3408448	1341674	1688214	1541025	1496319	2060845	1486305	1535880	1766890	1923095	2285551	1402953	1469335	1696911	1403068	1414325	2081950	963502	4156539
S27T	9177	6738	6655	6940	2436	2196	2655	3580	3242	5489	3405	1842	1287	4284	980	1300	4302	4360	1141	5098	6679	6180	755	4577	4193	845	6429	3326	4352
S27W	0	0	0	0	0	0	0	0	0	0	0	0	0	0	0	0	0	0	0	0	0	0	0	0	0	0	0	0	0
S27Y	2263	1531	1644	1799	833	691	930	1167	739	1563	622	257	263	1033	280	391	902	980	374	1121	1386	747	238	1026	697	271	1433	537	1065
S27V	0	0	1	2	0	0	0	0	0	0	0	0	0	0	0	0	0	1	0	6	1	0	1	1	1	0	1	0	0
S27X	9	11	2	0	0	0	1	3	1	0	0	0	0	1	0	0	4	4	0	6	3	5	2	7	1	3	8	1	2
S27B	1	1	0	0	0	0	0	0	0	0	0	0	0	0	0	0	2	0	0	1	0	0	0	0	0	0	1	0	0
K28A	5	1	2	11	0	0	0	3	0	0	3	0	2	2	2	0	1	1	1	2	1	0	3	3	1	0	1	0	1
K28R	14302	10049	10607	10688	4112	3515	4495	5821	4307	4996	3893	1944	1726	6521	1441	2387	5759	6619	1856	7381	9272	8494	1127	6827	2879	1407	9295	2831	5746
K28N	2656	1938	2008	1920	974	834	893	1171	601	1256	644	338	323	1087	301	383	1136	1151	318	1392	1722	741	293	1260	786	316	1845	404	1037
K28D	3	5	9	15	1	0	0	2	0	0	1	1	0	5	1	0	8	3	0	2	6	1	0	13	0	0	5	2	0
K28C	0	0	0	1	0	0	0	0	0	0	0	0	0	0	0	0	0	0	0	0	0	0	0	0	0	0	0	0	0
K28E	20319	13919	14831	14880	5779	5115	6153	8224	4717	8758	4846	2073	2220	8803	2026	2736	8006	8840	2325	9972	12509	4538	1507	9041	4310	1687	12373	4400	7715
K28Q	1445	967	1049	1038	447	450	461	575	536	689	469	204	163	613	145	171	528	601	127	727	925	484	134	631	519	165	923	471	601
K28G	61	63	56	53	34	18	22	24	49	23	9	2	4	44	9	6	36	52	2	45	61	1	1	44	42	6	67	0	33
K28H	0	0	0	1	0	0	0	1	0	0	0	0	0	0	0	0	0	1	0	0	0	0	0	1	0	0	0	0	0
K28I	34	19	15	27	2	6	6	3	0	3	0	0	4	14	4	1	10	10	4	11	15	2	1	21	2	0	23	23	1
K28L	20	27	24	23	1	3	2	9	0	0	4	0	0	11	2	1	9	24	0	11	13	9	1	4	0	2	11	0	1
K28K	3322304	2392828	2557927	2448449	2888189	2513013	4587542	4436585	2685619	3715756	3382014	1329080	1667937	1505831	1481715	2047305	1455183	1500779	1744564	1888812	2248078	1395081	1462941	1663073	1387441	1404592	2032936	940172	4081129
K28M	12281	9115	8800	8942	2481	2604	2765	4357	3561	5035	1783	1274	1181	5636	923	1338	5240	5726	1079	6224	7664	3723	809	5789	2717	870	7892	2371	3731
K28F	0	0	0	0	0	0	0	0	0	0	0	0	0	0	0	0	0	0	0	0	0	0	0	0	0	0	0	0	0
K28P	0	0	0	0	0	1	0	0	0	0	0	0	0	0	0	0	0	0	0	0	0	0	0	0	0	0	0	0	0
K28S	20	17	12	9	3	0	2	1	0	15	20	0	0	7	0	0	6	4	0	4	7	1	0	6	0	1	15	0	1
K28T	1681	1284	1292	1266	377	346	372	600	413	556	246	231	153	771	124	177	710	774	169	924	1059	627	112	848	336	139	1160	214	541
K28W	44	32	45	29	8	11	11	10	18	42	4	2	4	21	6	7	18	30	8	25	37	9	5	19	4	6	23	223	4
K28Y	28	6	19	12	5	6	1	7	2	2	3	0	1	5	0	1	6	7	0	6	11	0	0	12	11	3	13	0	2
K28V	32	26	30	28	21	10	9	12	1	5	1	11	4	13	5	4	10	17	4	13	22	5	5	15	3	7	17	15	5
K28X	145	72	62	115	10	9	6	25	0	65	16	1	2	65	1	2	37	41	0	45	26	7	0	51	10	0	66	1	19
K28B	62811	42810	42708	41436	51219	45367	38240	39760	51000	66780	25162	11919	18096	27138	12412	10063	24474	26653	20061	25841	28046	9705	4717	25784	15322	7520	38002	22441	67004
