rowname	Input	Input.1	Input.2	Input.3	uPA	uPA.1	uPA.2	uPA.3	FXIIa	FXIIa.1	FXIIa.2	FXIIa.3	uPA.4	Input.4	uPA.5	uPA.6	Input.5	Input.6	uPA.7	Input.7	Input.8	TMPRSS2	uPA.8	Input.9	TMPRSS2.1	uPA.9	Input.10	TMPRSS2.2	uPA.10
S310A	785	869	597	687	180	182	224	187	263	738	113	152	114	463	58	70	561	533	64	361	399	143	58	537	263	74	510	346	85
S310R	4	4	5	6	0	1	0	0	0	0	0	2	0	3	0	0	2	2	0	0	1	5	2	5	0	0	4	10	0
S310N	0	0	0	0	0	0	0	0	0	0	0	0	0	0	0	1	0	0	0	0	0	0	0	0	0	0	0	0	0
S310D	0	0	0	0	0	0	0	0	0	0	0	0	0	0	0	0	0	0	0	0	0	0	0	0	0	0	0	0	0
S310C	0	0	0	1	0	0	0	0	0	0	0	0	0	0	0	0	0	1	0	0	0	0	0	1	0	0	0	0	0
S310E	3	0	2	0	0	0	0	0	0	0	0	0	1	1	0	1	0	3	0	0	1	0	1	3	2	2	0	0	0
S310Q	447	632	297	198	8	19	4	6	66	8	31	25	5	224	2	2	228	262	3	163	86	38	1	218	37	3	355	111	2
S310G	0	0	0	0	0	0	0	0	0	0	0	0	0	1	0	0	0	0	0	0	0	0	0	0	0	0	0	0	0
S310H	0	0	0	0	0	0	0	0	0	0	0	0	0	0	0	0	0	0	0	0	0	0	0	0	0	0	0	0	0
S310I	19	38	15	12	1	2	2	3	0	5	9	1	0	14	1	1	14	6	0	13	21	0	0	13	9	1	10	0	1
S310L	4020	3947	2914	3133	1112	1182	786	1125	1338	1817	1220	1460	511	2220	320	372	2363	2405	288	1946	1970	2435	269	2668	1791	276	2595	1417	328
S310K	16	22	23	4	0	0	6	4	5	2	0	3	3	19	3	2	18	32	0	20	5	7	4	22	16	5	18	4	3
S310M	0	0	0	0	0	1	0	0	0	0	0	0	0	0	0	0	0	0	0	0	0	0	0	1	0	0	0	0	0
S310F	16	23	17	11	5	5	1	1	1	163	0	0	0	5	0	0	8	11	0	7	4	2	0	9	0	3	16	1	0
S310P	15405	15881	11211	11792	2788	2712	2399	3616	4161	5797	5419	7397	2015	8866	1057	1089	9458	9472	1103	7542	7564	5944	603	9783	6807	838	10339	8719	1013
S310S	3242397	3338265	2420459	2535920	3022088	2644678	3170958	2562387	2516143	3629350	3012848	2888480	1823906	1854225	1264840	1453643	1999978	1895631	1160453	1677745	1660705	1456835	1226247	2191936	1777025	1376315	2133298	1338167	1100726
S310T	13370	13729	9617	10167	3935	3918	2832	3586	3472	6185	2325	4880	1675	7730	1299	1274	8422	8046	1159	6524	6478	5226	1014	8075	5690	1295	8974	3809	1451
S310W	1	1	0	1	0	4	1	0	0	0	0	0	0	0	1	0	3	3	0	0	1	0	0	0	0	1	0	0	0
S310Y	17	14	15	9	2	0	0	1	1	0	0	0	0	15	0	0	10	11	1	11	2	2	0	15	2	0	5	4	1
S310V	3	0	1	3	8	6	0	0	0	0	1	0	0	2	0	0	3	0	0	1	2	0	0	1	0	0	4	1	6
S310X	4909	5479	3781	4262	698	671	405	867	729	710	475	787	347	3040	198	237	3180	3267	154	2882	3187	2633	198	3470	661	195	3572	801	329
S310B	22	49	24	8	3	5	3	6	5	1	6	4	2	26	1	4	25	27	2	24	15	28	7	25	10	4	12	2	2
D311A	618	741	446	529	160	165	138	164	134	389	582	184	66	401	58	52	360	349	38	325	341	116	50	486	240	44	483	67	54
D311R	0	0	1	0	0	0	0	0	0	0	0	0	0	0	0	0	0	0	0	0	0	0	0	0	0	0	0	0	0
D311N	6126	6279	4676	5263	1523	1250	1301	1709	1899	2483	1379	1761	709	3766	516	465	3327	3662	329	2826	2748	1545	339	3754	1945	425	4111	2390	544
D311D	3244272	3340484	2423240	2538950	3020555	2644288	3169267	2561619	2514830	3626448	3005300	2885252	1822689	1855702	1263916	1452490	2003644	1897854	1159863	1680513	1665111	1454549	1225896	2194887	1772221	1375660	2135330	1329842	1100190
D311C	24	26	24	17	2	3	1	3	0	23	0	1	1	16	1	1	11	12	2	9	7	3	1	11	3	3	7	0	0
D311E	3995	4274	2935	2884	1594	1307	1161	1314	1840	2432	1070	1865	737	2378	546	525	2342	2500	473	1977	1771	2349	435	2501	1420	592	2619	824	554
D311Q	0	0	0	0	0	0	0	0	0	0	0	0	0	0	0	0	0	0	0	0	0	0	0	0	0	0	0	0	0
D311G	14301	14748	8963	9408	3539	3135	3070	3667	4207	7263	10975	10195	2508	7462	1546	1703	7612	8062	1409	5836	5403	9586	810	7845	11700	1176	9223	15152	1409
D311H	274	340	235	270	113	75	149	100	82	173	50	50	41	156	27	50	160	159	23	134	136	38	30	210	108	32	189	58	27
D311I	3	2	2	6	0	0	0	0	0	0	0	0	0	4	0	0	5	1	0	0	2	9	1	0	0	2	4	0	0
D311L	2	1	2	6	0	1	0	0	0	0	0	0	0	6	0	0	2	2	0	3	2	0	0	0	0	0	0	0	0
D311K	0	1	3	3	0	0	2	2	0	0	1	0	1	0	0	0	1	2	0	0	1	0	0	2	1	0	1	0	0
D311M	0	0	0	0	0	0	0	0	0	0	0	0	0	0	0	0	0	0	0	0	0	0	0	0	0	0	0	0	0
D311F	10	19	21	1	2	0	3	3	3	0	0	1	1	15	2	3	10	9	0	13	2	11	4	10	16	5	8	7	0
D311P	0	0	0	0	0	0	0	0	0	0	0	0	0	0	0	0	0	0	0	0	0	0	0	0	0	0	0	0	0
D311S	26	36	31	26	5	15	2	2	0	0	4	2	1	18	1	2	17	15	1	13	13	26	3	20	0	1	17	0	1
D311T	0	0	1	0	0	0	0	0	0	0	0	0	0	2	0	0	0	0	1	0	0	0	0	0	0	0	0	0	0
D311W	0	0	0	0	0	0	0	0	0	0	0	0	0	0	0	0	0	0	0	0	0	0	0	0	0	0	0	0	0
D311Y	4576	4725	3453	3259	1158	1090	940	1177	1601	1707	1482	1714	554	2747	463	479	2811	2853	362	2294	1945	2457	323	2768	1865	462	3033	3276	422
D311V	7205	7269	4945	5591	2176	2055	1587	2027	1588	3858	1603	2166	1271	4180	704	926	3970	4230	726	3293	2959	2609	512	4286	2794	610	4687	1776	746
D311X	0	0	0	0	0	0	0	0	0	0	0	0	0	1	0	0	1	0	0	0	0	0	0	2	0	0	0	0	0
D311B	2	8	0	1	1	2	0	2	0	0	1	0	0	0	0	0	0	2	0	3	0	0	0	0	0	0	0	0	0
Q312A	0	0	0	0	0	0	0	0	0	0	0	0	0	0	0	0	0	0	0	0	0	0	0	0	0	0	0	0	0
Q312R	13392	13974	9484	10633	4523	4430	3592	4018	4012	6846	3949	7309	1910	7415	1323	1472	7646	7551	1117	6125	6601	4362	1015	8367	6542	1361	9069	5568	1617
Q312N	10	20	12	3	1	2	2	1	0	0	0	0	1	17	2	0	14	3	1	4	2	0	0	4	0	0	5	0	1
Q312D	2	5	3	6	2	4	0	0	0	0	3	0	0	2	0	0	3	0	0	3	0	9	0	1	0	0	0	0	2
Q312C	0	0	0	0	0	0	0	0	0	0	0	0	0	0	0	0	0	0	0	0	0	0	0	0	0	0	0	0	0
Q312E	573	641	441	545	269	196	133	192	588	548	134	489	98	380	52	71	422	381	46	268	357	212	68	392	179	53	433	104	51
Q312Q	3231157	3326302	2412782	2526352	3016384	2639732	3166691	2558565	2512104	3618369	3007307	2881215	1820869	1848194	1263040	1451675	1994149	1890319	1158750	1672953	1655179	1445473	1224868	2184770	1769180	1374406	2125506	1334951	1098556
Q312G	1	3	5	0	0	0	0	0	0	0	0	0	0	0	0	0	0	0	1	1	1	0	0	0	0	0	5	0	0
Q312H	13802	14128	9695	10640	5161	4585	3731	4301	4703	8468	5843	8029	3113	7770	1944	2021	7984	7943	1968	6431	6425	10761	1241	8280	7649	1659	9120	5347	2090
Q312I	7	12	7	7	0	1	0	3	17	1	0	0	1	7	0	1	3	5	0	5	6	1	0	3	2	0	7	1	1
Q312L	10607	11407	7639	8443	2409	2468	1678	2362	2236	6097	2569	2401	1407	6099	740	762	6593	6404	647	5325	5279	4247	616	6958	4644	862	7303	5296	893
Q312K	2766	2936	2189	2184	811	792	781	822	1310	625	671	796	338	1648	298	298	1640	1686	253	1336	1315	1303	261	1884	1039	331	1861	829	294
Q312M	0	0	0	0	0	0	0	0	0	0	0	0	0	0	0	0	0	0	0	0	0	0	0	0	0	0	0	0	0
Q312F	0	0	0	0	0	0	0	0	0	0	0	0	0	0	0	0	0	0	0	0	0	0	0	0	0	0	0	0	0
Q312P	1354	1494	1063	1140	262	266	221	238	196	446	173	305	99	761	85	76	918	851	63	689	730	442	71	920	292	106	1027	203	79
Q312S	0	0	1	1	0	0	2	0	0	0	0	0	0	0	0	0	1	0	0	0	0	0	0	2	0	0	0	0	0
Q312T	0	2	3	1	0	0	0	0	0	0	0	0	0	0	0	0	0	1	0	2	2	0	0	3	0	0	0	0	0
Q312W	0	0	0	0	0	0	0	0	0	0	0	0	0	2	0	0	0	0	0	0	0	0	0	0	0	0	0	0	0
Q312Y	7	23	12	13	1	4	1	3	0	0	0	1	2	7	1	2	5	11	1	11	8	7	1	8	0	1	7	10	1
Q312V	3	5	0	1	0	1	0	2	0	0	0	0	0	3	0	0	2	2	0	2	3	0	0	4	0	0	2	0	0
Q312X	7716	7974	5625	6226	1002	901	787	1273	1017	3373	1797	2646	741	4536	295	317	4873	4527	379	4073	4512	6475	263	5170	2786	231	5358	1082	362
Q312B	37	27	17	19	3	4	2	9	1	3	1	0	0	13	0	1	20	28	1	11	21	6	0	16	0	2	9	1	0
E313A	842	831	581	676	205	250	164	226	240	227	251	318	132	433	57	74	428	416	96	350	371	374	45	475	238	66	544	248	101
E313R	2	0	3	3	1	2	0	1	0	0	5	3	1	1	2	2	1	3	0	2	2	0	0	1	0	0	4	25	0
E313N	0	6	1	0	0	0	0	0	0	0	0	0	0	0	0	0	0	0	0	1	0	0	1	0	0	0	0	0	0
E313D	3208	3538	2308	2339	853	824	848	835	788	1151	1118	1216	431	1762	293	334	1834	1987	245	1491	1346	835	214	2001	558	295	2265	1008	294
E313C	0	0	0	0	0	0	0	0	0	0	0	0	0	0	0	0	0	0	0	0	0	0	0	0	0	0	0	0	0
E313E	3254354	3350716	2429742	2545012	3022769	2645673	3171317	2563779	2518805	3631231	3012744	2892699	1824174	1861733	1265051	1453804	2008303	1903342	1160450	1684132	1667831	1463994	1226497	2199892	1784028	1376518	2140931	1343951	1100935
E313Q	34	51	40	43	9	15	23	15	65	24	16	14	12	28	4	9	22	24	2	25	28	7	3	28	3	2	43	11	1
E313G	10733	10952	7528	8326	3403	3310	2713	3676	2687	6658	4536	5169	2235	5928	1296	1285	6245	6614	1372	5216	4781	4000	719	6376	3306	1052	7438	3224	1328
E313H	0	0	0	0	0	0	0	0	0	0	0	1	0	0	0	0	0	0	0	0	0	0	0	0	0	0	0	0	0
E313I	0	0	0	0	0	0	0	0	0	0	0	0	0	0	0	0	0	0	0	0	0	0	0	0	0	0	0	0	0
E313L	6	7	9	2	0	0	0	1	5	0	0	7	1	9	0	1	9	12	1	14	4	7	0	6	6	1	9	3	1
E313K	2890	3006	1958	2246	1210	1002	762	873	1111	1872	1786	765	391	1617	337	367	1708	1677	283	1401	1323	466	290	1858	948	319	1922	1782	335
E313M	0	1	0	0	0	0	0	0	0	0	0	0	0	0	0	0	1	0	0	0	0	6	0	0	0	0	3	0	0
E313F	0	0	0	0	0	0	0	0	0	0	0	0	0	0	0	0	0	0	0	0	0	0	0	0	0	0	0	0	0
E313P	0	0	0	0	0	0	0	0	0	0	0	0	0	0	0	0	0	0	0	0	0	0	0	0	0	0	0	0	0
E313S	0	1	2	0	0	0	0	0	1	0	0	3	0	2	0	2	1	1	0	1	1	0	0	2	1	0	1	0	0
E313T	0	0	1	0	0	0	0	0	0	0	0	0	0	0	0	0	0	0	0	0	0	0	0	1	0	0	0	1	0
E313W	3	4	8	3	0	0	0	1	0	0	0	0	0	3	0	1	6	7	0	6	3	2	0	2	0	0	4	1	0
E313Y	12	5	6	0	0	0	4	0	1	0	0	0	0	7	0	0	1	3	0	1	2	1	0	2	1	2	3	0	0
E313V	6151	6419	4476	4967	1738	1779	1358	1713	2299	2523	1631	2411	953	3423	559	593	3763	3627	611	2877	2879	2445	453	3914	2086	523	4368	2399	746
E313X	4	4	0	1	2	0	0	0	0	0	0	0	0	7	0	0	11	3	0	5	1	1	0	4	0	0	3	2	0
E313B	3195	3412	2315	2596	638	531	432	669	182	1090	360	585	249	1901	181	224	1940	1996	167	1717	1869	1160	182	2220	1138	234	2174	737	206
P314A	508	619	456	466	111	95	97	107	182	92	76	90	38	326	27	38	321	325	17	286	277	103	46	372	72	48	424	115	57
P314R	237	192	145	213	37	67	49	58	72	46	67	83	19	140	49	30	139	130	12	115	140	111	16	129	89	40	158	18	21
P314N	15	15	14	2	0	0	3	0	7	0	0	2	0	10	0	0	7	13	0	6	2	7	0	10	4	3	5	3	0
P314D	3	3	4	0	0	0	0	0	0	0	0	0	0	1	0	0	0	1	0	2	1	0	0	1	1	0	0	0	0
P314C	0	0	1	0	0	0	0	0	1	0	0	0	0	0	0	0	0	0	0	1	0	0	0	0	0	0	1	0	0
P314E	0	0	0	0	0	0	0	0	0	0	0	0	0	0	0	0	0	0	0	0	0	0	0	0	0	0	0	0	0
P314Q	14	27	22	12	0	3	1	4	4	19	0	0	1	13	1	0	8	18	0	9	5	1	3	18	3	3	7	2	6
P314G	0	0	0	0	0	0	0	0	0	0	0	0	0	0	0	0	0	0	0	0	0	0	0	0	0	0	0	0	0
P314H	3251	3505	2282	2551	914	838	739	918	740	1850	736	1425	648	1953	303	423	1936	1990	350	1545	1409	1771	311	2021	1037	380	2223	1119	303
P314I	6	13	8	0	0	0	2	2	1	0	0	7	0	8	0	1	6	11	0	13	3	6	0	4	1	2	3	3	0
P314L	4018	4302	2852	3328	1214	1058	990	879	858	1897	771	1431	475	2340	353	325	2423	2448	384	1899	2083	1346	256	2603	1625	326	2884	1690	431
P314K	0	0	0	0	0	0	0	0	0	0	0	0	0	0	0	0	0	0	0	0	0	0	0	0	0	0	0	0	0
P314M	0	0	0	0	0	0	0	0	0	0	0	0	0	0	0	0	0	0	0	0	0	0	0	0	0	0	0	0	0
P314F	18	30	12	15	3	3	4	12	3	10	7	3	1	15	2	1	9	16	0	15	18	5	0	9	0	3	13	130	2
P314P	3262878	3359280	2435599	2551532	3025158	2648195	3173190	2567116	2520456	3635978	3018385	2895773	1825773	1865998	1266025	1454773	2013043	1908651	1161462	1688483	1671520	1465554	1226846	2204950	1785701	1377088	2146812	1346459	1102002
P314S	9053	9462	6468	7031	2923	2735	2133	2256	3216	4388	2077	3904	1419	5197	857	919	5452	5235	847	4167	4348	3873	717	5776	3100	917	6214	3456	996
P314T	1414	1481	1098	1060	466	388	408	433	637	494	328	472	205	839	161	184	916	854	153	689	630	510	205	876	674	199	959	391	129
P314W	0	0	0	0	0	0	0	0	0	0	0	0	0	0	0	0	0	0	0	0	0	0	0	0	0	0	0	0	0
P314Y	19	24	17	4	2	2	5	4	7	2	0	1	0	14	2	2	13	19	2	8	5	11	4	12	6	3	8	6	0
P314V	0	0	0	0	0	2	0	0	0	0	0	0	0	0	0	0	0	1	0	0	0	0	0	1	0	0	0	0	0
P314X	0	0	0	0	0	0	0	0	0	0	0	0	0	0	0	0	0	0	0	1	0	0	0	0	0	0	0	0	0
P314B	0	0	0	0	0	0	0	0	0	0	0	0	0	0	0	0	0	0	0	0	0	0	0	0	0	0	1	0	0
L315A	0	2	0	1	0	0	0	0	0	0	0	0	0	0	0	0	0	1	0	0	0	0	0	0	0	0	0	0	0
L315R	1327	1228	895	1062	147	177	130	259	99	489	224	248	100	703	63	61	686	749	56	513	649	375	47	836	554	64	892	288	101
L315N	3	3	6	1	0	1	2	1	2	0	1	115	1	8	0	0	4	6	0	3	3	1	0	5	1	0	4	3	1
L315D	0	0	0	1	0	0	0	0	0	0	0	0	0	1	0	0	0	1	0	0	0	0	0	0	0	0	0	0	0
L315C	0	0	2	0	0	0	1	0	0	0	0	0	0	0	0	0	2	1	0	3	0	0	0	1	0	0	1	18	0
L315E	0	0	0	0	0	0	0	0	0	0	0	0	0	0	0	0	0	0	0	0	0	0	0	0	0	0	0	0	0
L315Q	21	27	32	4	3	3	1	8	2	0	0	2	2	26	0	1	13	21	3	19	7	8	1	18	6	5	6	8	0
L315G	0	0	0	0	0	0	0	0	0	0	0	0	0	0	0	0	0	0	0	0	0	0	0	0	0	0	0	0	0
L315H	17062	18161	12304	13632	3648	3527	2048	3199	3233	5750	3776	3907	1351	9841	869	861	10455	10182	960	8118	8596	5622	789	11171	5656	972	12214	6126	1273
L315I	1856	2085	1368	1581	733	697	509	603	630	1215	912	666	396	1074	262	433	1143	1155	232	918	904	410	219	1223	666	294	1440	894	310
L315L	3237361	3332267	2416974	2531143	3021544	2644701	3170645	2562130	2517743	3625727	3011505	2888918	1823831	1851843	1264918	1453387	1997756	1893290	1160121	1676336	1658638	1451498	1226191	2188192	1772347	1376247	2128630	1336787	1100427
L315K	0	0	0	0	0	0	0	0	0	0	0	0	0	0	0	0	1	0	0	0	0	0	0	0	0	0	0	0	0
L315M	1	0	0	0	0	0	0	0	0	0	0	0	0	0	0	0	0	0	0	0	0	0	0	0	0	0	0	0	0
L315F	3952	4408	3082	3352	831	805	791	849	651	1934	534	1063	330	2277	232	321	2502	2429	180	2012	2377	1290	271	2830	2919	278	2891	1152	262
L315P	19682	20597	14175	15312	3880	3442	3467	4679	3771	9582	5471	8206	2554	10966	1424	1616	11599	11786	1663	9235	9193	14045	866	12383	10133	1133	13508	8092	1544
L315S	35	26	18	22	3	1	5	7	2	1	2	14	3	20	1	3	15	15	1	12	11	1	2	21	4	0	12	2	0
L315T	4	8	1	5	0	1	0	1	0	0	0	0	0	5	0	0	4	6	0	1	2	10	0	4	0	0	5	0	0
L315W	0	0	0	0	0	0	0	0	0	0	0	0	0	0	0	0	0	0	0	0	0	0	0	0	0	0	0	0	0
L315Y	13	8	16	6	1	1	2	10	0	1	2	9	1	8	0	2	7	16	0	7	4	0	2	16	0	0	17	9	0
L315V	117	133	105	92	38	30	20	43	51	77	20	43	10	82	11	11	86	54	11	62	57	38	16	82	27	19	92	13	29
L315X	0	0	0	0	0	0	0	0	0	0	0	0	0	0	0	0	0	0	0	0	0	0	0	0	0	0	0	0	0
L315B	0	0	0	0	0	0	0	0	0	0	0	0	0	0	0	0	0	0	0	0	0	0	0	0	0	0	0	0	0
H316A	0	0	0	0	0	0	0	0	0	0	0	0	1	0	0	0	0	0	0	0	0	0	0	0	0	0	0	0	0
H316R	19115	19807	13645	15227	4807	4740	4737	5154	5693	8938	5322	6865	3058	11041	1835	1855	11616	11246	1876	9416	9964	6269	1337	12373	6579	1538	13396	7884	1931
H316N	3685	3824	2632	2951	1136	1040	991	1061	988	1417	959	2826	512	2041	408	355	2279	2202	363	1889	2123	973	328	2289	2070	415	2466	1657	354
H316D	405	488	278	332	71	59	60	105	37	114	37	118	39	201	27	33	245	242	18	240	234	45	29	297	144	25	292	348	20
H316C	52	51	25	53	2	9	7	5	3	68	1	0	0	23	2	2	27	24	6	22	18	2	2	25	1	3	34	1	3
H316E	0	1	0	0	0	0	0	0	0	0	0	0	0	1	0	0	0	0	0	0	0	0	0	1	0	0	0	0	0
H316Q	2490	2871	2111	2021	983	982	657	776	1112	1445	1155	953	659	1579	275	339	1601	1787	395	1282	1341	730	285	1707	821	373	1929	1524	308
H316G	4	7	4	1	0	0	1	0	0	0	1	0	2	2	0	0	4	7	0	8	0	0	0	0	0	2	0	0	0
H316H	3194596	3289896	2373838	2486698	3014563	2637969	3163447	2553017	2507779	3615448	3005127	2879205	1817998	1824886	1262271	1451578	1969119	1868755	1157225	1659832	1635673	1443344	1224403	2156245	1769447	1374043	2102438	1328605	1097794
H316I	9	5	8	4	0	1	0	0	0	1	0	0	0	5	0	0	1	3	1	3	1	1	0	4	1	0	0	2	0
H316L	53422	54311	50825	52682	6348	6263	5578	9563	6796	12299	6880	10097	3417	32601	1971	1289	34598	30823	1823	20737	27270	16069	1558	38758	8456	1941	33474	7925	2191
H316K	4	0	2	0	0	1	0	2	0	1	2	0	1	3	0	0	4	1	2	2	0	0	0	1	2	0	1	1	0
H316M	0	0	0	0	0	0	0	0	0	0	0	0	0	0	0	0	0	0	0	0	0	0	0	0	0	0	0	0	0
H316F	2	2	4	7	0	0	0	0	1	1	0	0	1	3	0	0	3	1	0	5	4	0	0	2	0	0	0	0	0
H316P	1365	1355	990	1112	126	111	122	155	125	238	108	187	57	749	42	33	834	792	32	688	723	187	26	859	2237	32	953	658	47
H316S	11	25	17	14	2	0	7	6	1	0	2	2	1	17	0	1	10	22	1	12	11	4	4	18	12	5	18	20	1
H316T	13	12	4	6	0	0	0	0	0	0	0	0	0	3	0	0	2	6	0	3	3	0	0	5	1	0	4	0	0
H316W	0	0	0	0	0	0	0	0	0	0	0	0	0	0	0	0	0	0	0	0	0	0	0	0	0	0	0	0	0
H316Y	6250	6280	4591	5093	2788	2210	2014	1944	3647	4806	2853	2938	2833	3694	948	1211	3922	3794	1485	3096	3074	5671	432	4194	2537	635	4693	4765	1298
H316V	9	6	1	7	0	0	0	0	0	0	0	0	0	2	0	0	4	2	0	3	0	0	0	0	0	0	1	0	0
H316X	1	2	0	2	1	1	0	1	2	0	0	0	0	2	0	0	1	2	0	1	2	3	0	1	1	0	3	2	0
H316B	1	10	3	4	1	0	0	0	0	0	0	0	0	1	1	0	3	3	0	0	0	0	0	3	4	0	10	0	0
V317A	15854	16059	10793	12145	3840	3254	3222	4059	3249	6390	4772	7175	2957	9110	1340	1502	9357	9288	2042	7356	7593	6903	858	10103	7985	1100	10684	10121	1543
V317R	0	0	0	0	0	0	0	0	0	0	0	0	0	0	0	0	0	0	0	0	0	0	0	0	0	0	0	0	0
V317N	22	13	15	24	0	3	1	3	0	15	1	0	0	15	0	1	19	18	2	7	16	21	2	18	1	1	13	0	0
V317D	10557	10679	7386	8653	1010	1121	760	1464	1161	3175	1026	2134	542	6080	293	310	6357	5977	239	4754	5739	2711	289	6898	4119	289	7615	3077	468
V317C	1	0	0	2	0	0	0	0	0	0	0	1	0	0	0	0	0	0	0	0	1	1	0	0	0	0	0	0	0
V317E	19	30	34	7	0	0	2	5	5	0	0	2	0	21	3	2	25	25	0	37	6	5	1	33	16	3	17	12	0
V317Q	0	0	0	0	0	0	0	0	0	0	0	0	0	0	0	0	0	0	0	0	0	0	0	0	0	0	0	0	0
V317G	1575	1615	1149	1160	325	242	298	240	409	1635	1376	1271	279	961	137	100	1115	1116	121	676	677	2137	49	929	1713	72	1055	5370	119
V317H	0	0	0	0	0	0	0	0	0	0	0	0	0	0	0	0	0	0	0	0	3	0	0	0	0	0	0	0	0
V317I	8904	9188	6353	7102	2323	2293	1990	2510	3429	4668	5065	3939	1296	5111	928	939	5459	5220	738	4086	4393	4255	672	5947	3405	879	6420	3293	882
V317L	306	373	248	240	84	94	61	77	117	141	79	185	40	163	24	40	171	208	21	163	151	16	18	203	27	29	283	141	40
V317K	0	0	0	0	0	0	0	0	0	0	0	0	0	0	0	0	0	0	0	0	0	0	0	0	0	0	0	0	0
V317M	0	1	0	0	0	0	0	0	0	0	0	0	1	0	0	0	0	0	0	0	2	0	0	1	0	0	0	0	0
V317F	1982	2234	1750	1680	314	325	458	582	367	340	365	805	191	1348	149	195	1336	1372	186	1056	1279	1903	185	1320	682	254	1418	1007	137
V317P	1	1	3	1	0	0	0	0	0	0	0	0	0	0	1	0	0	2	0	0	0	5	0	2	1	0	1	1	0
V317S	27	37	31	5	2	0	7	5	8	1	0	3	2	43	1	0	27	31	5	20	10	15	8	22	20	2	22	15	1
V317T	40	48	16	40	5	2	1	6	0	0	16	10	3	23	1	0	24	29	3	19	11	1	2	28	0	0	22	26	0
V317W	0	0	0	0	0	0	0	0	0	0	0	0	0	0	0	0	0	0	0	0	0	0	0	0	0	0	0	0	0
V317Y	5	11	7	6	0	0	0	1	1	0	0	0	0	8	0	1	3	4	0	5	6	1	0	9	3	0	1	1	0
V317V	3242141	3338664	2421193	2535149	3022925	2646052	3170821	2562837	2517438	3628411	3009747	2887666	1823268	1853971	1264903	1453606	2000380	1896422	1159870	1679060	1660554	1455324	1226320	2191269	1774341	1376383	2132161	1330328	1100757
V317X	0	0	0	0	0	0	0	0	0	0	0	0	0	0	0	0	0	0	0	0	0	0	0	0	0	0	0	0	0
V317B	0	0	0	0	0	0	0	0	0	0	0	0	0	0	0	0	0	0	0	0	0	0	0	0	0	0	0	0	0
A318A	3253961	3348955	2427573	2543263	3023463	2646284	3171206	2564280	2519411	3632360	3012787	2892599	1824224	1859857	1264802	1453318	2006877	1902890	1160675	1684158	1665661	1460332	1226093	2197830	1782426	1376079	2139315	1341933	1101038
A318R	1	4	0	4	1	0	0	1	0	0	0	0	0	0	0	0	4	0	0	1	0	0	0	0	0	0	0	0	0
A318N	0	0	0	0	0	0	0	0	0	0	0	0	0	0	0	0	0	0	0	0	0	0	0	0	0	0	0	0	0
A318D	0	5	3	0	0	0	0	1	0	0	0	0	0	0	0	0	0	0	0	1	0	1	0	1	0	0	1	0	0
A318C	0	0	0	0	0	0	0	0	0	0	0	0	0	0	0	0	0	0	0	0	0	0	0	0	0	0	0	0	0
A318E	1957	2181	1550	1543	649	589	489	622	292	696	692	683	517	1265	225	312	1306	1353	240	949	838	783	163	1374	469	229	1561	876	244
A318Q	0	0	0	1	0	0	0	0	0	0	0	0	0	0	0	0	0	0	0	0	0	0	0	0	0	1	0	0	0
A318G	282	323	222	250	68	81	61	56	111	150	148	52	84	202	26	23	206	151	35	158	182	106	30	195	79	57	237	25	37
A318H	0	0	0	0	0	0	0	0	0	0	0	0	0	0	0	0	0	0	0	0	0	0	0	0	0	0	0	0	0
A318I	0	0	0	0	0	0	0	0	0	0	0	0	0	1	0	0	0	0	0	0	0	0	0	0	0	0	0	0	0
A318L	4	6	8	5	0	0	0	4	1	0	1	1	0	5	0	1	2	2	0	3	4	1	0	5	0	3	10	0	0
A318K	3	4	9	1	0	0	1	0	0	0	0	0	0	4	0	0	7	2	0	5	0	3	0	1	0	0	1	0	2
A318M	47	37	32	34	2	3	2	9	9	1	7	6	1	19	2	1	19	31	2	18	29	18	2	17	0	0	31	0	0
A318F	0	0	0	0	0	0	0	0	0	0	0	0	0	0	0	0	0	0	1	0	0	0	0	0	0	0	0	0	0
A318P	948	989	728	769	100	119	97	149	45	203	158	155	55	534	28	44	623	554	16	423	416	228	47	579	474	38	709	269	45
A318S	1809	2093	1625	1591	761	659	754	773	1252	713	418	775	305	1097	314	292	1219	1221	232	973	1087	665	245	1392	661	323	1385	1232	282
A318T	12666	14039	10056	10989	3527	3446	3181	3501	3292	5807	3781	4783	1999	8141	1632	1873	7970	7633	1344	6008	7088	7559	1287	8821	3857	1519	9536	4181	1390
A318W	0	1	0	0	0	0	0	0	0	0	0	0	0	0	0	0	0	0	0	0	0	0	0	0	0	0	0	0	0
A318Y	0	0	0	0	0	0	0	0	0	0	0	0	0	0	0	0	0	0	0	0	0	0	0	0	0	0	0	0	0
A318V	9752	10314	7168	7763	2257	2204	1830	2392	1770	4837	4455	4136	1394	5728	751	832	6040	5874	682	4541	5136	3600	537	6564	4347	763	6926	4875	909
A318X	0	0	0	0	0	0	0	0	0	0	0	0	0	0	0	0	0	0	0	0	0	0	0	0	0	0	0	0	0
A318B	4	2	4	1	0	1	0	1	1	9	0	1	0	1	0	0	0	1	0	1	0	2	0	3	0	0	0	1	0
Q319A	0	0	0	0	0	0	0	0	0	0	0	0	0	0	0	0	0	0	0	0	0	0	0	0	0	0	0	0	0
Q319R	12726	12783	9205	10050	4586	4129	3553	3785	4132	6157	3474	4627	1848	7102	1509	1673	7663	7341	1162	6116	6843	6156	1499	8223	6223	1463	8600	3271	1509
Q319N	0	4	6	3	0	0	1	0	0	0	0	0	0	1	2	0	6	1	0	4	6	0	0	1	0	0	5	0	0
Q319D	0	1	0	1	0	0	0	0	0	0	0	0	1	0	0	0	0	0	0	0	0	0	0	0	0	0	0	0	0
Q319C	0	0	0	0	0	0	0	0	0	0	0	0	0	0	0	0	0	0	0	0	0	0	0	0	0	0	0	0	0
Q319E	385	423	330	317	105	77	60	90	163	147	78	73	48	220	27	28	245	221	15	206	266	130	25	278	112	24	260	92	20
Q319Q	3198166	3293440	2376436	2489491	3015337	2638841	3164879	2554300	2512260	3618961	3009411	2885030	1821554	1826746	1262829	1451977	1971415	1870953	1159017	1661784	1636083	1445674	1223690	2157933	1770829	1374058	2105711	1341105	1098667
Q319G	2	2	2	2	0	0	0	2	1	1	0	0	0	3	0	0	5	0	2	3	1	1	0	3	0	0	1	10	0
Q319H	3425	3551	2417	2718	1066	1084	792	928	1139	1265	750	794	445	2145	389	350	2152	2141	369	1643	1687	947	285	2087	1380	386	2414	884	425
Q319I	0	0	0	0	0	0	0	0	0	0	0	0	0	0	0	0	0	0	0	0	0	0	0	0	0	0	0	0	0
Q319L	55836	57096	52376	54340	6630	6465	5985	9804	5583	12556	6294	9788	2844	34020	1975	1364	35747	32058	1539	21678	28494	12942	1795	40363	9427	1946	34936	5516	2151
Q319K	1898	2182	1472	1530	1120	932	854	804	868	1033	443	562	612	1206	328	332	1269	1303	355	1024	925	514	333	1366	840	346	1474	590	371
Q319M	11	12	22	4	0	0	0	0	0	0	1	1	1	16	0	1	7	10	0	7	2	3	0	11	2	2	11	3	0
Q319F	0	0	0	0	0	0	0	0	0	0	0	0	0	0	0	0	0	0	0	0	0	0	0	0	0	0	0	0	0
Q319P	1109	1199	714	855	134	164	106	164	163	510	158	184	103	647	35	42	636	609	30	576	616	351	35	708	529	57	751	414	70
Q319S	0	2	0	4	0	0	0	0	0	0	0	0	0	0	0	0	0	0	1	1	0	0	0	2	0	0	4	0	0
Q319T	1	0	0	2	0	0	0	0	0	0	0	0	0	0	0	0	0	0	0	0	0	0	0	0	0	0	0	0	0
Q319W	37	36	19	24	6	2	1	0	2	0	2	2	0	14	0	2	19	20	0	19	13	0	0	19	3	0	32	1	7
Q319Y	2	3	0	2	1	0	0	0	0	1	0	0	0	3	0	0	3	1	0	0	3	0	0	7	1	2	0	0	0
Q319V	0	0	0	1	0	0	0	0	0	0	0	0	0	2	0	0	1	0	0	1	0	0	0	1	0	0	1	0	0
Q319X	5	6	7	8	0	1	1	0	0	0	0	6	2	4	0	0	8	4	1	11	6	20	0	7	0	0	5	0	3
Q319B	7831	8213	5972	6862	1843	1691	1389	1912	1873	4145	1836	2124	1121	4725	686	927	5097	5050	736	4166	5496	6560	742	5773	2967	728	5507	1506	724
A320A	3262586	3358828	2434506	2550792	3026305	2649083	3173857	2567247	2521716	3636810	3015303	2896288	1826090	1865609	1266229	1454986	2012765	1908369	1161525	1688009	1669879	1466977	1227130	2204363	1786154	1377496	2146283	1347401	1102185
A320R	0	0	1	0	0	0	0	0	0	0	0	0	0	0	0	0	0	0	0	0	0	0	0	0	0	0	0	0	0
A320N	0	0	0	0	0	0	0	0	0	0	0	0	0	0	0	0	0	0	0	0	0	0	0	0	0	0	0	0	0
A320D	0	0	0	0	0	0	0	0	0	0	0	0	0	0	0	0	0	1	0	0	0	0	0	2	0	0	1	0	0
A320C	0	0	0	0	0	0	0	0	0	0	0	0	0	0	0	0	0	0	0	0	0	0	0	0	0	0	0	0	0
A320E	1843	2000	1545	1610	318	343	408	438	322	543	518	488	142	1108	124	142	1230	1125	104	1042	1029	831	141	1305	1188	149	1272	805	115
A320Q	0	0	0	0	0	0	0	0	0	0	0	0	0	0	0	0	0	0	0	0	0	0	0	0	0	0	0	0	0
A320G	975	1109	796	808	178	188	166	222	245	222	288	370	130	609	69	91	606	611	58	453	537	289	47	613	356	66	668	724	99
A320H	0	0	0	0	0	0	0	0	0	0	0	0	0	0	0	0	0	0	0	0	0	0	0	0	0	0	0	0	0
A320I	0	0	0	0	0	0	0	0	0	0	0	0	0	0	0	0	0	0	0	0	0	0	0	0	0	0	0	0	0
A320L	0	0	0	1	0	0	0	0	0	0	0	0	0	0	0	0	2	1	0	1	0	0	0	0	0	0	0	0	0
A320K	0	2	0	0	0	0	0	0	0	0	0	0	0	2	0	0	1	1	0	2	0	0	0	1	0	0	1	0	0
A320M	4	6	13	6	0	2	0	0	0	1	1	3	0	2	1	1	3	1	1	4	7	0	3	4	0	0	5	0	2
A320F	0	0	0	0	0	0	0	0	0	0	0	0	0	0	0	0	0	0	0	0	0	0	0	0	0	0	0	0	0
A320P	112	117	101	62	23	24	23	16	6	12	19	25	12	67	2	5	65	73	5	54	59	18	6	76	31	8	71	4	7
A320S	837	954	687	721	246	204	222	273	251	220	176	350	128	586	88	104	546	577	105	532	502	191	119	625	618	125	640	275	76
A320T	4529	4735	3354	3734	822	720	855	870	866	2002	1721	971	380	2585	458	445	2742	2674	307	2160	2337	1897	236	2928	1305	322	3341	1281	319
A320W	0	0	0	0	0	2	0	0	0	0	0	0	0	0	0	1	0	0	0	0	0	0	1	0	0	0	0	0	0
A320Y	0	0	0	0	0	0	0	0	0	0	0	0	0	0	0	0	0	0	0	0	0	0	0	0	0	0	0	0	0
A320V	10548	11201	7974	8480	2936	2820	2090	2723	2778	4966	4421	4696	1697	6286	809	921	6313	6279	1122	4982	6091	3095	721	6865	2661	846	7429	2902	1144
A320X	0	0	0	0	0	0	0	0	0	0	0	0	0	0	0	0	0	0	0	0	0	0	0	0	0	0	0	0	0
A320B	0	1	1	0	0	0	0	0	0	0	0	0	0	0	0	0	0	0	0	0	0	0	0	0	0	0	1	0	0
L321A	0	0	0	0	2	0	0	1	0	0	0	0	0	0	1	0	0	0	0	0	0	0	0	0	0	0	0	0	0
L321R	1479	1451	1089	1205	342	274	235	349	255	383	198	340	90	859	71	119	872	887	67	691	755	627	90	936	342	105	945	420	150
L321N	0	0	0	0	0	0	0	0	0	0	0	0	0	0	0	0	0	0	0	0	0	0	0	0	0	0	0	0	0
L321D	0	0	0	0	0	0	0	0	0	0	0	0	0	0	0	0	0	0	0	0	0	0	0	0	0	0	0	0	0
L321C	0	0	0	0	0	0	0	0	0	0	0	0	0	0	0	0	0	0	0	0	0	0	0	0	0	0	0	0	0
L321E	0	0	0	0	0	0	0	1	0	0	0	0	0	0	0	0	0	0	0	0	0	0	0	1	0	0	0	0	0
L321Q	13121	13905	9755	10409	2261	2241	1828	2459	2409	5342	2113	3452	1127	8119	701	716	8028	7925	682	6457	7389	5289	601	8470	4636	685	9021	5188	908
L321G	1	0	0	0	0	0	0	3	0	0	0	0	0	0	0	0	0	0	0	0	0	0	0	0	0	0	0	0	0
L321H	81	71	74	58	8	2	3	5	0	0	0	10	10	55	1	2	33	41	0	25	26	21	0	51	2	4	63	5	1
L321I	6	3	3	6	18	2	2	3	1	1	0	0	0	1	8	1	4	2	0	2	2	1	1	2	0	0	5	2	3
L321L	3246622	3342209	2423863	2539031	3025080	2648037	3172964	2565270	2518313	3632035	3014683	2891349	1825297	1856263	1265884	1454719	2003302	1899083	1161452	1680559	1662642	1459184	1226955	2194191	1778226	1377260	2135718	1339422	1101651
L321K	4	12	5	0	0	0	0	0	2	1	0	1	1	5	0	0	6	2	0	6	7	8	0	7	0	3	3	2	3
L321M	2190	2415	1713	1788	500	460	435	516	619	939	569	654	226	1387	191	193	1392	1425	160	1083	1021	608	177	1497	708	216	1605	1045	255
L321F	7	3	13	6	0	0	0	1	0	14	0	2	1	2	3	0	13	2	0	3	2	3	0	6	0	2	7	0	0
L321P	17669	18592	12232	13475	2534	2322	2109	3104	4501	5999	4843	7251	1802	9993	899	919	10428	10176	860	8250	8458	7532	555	11407	8373	716	12116	7231	958
L321S	38	54	26	41	12	11	1	16	0	5	0	2	4	39	1	0	27	25	0	29	13	0	2	30	6	5	36	12	1
L321T	8	9	16	7	4	0	0	2	0	17	0	3	0	7	0	0	5	12	1	7	9	1	0	13	0	2	16	0	2
L321W	0	0	0	0	0	0	0	1	0	0	0	0	0	0	0	0	3	1	0	0	2	0	0	1	0	0	0	0	0
L321Y	0	0	0	0	0	0	0	0	0	0	0	0	0	0	0	0	0	0	0	0	0	0	0	0	0	0	0	0	0
L321V	169	181	158	158	63	37	42	54	84	31	41	127	16	103	19	25	126	104	5	106	92	24	22	154	20	12	144	3	13
L321X	0	0	0	0	0	0	0	0	0	0	0	0	0	0	0	0	0	0	0	0	0	0	0	0	0	0	0	0	0
L321B	39	48	31	30	4	0	2	4	0	9	0	0	5	21	1	2	34	27	0	21	23	0	1	16	0	2	33	62	2
Q322A	0	0	0	0	0	0	0	0	0	0	0	0	0	0	0	0	0	0	0	0	0	0	0	0	0	0	0	0	0
Q322R	20106	20662	14367	16014	2124	2137	2197	3435	3964	6399	6170	5830	1688	11790	794	944	12140	12093	798	9491	9728	9985	509	13168	8686	702	14004	7572	876
Q322N	0	2	1	0	0	0	0	0	0	0	0	0	0	0	0	0	2	2	0	0	0	0	0	1	1	1	0	0	0
Q322D	1	0	0	0	0	0	0	0	0	0	0	0	0	0	0	0	0	0	0	0	0	0	0	0	0	0	0	0	0
Q322C	0	0	0	0	0	0	0	0	0	0	0	0	0	0	0	0	0	0	0	0	0	0	0	0	0	0	0	0	0
Q322E	462	502	300	320	70	79	61	102	47	154	69	109	35	320	26	23	258	252	12	185	197	84	18	272	211	33	299	21	30
Q322Q	3232793	3328022	2413568	2527787	3023533	2646282	3170806	2562315	2515969	3629063	3010521	2887426	1823643	1848139	1264951	1453761	1994361	1890290	1160452	1673301	1655127	1448796	1226385	2185424	1764559	1376646	2126312	1336197	1101051
Q322G	0	1	2	1	0	0	0	0	0	0	0	0	0	0	0	0	0	0	0	0	1	0	0	1	1	0	0	0	0
Q322H	3003	3205	2341	2230	741	642	561	757	1023	1480	554	1660	358	1784	278	283	1945	1907	275	1541	1311	2344	222	1847	1207	269	1932	1864	261
Q322I	0	0	0	0	0	0	0	0	0	0	0	0	0	0	0	0	0	0	0	0	0	0	0	0	0	0	0	0	0
Q322L	12731	12946	9052	9734	1814	1696	1990	2575	2587	4027	3355	5312	1626	7465	824	655	7596	7641	1043	6024	6683	7800	345	7727	4128	448	8540	4728	734
Q322K	1463	1431	1065	1069	225	268	244	317	212	353	221	380	141	879	100	131	828	870	106	768	719	383	127	873	761	141	885	294	96
Q322M	5	21	6	5	0	4	0	0	0	1	0	0	0	6	0	0	1	6	0	3	0	2	0	2	1	0	1	1	0
Q322F	0	0	0	0	0	0	0	0	0	0	0	0	0	0	0	0	0	0	0	0	0	0	0	0	0	0	0	0	0
Q322P	1318	1425	920	1092	136	137	101	210	274	227	88	290	53	706	43	28	819	799	41	638	729	646	29	827	494	46	870	312	42
Q322S	1	8	0	1	0	1	0	0	0	0	0	0	0	2	0	0	3	5	0	1	3	0	0	2	0	0	9	0	0
Q322T	0	1	0	0	0	0	0	0	0	0	0	0	0	0	0	0	0	0	0	0	0	0	0	1	0	0	0	0	0
Q322W	69	54	35	44	1	6	6	12	17	2	1	0	3	31	5	0	37	18	1	23	12	2	0	41	0	0	34	49	7
Q322Y	15	9	9	7	1	4	0	5	25	11	0	0	0	6	0	0	9	9	1	13	5	0	0	8	0	1	9	1	0
Q322V	0	2	1	1	0	0	0	1	0	0	0	0	0	1	0	0	1	2	0	2	4	0	0	0	0	0	0	0	0
Q322X	2	1	4	2	1	2	0	0	0	2	0	0	0	2	0	0	4	3	0	3	2	0	1	2	0	0	4	0	0
Q322B	9465	10661	7307	7907	2182	2128	1655	2060	2066	3057	1468	2184	1032	5723	759	871	6269	5815	498	5246	5920	3256	768	6586	12264	725	6813	2353	850
K323A	2	9	7	3	0	1	0	0	0	12	0	0	0	0	0	0	3	6	1	2	1	0	0	5	0	1	1	0	1
K323R	12636	13291	9519	10305	3772	3305	3020	3554	4812	6589	6005	5737	2250	7619	1448	1591	7777	7984	1481	6309	6138	5202	873	8141	5652	1164	8802	7775	1361
K323N	12551	13319	9166	9616	2154	2200	1695	2352	2479	5939	2126	4086	1133	7359	644	780	7340	7310	721	5909	5937	7020	482	7679	4091	610	8314	4780	795
K323D	36	18	33	29	20	9	3	7	15	0	1	9	1	24	0	0	31	29	0	19	18	11	2	29	2	7	40	1	2
K323C	0	0	0	0	0	0	0	0	0	0	0	0	0	0	0	0	0	0	0	0	0	0	0	0	0	0	0	0	0
K323E	9843	10401	6979	7611	1871	1743	1509	2004	2417	3986	2441	3257	1160	5709	621	750	5927	5973	715	4808	4337	5289	433	6153	3463	471	6593	5049	686
K323Q	725	767	489	595	117	149	216	142	194	743	102	235	75	403	48	41	422	412	61	358	380	85	27	439	149	43	465	147	46
K323G	27	12	8	17	4	2	2	5	15	0	0	16	2	9	0	2	20	21	0	7	9	14	2	11	1	0	15	4	0
K323H	0	0	0	0	0	2	0	0	0	0	0	0	0	0	0	0	0	0	0	0	0	0	0	0	0	0	0	3	0
K323I	10464	11176	7596	8064	1750	1695	1359	2081	2697	5554	1597	3014	1118	6202	642	786	6505	6280	611	5053	5173	4331	465	6566	3931	474	6993	2853	642
K323L	34	17	25	24	7	3	0	9	0	41	0	6	1	15	0	3	25	22	0	15	16	1	6	16	15	3	9	0	0
K323K	3222808	3316772	2405961	2519565	3019729	2642890	3168752	2559671	2512109	3619353	3008927	2884268	1821986	1842189	1263873	1452204	1988365	1884143	1159252	1667974	1650990	1444553	1225704	2179137	1772541	1375900	2119815	1330828	1099896
K323M	12	13	16	24	0	0	2	2	0	1	0	5	0	10	0	1	18	10	1	15	11	1	1	12	0	0	10	0	2
K323F	0	0	0	0	0	0	0	0	0	0	0	0	0	0	0	0	0	0	0	0	0	0	0	0	0	0	0	0	0
K323P	0	0	0	1	0	0	0	0	0	0	0	0	0	0	0	0	0	0	0	0	0	0	0	0	0	0	0	0	0
K323S	29	30	25	30	7	4	6	2	1	42	0	0	0	12	2	2	6	16	1	16	21	20	0	27	9	1	20	0	1
K323T	1081	1204	826	840	174	171	134	212	220	551	96	585	85	583	97	69	642	691	36	551	527	1041	50	669	189	62	786	143	65
K323W	0	0	0	0	0	0	0	0	0	0	0	0	0	0	0	0	0	0	0	0	0	0	0	0	0	0	0	0	0
K323Y	28	26	32	21	3	5	0	7	0	0	4	2	4	22	0	1	5	25	0	20	22	0	0	23	1	3	17	0	1
K323V	25	40	52	59	0	3	3	2	0	1	0	9	1	23	2	1	53	25	0	49	45	18	3	54	37	0	32	0	2
K323X	11084	11821	8216	9376	1220	1196	919	1735	1225	1963	1148	1962	762	6655	403	462	7106	6742	347	6107	6797	5703	356	7806	2232	273	7766	1791	445
K323B	49	37	28	34	0	8	1	4	0	1	0	0	1	20	0	3	28	23	0	27	19	9	0	15	0	0	34	18	2
V324A	14356	14533	10382	11034	4251	4086	3130	3643	3696	6336	2639	4334	1898	8002	1376	1302	8676	8226	1063	6649	7326	4659	1090	9058	7955	1298	9843	6465	1336
V324R	0	0	0	0	0	0	0	0	0	0	0	0	0	0	0	0	0	0	0	1	0	0	0	1	0	0	0	0	0
V324N	0	0	0	0	0	0	0	0	0	0	0	0	0	0	0	0	0	0	0	0	0	0	0	0	0	0	0	0	0
V324D	2	0	1	1	4	0	0	2	0	0	0	0	0	3	1	0	0	4	0	0	2	0	0	3	1	1	1	2	0
V324C	0	0	0	0	0	0	0	0	0	0	0	0	0	0	0	0	0	0	0	0	0	0	0	0	0	0	0	0	0
V324E	8812	9333	6314	6826	805	918	648	1250	1759	2662	1303	1743	484	5144	296	297	5307	5222	295	4216	3924	2618	239	5635	5618	248	6262	4394	348
V324Q	0	0	0	0	0	0	0	0	0	0	0	0	0	0	0	0	0	0	0	0	0	0	0	0	0	0	0	0	0
V324G	1177	1273	893	874	141	170	97	164	257	493	202	119	88	665	50	59	756	749	24	604	563	180	40	808	362	56	806	324	71
V324H	0	0	0	0	0	0	0	0	0	0	0	0	0	0	0	0	0	0	0	0	0	0	0	0	0	0	0	0	0
V324I	1	5	2	1	1	1	0	0	0	1	0	0	0	0	0	0	2	1	0	2	0	2	0	1	0	0	0	1	0
V324L	1288	1552	1162	1044	390	362	411	366	377	1275	316	417	129	867	128	151	826	797	117	746	650	471	136	854	468	190	934	420	124
V324K	4	9	1	1	1	1	0	0	1	0	0	2	0	0	0	0	0	3	0	5	2	0	0	5	0	1	3	0	0
V324M	4419	4834	3124	3305	681	671	542	874	983	1522	630	929	397	2637	242	236	2682	2632	233	2054	2112	1497	185	2779	1084	193	3112	2092	251
V324F	0	5	0	0	0	1	0	0	0	0	0	0	0	1	0	1	1	1	0	0	1	2	1	0	2	0	0	0	0
V324P	7	0	1	1	0	0	0	0	0	1	0	0	0	3	0	0	2	7	2	0	5	0	0	2	0	0	2	0	1
V324S	16	20	15	9	2	1	9	2	1	1	1	1	1	28	1	1	9	13	2	11	9	6	2	18	16	6	13	2	4
V324T	6	10	8	6	3	3	0	2	0	1	0	0	0	5	1	0	5	5	0	3	4	0	1	4	2	3	6	0	0
V324W	0	0	1	0	0	0	0	1	0	0	0	0	0	2	0	0	1	0	0	0	0	0	0	1	0	0	0	0	0
V324Y	0	0	0	0	0	0	0	0	0	0	0	0	0	0	0	0	0	0	0	0	0	0	0	0	0	0	0	0	0
V324V	3251340	3347375	2427071	2543111	3024549	2647172	3172784	2565485	2519109	3632484	3017356	2895646	1825582	1859494	1265685	1454649	2006003	1902047	1161491	1682943	1665843	1463863	1226710	2197611	1776803	1377016	2138729	1339692	1101812
V324X	0	0	0	0	0	0	0	0	0	0	0	0	0	0	0	0	0	0	0	0	0	0	0	0	0	0	0	0	0
V324B	6	4	3	1	0	0	0	0	1	0	0	0	0	3	0	0	3	5	0	5	0	0	0	2	2	0	1	0	0
K325A	3	0	0	1	0	0	0	1	0	0	0	0	0	0	0	0	5	7	0	3	0	1	0	1	0	2	1	0	0
K325R	14025	14467	10230	10827	4931	4393	3440	3967	4418	6997	3601	4531	2321	8120	1492	1480	8471	8388	1445	6661	6621	5628	1057	8791	6715	1442	9240	4405	1591
K325N	2071	2333	1581	1503	400	449	412	488	624	714	277	451	227	1323	165	168	1292	1403	181	1147	958	594	169	1389	547	209	1332	441	164
K325D	13	9	7	12	1	0	1	1	0	1	0	1	3	7	0	1	5	7	1	5	4	0	0	8	1	0	11	0	3
K325C	0	0	0	0	0	0	0	0	0	0	0	0	0	0	0	0	0	0	0	0	0	0	0	0	0	0	0	0	0
K325E	17539	18267	12813	13939	2808	2684	2586	3473	3342	5895	4080	4669	1602	10302	961	1020	10774	10324	798	8535	9707	8476	676	11404	6471	859	11822	8578	1208
K325Q	968	1078	728	788	219	204	191	211	156	327	145	361	89	547	105	76	605	537	52	439	502	243	81	629	170	89	669	182	102
K325G	43	44	42	43	7	11	16	18	19	3	2	3	2	44	4	2	39	41	1	26	23	2	3	39	5	3	46	4	3
K325H	4	0	0	1	0	3	0	0	0	0	0	0	0	2	0	0	2	0	0	1	1	0	0	1	0	0	0	0	0
K325I	12	5	7	2	1	4	3	3	2	2	0	2	4	9	0	0	8	8	0	6	9	5	1	7	5	0	5	2	0
K325L	64	52	43	40	7	18	1	11	0	1	0	5	0	36	4	0	27	35	3	17	29	8	0	18	10	5	39	81	0
K325K	3223674	3318173	2406578	2520490	3017530	2641230	3167576	2558649	2513306	3621592	3006769	2885183	1821731	1843217	1263487	1452141	1988829	1885447	1159114	1668833	1650179	1449718	1225287	2179351	1771468	1375032	2120621	1332252	1099039
K325M	8739	9427	6379	6737	2564	2229	1820	2383	2619	4472	4612	4577	1398	5083	819	835	5273	5328	983	4198	3968	2985	430	5581	3147	633	6142	4633	957
K325F	0	0	1	0	0	0	0	0	0	0	0	0	0	0	0	0	0	0	0	0	0	0	0	0	0	0	0	0	0
K325P	0	0	0	0	0	0	0	0	0	1	0	0	1	1	0	0	0	0	0	0	1	8	0	0	0	0	0	0	0
K325S	3	14	3	3	3	0	2	0	0	1	0	0	1	1	0	1	4	3	0	2	4	3	1	2	1	0	3	12	0
K325T	1421	1405	974	1020	246	221	183	256	259	579	1380	361	138	826	67	125	888	758	65	691	662	397	45	837	740	65	994	742	99
K325W	41	53	22	27	18	5	1	17	0	1	1	4	12	31	3	4	19	24	1	22	26	23	1	26	56	5	32	1	1
K325Y	8	9	6	1	0	0	0	0	0	0	0	0	0	3	0	0	2	1	1	1	4	3	2	3	2	0	3	0	0
K325V	43	25	35	23	7	3	7	9	0	0	25	6	0	17	0	1	12	32	0	15	17	4	1	33	6	0	21	0	1
K325X	16	13	9	7	2	2	1	0	1	0	3	0	1	6	0	0	5	13	0	7	12	2	0	10	0	0	9	0	1
K325B	12747	13579	9520	10750	2084	1930	1381	2302	1438	4190	1552	3037	1049	7279	673	842	8013	7356	582	6630	7714	5198	650	8652	2969	668	8722	2059	778
I326A	29	14	20	13	9	3	2	3	0	0	0	0	0	10	1	3	17	13	0	8	17	5	1	9	0	1	13	1	7
I326R	0	2	2	0	0	0	0	0	0	0	0	0	0	1	0	0	1	1	0	2	1	1	0	3	0	0	0	0	0
I326N	6357	6702	4716	5137	627	675	447	929	599	2116	1086	1060	384	3732	233	178	3848	3739	210	3089	3318	3504	173	4119	2820	211	4477	3271	222
I326D	9	12	10	9	0	2	0	0	0	0	0	0	1	9	0	0	9	3	1	5	2	0	0	8	0	0	18	18	1
I326C	0	0	0	0	0	0	0	0	0	0	0	0	0	0	0	0	0	0	0	0	0	0	0	0	0	0	0	0	0
I326E	0	0	0	0	0	0	0	0	0	0	0	0	0	0	0	0	0	0	0	0	0	0	0	0	0	0	0	0	0
I326Q	0	0	0	0	0	0	0	0	0	0	0	0	0	0	0	0	0	0	0	0	0	0	0	0	0	0	0	0	0
I326G	0	0	0	0	0	0	0	0	0	0	0	0	0	0	0	0	0	0	0	0	0	0	0	0	0	0	0	0	0
I326H	0	1	1	0	0	0	0	0	0	0	0	0	0	0	0	0	1	0	0	0	0	0	0	0	0	0	0	0	0
I326I	3253163	3349228	2428163	2543813	3023973	2647167	3171856	2565305	2518929	3632376	3015491	2893619	1824962	1860357	1265305	1454193	2006925	1903109	1160714	1683584	1665651	1462874	1226633	2198389	1780619	1377042	2140182	1339649	1101421
I326L	503	594	405	435	137	156	112	119	183	271	58	116	47	320	60	43	349	305	41	257	268	122	39	328	213	30	439	190	49
I326K	17	15	22	0	0	0	3	2	1	0	0	1	0	15	0	1	9	23	0	14	2	10	3	17	10	3	9	9	0
I326M	379	431	289	288	110	95	100	97	61	156	59	71	35	222	39	37	208	267	30	168	204	59	36	256	80	32	233	14	34
I326F	4686	4900	3373	3649	2457	2064	2017	1796	3104	4984	2945	3023	1524	2663	884	980	2839	2695	1214	2259	2234	1453	460	2935	2373	615	3195	3721	903
I326P	0	0	0	0	0	0	0	0	0	0	0	0	0	0	0	0	0	0	0	0	0	0	0	0	0	0	0	0	0
I326S	332	293	238	266	44	66	22	41	3	68	54	72	40	206	16	20	197	182	4	174	185	44	18	215	69	11	237	55	11
I326T	8563	9234	6282	6933	1123	1238	1250	1519	1481	2501	1038	2447	528	5042	450	339	5292	5005	368	4034	4539	2132	310	5642	3272	314	5816	2941	504
I326W	0	0	0	0	0	0	0	0	0	0	0	0	0	0	0	0	0	0	0	0	0	0	0	0	0	0	0	0	0
I326Y	0	4	1	1	0	0	0	4	0	0	0	0	1	1	0	0	0	0	0	0	3	0	0	2	0	1	0	0	0
I326V	7396	7523	5456	5670	2348	1920	1812	1974	1823	2304	1716	2782	1057	4276	792	902	4578	4370	645	3645	4017	3094	731	4859	2857	752	5093	3523	795
I326X	0	0	0	0	0	0	0	0	0	0	0	0	0	0	0	0	0	0	0	0	0	0	0	0	0	0	0	0	0
I326B	0	0	0	0	0	0	0	0	0	0	0	0	0	0	0	0	0	0	0	0	0	0	0	0	0	0	0	0	0
E327A	980	975	721	818	224	165	145	163	142	284	459	170	58	565	75	49	616	546	53	502	579	468	66	574	984	67	640	1150	71
E327R	92	124	61	59	8	12	3	16	0	29	4	4	3	59	1	1	60	72	2	35	38	1	7	40	6	4	66	26	2
E327N	12	16	9	10	0	0	1	2	0	0	0	0	0	4	0	0	5	4	0	8	5	2	0	7	2	1	6	145	0
E327D	6220	7444	4422	4174	1493	1363	1019	1141	1589	2788	1378	1746	646	3633	420	470	3662	3925	374	2715	2309	2088	334	3851	2535	522	4497	3212	451
E327C	0	0	0	0	0	0	0	0	0	0	0	0	0	0	0	0	0	0	0	0	0	0	0	0	0	0	0	0	0
E327E	3228011	3321026	2409556	2524805	3015104	2638007	3166690	2558748	2512812	3621948	3008776	2885400	1821613	1846053	1263012	1451785	1991605	1886857	1158710	1671614	1654697	1450467	1225005	2182100	1770794	1374572	2122425	1330178	1098206
E327Q	154	140	114	120	90	40	40	54	18	44	101	126	27	103	19	23	80	99	10	94	92	17	17	118	80	15	106	82	25
E327G	16819	17365	12313	12982	3280	3200	2617	3509	3056	5547	3099	5126	1684	9498	1111	1160	10161	10050	1094	8103	7959	7723	753	10902	6596	973	11660	6471	1189
E327H	0	0	0	0	0	0	0	0	0	0	0	0	0	0	0	0	0	0	0	0	0	0	0	0	0	0	0	0	0
E327I	0	0	0	0	0	0	0	0	0	0	0	0	0	0	0	0	0	0	0	0	0	0	0	0	0	0	0	0	0
E327L	30	40	37	10	5	3	5	9	11	0	5	1	0	34	2	1	27	33	8	22	12	18	3	27	15	15	21	66	4
E327K	10427	11176	7735	8386	2531	2594	2221	2625	2623	4178	2607	4632	1425	5962	1052	1168	6437	6658	862	5100	5542	2928	780	6847	4273	930	7062	3325	1090
E327M	28	46	26	28	8	22	4	9	20	7	0	12	1	20	7	2	29	34	3	17	27	2	0	23	4	0	22	1	0
E327F	0	0	0	0	0	0	0	0	0	0	0	0	0	1	0	0	0	1	0	0	0	0	0	3	0	0	0	1	0
E327P	0	0	0	0	0	0	0	0	0	0	0	0	0	0	0	0	0	0	0	0	0	0	0	0	0	0	0	0	0
E327S	1	1	6	0	0	0	0	1	1	1	1	1	0	2	0	0	2	4	1	3	1	1	2	2	8	0	1	4	0
E327T	6	6	4	6	0	0	1	5	1	1	1	0	1	2	0	1	2	2	0	1	5	0	0	9	1	1	2	0	0
E327W	15	22	17	25	0	1	2	0	1	0	5	3	0	12	2	1	19	14	0	10	5	1	1	18	1	0	10	2	1
E327Y	3	7	11	4	0	0	0	0	0	0	0	1	0	5	0	0	6	5	1	3	2	0	0	5	0	1	1	1	2
E327V	15394	16867	11331	12069	7279	7270	4178	4735	5170	8682	5186	5243	2788	8900	1814	1757	9438	9304	1896	7193	7393	7410	1194	10071	6489	1619	10903	7810	2673
E327X	5	3	1	0	1	0	0	0	1	0	0	4	0	1	0	0	0	2	0	1	0	2	0	1	0	0	1	0	0
E327B	3237	3695	2614	2718	805	709	695	772	739	1267	825	722	333	2000	265	278	2124	2102	213	1818	1775	2170	242	2184	525	292	2289	918	233
V328A	15214	15110	10468	11689	3278	2901	2686	3495	4573	6229	3438	6176	1803	8485	1303	1421	8963	8553	1323	6865	7519	6704	762	9454	6349	1004	10116	6572	1268
V328R	0	0	0	0	0	0	0	0	0	0	0	0	0	2	0	0	1	1	0	0	0	0	0	0	0	0	0	0	0
V328N	0	0	0	0	0	0	0	0	0	0	0	0	0	0	0	0	0	0	0	0	0	0	0	0	0	0	0	0	0
V328D	1	2	1	3	0	0	0	0	0	0	0	0	1	2	0	0	0	0	0	0	0	0	0	1	0	0	3	0	0
V328C	0	0	0	0	0	0	0	0	0	0	0	0	0	0	0	0	0	0	0	0	0	0	0	0	0	0	0	0	0
V328E	5872	6171	4413	4712	585	610	459	696	564	1134	520	924	287	3597	148	152	3547	3361	139	2781	2919	2659	154	3728	2821	169	4207	2253	239
V328Q	0	0	0	0	0	0	0	0	0	0	0	0	0	0	0	0	0	0	1	0	0	0	0	0	0	0	0	0	0
V328G	807	838	505	611	99	111	58	129	136	199	40	347	33	498	43	38	459	534	39	398	375	242	22	512	271	21	535	319	27
V328H	0	0	0	0	0	0	0	0	0	0	0	0	0	0	0	0	0	0	0	0	0	0	0	0	0	0	0	0	0
V328I	8	15	6	11	1	0	0	2	1	0	0	3	0	1	0	1	3	4	0	5	4	7	2	2	2	1	2	2	0
V328L	883	955	741	712	244	216	240	285	314	182	188	355	84	545	106	101	560	632	86	479	430	235	122	558	207	92	590	311	82
V328K	1	3	1	8	0	0	0	0	0	0	0	0	0	0	0	0	0	3	0	0	1	0	0	0	1	0	1	0	0
V328M	4619	5065	3402	3682	915	915	737	973	720	1484	483	1346	445	2698	323	290	2908	2850	264	2234	2481	1148	237	3128	1527	306	3218	2195	353
V328F	1	0	1	0	1	0	0	0	0	0	0	0	0	1	0	0	0	0	1	2	2	0	0	0	1	0	0	0	0
V328P	0	1	0	0	0	0	0	0	0	0	0	0	0	0	0	0	1	0	0	1	1	0	0	0	0	0	0	0	0
V328S	13	10	9	0	0	1	2	1	3	0	2	0	0	8	1	2	8	20	3	18	5	12	0	6	15	1	4	7	1
V328T	10	9	13	10	3	2	1	4	1	0	41	21	1	3	3	1	7	10	0	4	6	0	0	7	0	1	9	0	0
V328W	2	0	0	1	0	0	0	0	0	0	0	0	0	0	0	0	0	0	0	0	0	0	0	1	0	0	0	0	0
V328Y	0	0	0	0	0	0	0	0	0	0	0	0	0	0	0	0	0	0	0	0	0	0	0	0	0	0	0	0	0
V328V	3254001	3350772	2429417	2544771	3025702	2648630	3173438	2566204	2519872	3635548	3017735	2894019	1825925	1861012	1265853	1454690	2007814	1903744	1161371	1684447	1666698	1462291	1227105	2199381	1781119	1377417	2141025	1341732	1101977
V328X	0	0	0	0	0	0	0	0	0	0	0	0	0	0	0	0	0	0	0	0	0	0	0	0	0	0	0	0	0
V328B	2	2	1	4	0	0	0	0	0	0	0	0	0	2	0	0	2	0	0	5	0	0	0	4	0	0	2	1	0
N329A	5	3	2	4	0	0	0	3	0	0	0	0	0	0	0	0	1	1	0	3	1	0	1	1	0	0	0	0	0
N329R	43	44	24	18	16	7	7	12	7	2	1	0	5	40	1	3	36	40	5	29	14	12	5	20	80	7	26	6	0
N329N	3231908	3326133	2412820	2526375	3014198	2638226	3166109	2558324	2510559	3620704	3008220	2881706	1820840	1847455	1262804	1451407	1993676	1889586	1158159	1672786	1654767	1452826	1224728	2183757	1769954	1374228	2124458	1331879	1097612
N329D	13518	14146	9520	10360	3969	3739	2897	3497	3297	5352	3484	4907	1835	7982	1119	1202	8085	7881	1087	6346	6338	5507	881	8444	4209	1159	9121	5172	1578
N329C	60	31	35	50	7	6	15	5	0	151	7	3	8	43	2	5	46	42	1	24	24	3	1	36	19	0	45	17	9
N329E	22	12	11	15	1	5	0	2	2	0	0	15	0	10	0	0	8	4	0	6	3	0	0	6	1	0	11	2	0
N329Q	0	0	0	0	0	0	0	0	0	0	0	0	0	0	0	0	1	0	0	0	0	0	0	0	0	0	0	0	0
N329G	48	50	36	37	21	4	9	11	2	2	2	15	7	30	6	4	42	35	3	24	15	1	2	27	17	4	43	33	11
N329H	1058	1274	730	881	178	236	139	256	211	319	82	271	86	651	78	70	585	645	44	503	457	192	60	705	2131	73	782	133	107
N329I	6614	7157	4891	5647	1630	1314	1149	1513	1536	2198	1221	2972	660	3850	431	482	4250	4019	433	3386	3428	2950	320	4614	3109	476	4774	2308	642
N329L	6	4	1	4	0	0	0	0	0	0	0	0	0	1	0	1	2	5	0	0	1	0	0	3	0	1	1	23	0
N329K	1990	2150	1755	1672	629	534	504	633	570	668	387	661	270	1305	204	211	1324	1320	188	1117	1098	615	229	1383	781	286	1570	564	266
N329M	1	1	3	1	0	0	0	0	0	0	0	0	0	0	0	0	0	0	0	0	0	0	0	1	0	0	3	3	0
N329F	9	5	8	7	3	1	0	2	0	0	2	0	3	3	0	0	2	8	0	1	5	0	1	2	0	2	10	1	0
N329P	0	0	0	0	0	0	0	0	0	0	0	0	0	1	0	0	0	1	0	1	1	0	0	0	0	0	0	0	0
N329S	16938	18015	12498	13537	8129	7504	5084	5170	7342	11558	5409	6573	3388	10012	2295	2471	10574	10572	2433	8408	9403	5063	1701	11589	5754	2088	12280	6725	2880
N329T	912	861	677	737	257	225	198	253	126	305	168	150	144	521	93	93	603	550	83	456	452	213	62	588	234	90	638	220	90
N329W	0	0	0	0	0	0	0	0	0	0	0	0	0	0	0	0	0	0	0	0	0	0	0	0	0	0	0	0	0
N329Y	8276	9037	5942	6848	1779	1585	1505	2106	2532	3517	3462	5916	1333	4936	746	744	5020	4984	788	4137	4416	5903	412	5586	6019	596	5921	6297	752
N329V	13	17	21	20	11	0	5	2	0	0	2	2	0	5	1	2	13	14	3	9	15	11	0	19	1	2	25	9	0
N329X	6	10	4	1	0	0	0	0	0	0	0	0	0	8	0	1	5	3	0	3	3	2	1	0	0	0	4	0	0
N329B	7	3	0	0	0	0	0	0	0	0	0	0	0	1	0	0	0	2	0	0	0	0	0	1	4	0	0	0	0
E330A	514	576	386	472	149	153	119	143	215	132	132	111	40	328	48	55	331	369	52	307	328	99	40	414	241	60	369	65	62
E330R	32	38	23	24	5	2	0	8	14	2	4	3	1	15	1	2	10	19	0	18	24	26	1	25	34	0	32	0	0
E330N	4	5	2	3	2	5	5	0	0	0	0	0	0	4	0	0	4	3	1	10	2	0	1	0	3	0	6	0	7
E330D	2797	2924	2148	2130	1029	858	893	823	1204	744	550	795	427	1773	342	372	1744	1920	329	1520	1447	1149	313	1849	2150	430	1926	581	306
E330C	0	0	0	0	0	0	0	0	0	0	0	0	1	0	0	0	0	0	0	0	0	0	0	0	0	0	0	0	0
E330E	3235362	3330337	2414764	2528678	3021984	2644424	3170103	2560873	2516736	3630404	3015107	2888217	1823353	1849364	1264910	1453361	1997146	1891466	1160218	1675019	1658807	1455612	1226212	2187079	1774861	1376043	2128084	1338233	1100629
E330Q	259	199	150	170	106	49	41	83	11	211	18	211	59	125	29	28	82	122	27	83	75	109	8	107	12	11	164	284	14
E330G	19084	19839	14461	16636	3647	3747	3175	5119	3632	5924	2884	5398	2116	11329	1085	1322	10855	11542	1168	8891	8768	7129	847	12286	7823	1178	12767	6128	1509
E330H	0	1	0	0	0	0	0	0	0	0	0	0	0	0	0	0	0	0	0	1	0	0	0	0	0	0	0	0	0
E330I	0	0	0	0	0	0	0	0	0	0	0	0	0	0	0	0	0	0	0	0	0	0	0	0	0	0	0	0	0
E330L	14	23	33	3	0	0	4	3	3	1	0	4	1	19	0	0	13	24	1	12	0	7	1	18	13	1	5	11	0
E330K	9341	10119	6832	7075	1531	1728	1247	1808	1284	3504	1513	3083	1034	5607	563	583	5744	5726	542	4647	4131	3684	361	5896	3279	514	6494	3040	557
E330M	44	47	27	42	8	3	10	4	37	18	86	0	3	26	0	1	28	17	6	30	11	1	1	29	1	2	16	0	5
E330F	0	1	0	0	0	0	0	0	0	0	0	0	0	0	0	0	0	0	0	0	0	0	0	0	0	0	0	0	0
E330P	0	0	0	0	0	0	0	0	0	0	0	0	0	0	0	0	0	0	0	0	0	0	0	0	0	0	0	0	0
E330S	0	2	3	0	0	0	0	1	1	1	0	0	0	2	0	0	0	1	0	1	0	0	0	1	1	0	0	0	0
E330T	0	0	0	2	0	1	0	0	0	0	0	1	0	0	0	0	1	1	0	3	1	0	0	0	0	0	0	1	0
E330W	9	11	7	7	0	0	1	2	1	0	0	1	1	12	0	0	11	7	2	11	4	1	1	7	1	1	3	49	4
E330Y	2	3	1	1	0	1	1	0	2	0	0	0	1	3	0	0	3	1	1	1	1	0	0	0	2	1	6	0	1
E330V	10956	11588	7689	8482	1818	1806	1462	2232	2238	3100	1815	4629	1280	6452	603	719	6377	6544	694	5020	5189	4572	398	7066	3392	534	7656	4249	685
E330X	0	1	2	0	0	0	0	0	0	0	0	0	0	1	0	0	1	1	0	3	1	0	0	3	1	1	0	0	0
E330B	3016	3239	2450	2489	549	609	560	690	806	735	338	738	262	1794	199	253	1923	1949	186	1662	1652	909	220	2002	499	236	2184	751	168
S331A	0	0	1	0	0	0	1	0	0	0	0	0	0	0	0	0	0	0	0	0	0	0	0	0	0	0	0	0	0
S331R	13765	14574	9987	10793	4574	4097	3185	3713	4171	7896	5088	5764	2121	8284	1332	1516	8169	8359	1383	6638	6822	21674	1082	8987	4554	1421	9824	4407	1718
S331N	3403	3720	2589	2728	1431	980	1358	1020	1448	2916	2929	1664	650	2252	783	901	2126	2332	589	1713	1815	1466	562	2448	1113	518	2525	1496	463
S331D	8	12	8	7	4	2	1	6	1	2	0	2	2	6	0	2	7	6	0	3	4	0	0	5	0	1	2	0	0
S331C	8249	8769	5886	6589	22782	14204	19874	10596	17976	31549	55100	36050	25639	4861	8271	6301	5095	4819	20436	3961	4088	4851	806	5375	4986	4114	5938	7740	9152
S331E	0	0	0	0	0	0	0	0	0	0	0	0	0	0	0	0	0	0	0	0	0	0	0	0	0	0	0	0	0
S331Q	0	0	0	0	0	0	0	0	0	0	0	0	0	0	0	0	0	0	0	0	0	0	0	0	0	0	0	0	0
S331G	11512	12264	8330	8879	6390	5647	4431	4234	4150	8061	4311	4651	3101	6655	1968	1809	6863	7147	2109	5636	5727	4077	1277	7579	4491	1747	8084	4425	2311
S331H	3	2	2	0	0	0	0	5	0	0	0	0	0	0	0	0	0	1	0	0	0	0	0	1	0	0	0	0	0
S331I	1625	1714	1208	1203	527	493	316	463	406	612	189	411	238	974	144	167	1050	1001	183	875	795	785	129	1141	532	216	1116	429	160
S331L	1	1	0	0	0	0	0	0	1	0	0	0	0	1	0	1	2	2	0	1	3	2	1	1	0	1	1	0	0
S331K	13	7	8	5	0	2	3	0	0	0	0	0	0	5	0	0	0	8	0	2	1	0	0	3	0	0	6	0	0
S331M	0	0	3	1	0	0	0	0	0	0	0	0	0	0	0	0	0	1	0	2	1	0	0	2	0	0	0	0	0
S331F	6	6	5	0	0	0	8	10	12	0	3	19	3	10	6	5	4	14	9	2	2	2	0	3	5	8	3	5	0
S331P	0	0	0	0	0	0	0	0	0	0	0	0	1	0	0	0	0	0	1	0	0	0	0	0	0	0	0	0	0
S331S	3242718	3337730	2420832	2535889	2995076	2627940	3148388	2551710	2497995	3593702	2954771	2854594	1796815	1853720	1255262	1445979	2000862	1895935	1138507	1678344	1661087	1440389	1224534	2191125	1776605	1370971	2132114	1334834	1090122
S331T	94	118	92	93	37	17	46	27	24	35	33	33	8	53	13	14	64	63	6	39	71	39	13	94	26	10	65	54	21
S331W	1	1	3	0	0	0	0	1	0	1	0	0	0	0	0	0	0	0	0	0	4	0	0	0	0	0	1	0	0
S331Y	5	5	2	4	6	1	2	1	0	1	2	2	0	0	0	0	9	0	1	3	2	0	0	1	0	1	1	2	0
S331V	9	0	1	2	0	0	1	1	0	0	0	0	0	0	0	0	5	5	0	5	0	2	0	6	1	3	2	0	0
S331X	22	30	21	21	1	3	7	2	0	1	21	1	1	33	1	1	17	19	3	15	19	11	0	11	0	1	30	0	0
S331B	0	0	0	0	0	0	0	0	0	0	0	0	0	0	0	0	0	0	0	0	0	0	0	0	0	0	0	0	0
G332A	484	480	345	365	197	141	115	152	84	93	85	100	58	299	49	47	308	289	43	229	258	79	52	287	125	53	352	143	81
G332R	90	103	62	72	34	34	30	39	16	40	40	63	14	47	8	20	54	56	8	37	47	41	9	50	69	5	50	4	9
G332N	17	16	14	11	9	21	2	5	1	0	2	1	6	6	1	2	7	11	0	4	6	7	1	10	1	6	12	1	0
G332D	8186	9033	6103	6700	2352	2325	1825	2237	1612	2751	2309	2090	1001	4929	822	972	5189	4989	600	4121	4383	2505	723	5424	4266	757	5909	4513	824
G332C	1469	1673	1297	1246	597	474	457	410	298	414	292	401	129	911	143	150	1039	1038	170	874	770	319	136	1023	505	189	1039	404	115
G332E	2	2	1	8	0	0	0	0	0	0	1	0	1	2	0	0	0	2	0	5	1	0	0	1	1	0	2	0	0
G332Q	0	0	0	0	0	0	0	0	0	0	0	0	0	0	0	0	0	0	0	0	0	0	0	0	0	0	0	0	0
G332G	3262482	3358068	2434555	2550686	3024839	2648026	3173371	2566702	2522111	3638450	3017497	2898727	1826387	1865686	1265953	1454779	2012423	1908057	1161790	1687816	1670171	1468010	1226843	2204282	1784605	1377150	2146072	1345495	1101986
G332H	1	0	0	0	0	0	0	0	0	0	0	0	0	0	0	1	0	0	0	0	0	0	1	0	0	0	0	0	0
G332I	15	20	18	1	2	0	1	4	3	0	1	1	0	16	1	0	5	19	0	8	4	0	1	10	5	4	9	3	0
G332L	0	0	0	0	0	0	0	0	0	0	0	0	0	0	0	0	0	0	0	0	0	0	0	0	1	0	0	0	0
G332K	0	0	0	0	0	0	0	0	0	0	0	0	1	0	0	0	0	0	0	0	0	0	0	0	0	0	0	0	0
G332M	0	0	0	0	0	0	0	0	0	0	0	0	0	0	0	0	0	0	0	0	0	0	0	0	0	0	0	0	0
G332F	1	12	6	3	0	1	1	3	4	0	0	0	0	9	1	1	4	15	0	11	1	4	1	7	4	2	3	4	0
G332P	0	1	0	0	0	0	0	0	0	0	0	0	0	0	0	0	0	0	0	0	0	0	0	0	0	0	0	0	0
G332S	6211	6838	4593	5067	2060	1744	1258	1502	1317	2350	1807	1247	754	3468	584	509	3613	3693	467	2837	3458	1109	446	4101	1517	584	4515	1942	711
G332T	5	0	1	0	0	0	1	0	0	0	0	0	0	3	0	0	2	0	0	0	0	0	0	0	0	1	1	0	0
G332W	0	0	0	0	0	0	0	0	0	0	0	0	0	0	0	0	0	0	0	0	0	0	0	0	0	0	0	0	0
G332Y	10	20	15	0	1	2	2	8	3	0	0	0	0	15	2	1	6	16	1	11	5	3	2	10	8	2	9	11	2
G332V	2460	2687	1968	2055	737	618	558	727	735	678	413	561	228	1463	216	214	1622	1525	148	1286	1336	1221	189	1577	1206	259	1739	872	219
G332X	1	0	0	0	0	0	0	0	0	0	0	0	0	0	0	0	1	2	0	0	1	0	0	0	0	0	0	0	0
G332B	0	0	0	0	0	0	0	0	0	0	0	0	0	0	0	0	0	0	0	0	0	0	0	0	0	0	0	0	0
T333A	17649	18067	12498	13768	4703	4593	3777	4428	5659	7319	5175	6222	2346	10585	1760	1749	10943	10199	1466	8562	8702	6138	1225	11580	6048	1554	11999	7289	1759
T333R	464	566	402	425	38	54	62	69	68	321	45	34	57	363	31	18	362	322	15	247	298	179	23	373	120	16	394	16	18
T333N	1	6	2	5	0	0	0	1	1	10	3	0	0	4	0	1	11	4	0	5	6	0	0	8	1	0	4	5	1
T333D	0	0	0	0	0	0	0	0	0	0	0	0	0	0	0	0	0	0	0	0	0	0	0	0	0	0	0	0	0
T333C	0	0	0	0	0	0	0	0	0	0	0	0	0	0	0	0	0	0	0	0	0	0	0	0	0	0	0	0	0
T333E	33	34	34	4	3	5	6	8	4	0	0	13	1	34	1	0	28	24	1	20	9	19	1	22	15	3	16	9	2
T333Q	0	1	0	0	0	0	0	0	0	0	0	0	0	0	0	0	0	0	0	0	0	0	0	0	0	0	0	0	0
T333G	1	1	1	0	0	1	0	0	0	0	1	0	0	1	0	0	0	1	0	1	1	0	0	0	0	0	0	0	0
T333H	0	0	0	0	0	0	0	0	0	0	0	0	0	0	0	0	0	0	0	0	0	0	0	0	0	0	0	0	0
T333I	8	15	9	16	2	0	3	2	1	50	0	2	0	5	2	0	19	12	1	7	6	1	0	9	4	0	6	2	0
T333L	17	17	11	17	0	1	1	6	0	1	0	9	0	5	5	1	17	8	0	13	15	0	4	23	1	1	27	0	4
T333K	1365	1562	1146	1113	224	252	245	256	408	449	216	291	103	940	135	161	994	997	138	757	761	1590	113	1027	680	168	900	497	60
T333M	11543	12219	8319	8943	2361	2405	1956	2506	2404	5674	3442	4308	1407	6977	825	813	7333	7144	741	5550	5761	5450	657	7587	6368	783	8564	3931	909
T333F	1	0	0	0	0	0	0	0	0	0	0	0	0	0	0	0	0	0	0	0	0	0	0	0	0	0	0	0	0
T333P	997	1054	760	831	128	123	62	138	53	236	195	125	66	648	18	30	675	635	25	571	549	220	27	694	373	30	805	179	51
T333S	11727	12151	8774	9712	4222	3846	3503	3295	4581	6114	2535	4617	1792	7068	1439	1736	7577	7280	1164	5845	6171	3383	1155	8264	5543	1581	8441	5443	1587
T333T	3237577	3333192	2416981	2531333	3019134	2642096	3167997	2561070	2513001	3624584	3010830	2887542	1822798	1850193	1263563	1452182	1996264	1893059	1159674	1675627	1658083	1456265	1225190	2187135	1773086	1374872	2128508	1335855	1099543
T333W	1	1	0	0	0	0	0	0	0	0	0	0	0	0	0	0	0	1	0	0	0	0	0	0	0	0	0	0	0
T333Y	0	0	0	0	0	0	0	0	0	0	0	0	0	0	0	0	0	0	0	0	0	0	0	0	0	0	0	0	0
T333V	39	44	17	31	11	10	7	9	1	18	3	9	1	16	0	4	33	13	2	14	27	4	4	35	11	2	39	6	13
T333X	0	0	0	0	0	0	0	0	0	0	0	0	0	0	0	0	0	0	0	0	0	0	0	0	0	0	0	0	0
T333B	11	23	24	16	2	0	2	1	3	0	2	19	8	15	1	1	17	13	0	20	52	49	5	25	63	2	9	160	0
V334A	16787	17159	11925	12960	6624	5938	5380	6176	6539	9261	7188	8732	3900	9597	2314	2736	10106	9906	2589	8069	8430	7058	1624	10698	6778	2025	11695	6820	2568
V334R	1	1	1	1	0	0	1	0	0	0	0	0	0	1	0	0	1	0	3	1	1	0	1	2	0	0	2	0	0
V334N	0	0	0	0	0	0	0	0	0	0	0	0	0	0	0	0	0	0	0	0	0	0	0	0	0	0	0	0	0
V334D	8	2	1	9	0	1	0	2	0	2	0	1	1	6	0	0	3	7	0	2	3	0	0	4	0	2	4	1	0
V334C	0	0	0	0	0	0	0	0	0	0	0	0	0	0	0	0	0	0	0	0	0	0	0	0	0	0	0	0	0
V334E	9865	10453	7360	8000	3616	3249	2670	2958	3289	5643	3398	4110	1694	5964	1134	1353	6279	6040	1120	5027	5103	2861	1072	6703	5005	1274	7261	3190	1341
V334Q	2	1	1	1	0	0	0	2	0	0	0	0	0	1	0	0	1	2	0	1	2	0	0	3	0	0	0	0	0
V334G	810	874	565	612	162	173	133	155	58	469	59	172	77	492	63	56	495	500	34	374	402	231	62	500	136	71	567	136	58
V334H	0	0	0	0	0	0	0	0	0	0	0	0	0	0	0	0	0	0	0	0	0	0	0	0	0	0	0	0	0
V334I	14	9	7	4	3	1	1	3	0	2	2	1	1	8	0	0	4	9	3	7	8	2	0	11	1	0	17	3	7
V334L	1563	1831	1389	1378	1619	1281	1144	819	3572	5098	2197	2015	1161	1047	532	474	1223	1182	845	924	916	765	187	1148	655	413	1203	621	588
V334K	16	13	9	15	0	0	1	1	1	0	0	8	1	5	1	0	15	5	0	8	11	2	2	5	0	0	8	15	3
V334M	6438	6684	4532	4909	2696	2378	1662	1693	1561	3811	1499	3150	963	3657	691	727	4101	3905	637	3042	3008	3574	526	4122	3685	770	4592	4283	918
V334F	1	1	1	0	0	0	0	0	1	0	0	0	0	0	0	0	1	1	1	1	0	0	0	0	1	0	0	2	0
V334P	1	1	0	0	0	0	2	0	0	0	0	0	0	0	0	0	0	2	0	1	0	0	0	2	1	0	0	0	0
V334S	27	25	18	8	3	3	7	8	4	15	2	2	1	8	1	5	19	12	2	17	9	13	6	12	16	6	9	10	1
V334T	45	29	25	32	102	98	23	27	27	0	5	9	23	17	11	3	22	29	2	14	10	11	2	18	2	7	40	0	6
V334W	1	4	0	6	0	0	0	0	0	0	0	0	0	1	0	0	2	1	0	0	1	0	0	2	0	0	3	0	0
V334Y	0	0	0	0	0	0	0	0	0	0	0	0	0	0	0	0	0	0	0	0	0	0	0	0	0	0	0	0	0
V334V	3245848	3341863	2423137	2538271	3016000	2640264	3166596	2559945	2511132	3620475	3008097	2884989	1820756	1856043	1263032	1451342	2001998	1898104	1157990	1679740	1662532	1458775	1224922	2193545	1776031	1374444	2134308	1338311	1098455
V334X	0	0	0	0	0	0	0	0	0	0	0	0	0	0	0	0	0	0	0	0	0	0	0	0	0	0	0	0	0
V334B	7	3	7	8	3	0	1	0	0	0	0	2	1	7	1	0	3	7	1	11	5	6	0	7	2	0	3	0	2
A335A	3259995	3355694	2432736	2548596	3024816	2647869	3172755	2566437	2520103	3635817	3016356	2894890	1825761	1863606	1265685	1454491	2010378	1906472	1161424	1686564	1669020	1443946	1226876	2202121	1783593	1377055	2144006	1345995	1101776
A335R	0	0	0	0	0	0	0	0	0	0	0	0	0	0	0	0	0	0	0	0	0	0	0	0	0	0	0	0	0
A335N	72	45	31	29	34	21	31	22	0	0	276	8	11	46	13	26	47	37	2	30	8	27	1	29	21	10	27	147	4
A335D	1265	1365	1047	1098	287	331	292	359	239	425	986	285	152	869	62	107	864	837	108	708	675	243	117	869	1489	111	979	1065	80
A335C	0	1	0	1	0	1	2	0	0	0	0	0	0	0	0	0	0	0	0	0	0	0	0	1	0	0	0	0	0
A335E	9	14	19	1	0	0	1	3	4	1	0	3	1	10	1	3	8	20	3	5	4	4	2	6	12	9	2	4	1
A335Q	0	0	0	0	0	0	0	0	0	0	0	0	1	0	0	0	0	0	0	0	0	0	0	0	0	0	0	0	0
A335G	594	672	489	509	226	206	201	171	336	364	181	276	87	366	75	76	377	344	84	300	339	110	73	416	129	79	473	124	95
A335H	0	1	0	0	0	0	0	0	0	0	0	0	0	0	0	0	0	0	0	0	0	0	0	0	0	0	0	1	0
A335I	15	13	7	16	0	5	0	5	0	1	0	1	0	3	0	0	12	7	0	4	3	6	0	7	0	0	13	0	2
A335L	0	0	2	0	0	0	0	0	0	0	0	0	0	0	0	0	0	2	0	0	1	0	0	0	0	0	0	0	0
A335K	0	0	0	0	0	0	0	0	0	0	0	0	0	0	0	0	0	0	0	2	0	0	0	0	0	0	0	0	0
A335M	0	0	0	0	0	0	0	0	0	0	0	0	0	0	0	0	0	0	0	0	0	0	0	0	0	0	0	0	0
A335F	3	1	2	0	1	0	1	0	0	1	0	1	0	5	0	0	1	2	0	0	1	0	1	4	0	2	4	0	0
A335P	756	840	562	594	88	111	73	168	146	236	135	288	39	448	63	34	448	397	39	386	360	856	46	460	1177	26	474	138	56
A335S	2770	2969	2072	2179	1257	968	1157	1153	1034	1708	1478	2687	787	1678	382	537	1797	1850	468	1353	1337	1444	234	1852	731	360	1965	920	424
A335T	6859	7418	5187	5721	1866	1873	1712	1658	2204	2728	1430	2303	763	4075	846	765	4359	4058	503	3407	3762	21944	574	4524	2282	705	4906	2055	767
A335W	0	0	0	0	0	0	0	0	0	0	0	0	0	0	0	0	0	0	0	0	0	0	0	0	0	0	0	0	0
A335Y	0	0	0	0	0	1	0	0	0	0	0	0	0	1	0	0	0	0	0	1	0	0	0	0	0	0	0	0	0
A335V	9096	9920	6824	7470	2253	2000	1396	1813	2118	3495	1605	2449	977	5747	653	657	5982	5686	596	4479	4931	4718	480	6493	2879	655	6863	2943	742
A335X	0	0	0	0	0	0	0	0	0	0	0	0	0	0	0	0	0	0	0	0	0	0	0	0	0	0	0	0	0
A335B	0	0	0	0	0	0	0	0	0	0	0	0	0	0	0	0	0	0	0	0	0	0	0	0	0	0	0	0	0
S336A	643	582	437	498	207	152	134	190	80	147	161	138	96	349	44	58	314	358	49	318	265	103	46	388	98	33	387	56	54
S336R	0	0	0	0	0	0	0	0	0	0	0	0	0	0	0	0	0	0	0	0	0	0	0	0	0	0	0	0	0
S336N	10	15	3	2	0	2	3	6	10	0	0	0	2	6	0	1	6	3	2	9	3	7	1	14	4	1	8	6	1
S336D	1	2	0	0	0	0	1	1	0	0	0	0	0	0	1	0	0	0	0	2	0	0	2	0	0	0	2	1	0
S336C	114	108	85	112	61	37	29	63	16	54	30	35	18	75	9	10	76	90	12	48	62	28	16	81	29	12	106	28	8
S336E	0	0	0	0	0	0	0	0	0	0	0	0	0	0	0	0	0	0	0	0	0	0	0	0	0	0	0	0	0
S336Q	0	0	0	0	0	0	0	0	0	0	0	0	1	0	0	0	0	0	0	0	0	0	0	0	1	0	0	0	0
S336G	9	0	0	0	0	0	0	0	0	0	0	0	0	0	0	0	0	0	0	0	0	0	0	0	0	0	0	0	0
S336H	1	2	3	0	1	0	1	3	0	2	1	0	2	8	2	0	4	0	0	3	2	2	3	4	12	0	4	0	0
S336I	95	108	89	82	9	13	21	13	34	0	3	8	7	68	1	4	69	55	5	41	39	3	0	64	25	7	67	63	2
S336L	40	36	18	41	2	9	3	11	2	0	19	10	1	29	3	1	47	29	0	20	11	7	4	49	4	2	24	4	1
S336K	0	0	0	0	0	0	0	0	0	0	0	0	0	0	0	0	1	0	0	0	0	0	0	1	0	0	0	0	0
S336M	0	0	0	0	0	0	0	0	0	0	0	0	0	0	0	0	0	0	0	0	0	0	0	0	0	0	0	0	0
S336F	3820	4067	2753	3024	754	807	629	772	849	1283	903	1066	368	2200	219	186	2252	2314	185	1678	1860	1716	172	2427	1569	208	2651	2085	295
S336P	12816	13047	8839	9966	1574	1458	1257	1935	2463	3567	2143	2772	888	7549	563	541	7685	7596	470	6267	6682	4795	508	8646	6971	501	8785	3629	679
S336S	3252866	3349543	2428979	2544121	3025084	2648156	3173296	2565959	2518810	3633426	3016238	2895454	1825362	1859681	1265824	1454563	2007004	1902586	1161462	1683504	1666078	1461257	1226832	2198035	1780326	1377290	2139805	1342044	1101803
S336T	9939	10182	6885	7446	2873	2496	2018	2566	3618	5647	2750	3428	1674	6168	1007	1204	6126	5937	933	4738	4761	4954	713	6273	2924	833	7059	4861	995
S336W	0	0	0	0	0	1	0	0	0	0	0	0	0	0	0	0	0	0	0	0	0	0	0	0	0	0	0	0	0
S336Y	1069	1245	876	919	262	255	228	267	299	650	199	276	160	700	103	122	681	729	104	598	674	408	103	788	338	116	806	608	107
S336V	2	0	1	3	0	0	0	0	0	0	0	0	0	1	0	0	0	0	0	0	0	0	0	0	1	0	0	0	0
S336X	9	15	9	0	1	0	0	2	3	0	0	4	0	18	4	6	8	14	5	12	4	18	4	10	10	7	8	7	1
S336B	0	1	1	0	0	0	1	1	0	0	0	0	0	2	0	0	0	1	0	1	0	0	0	2	1	2	0	0	1
S337A	794	783	542	707	262	288	204	229	387	888	160	307	91	482	84	91	541	506	77	376	367	200	69	541	243	106	592	389	104
S337R	0	1	2	0	0	0	0	0	1	0	0	0	0	0	0	0	0	1	0	1	0	0	0	0	0	0	0	0	0
S337N	0	0	0	0	0	0	0	0	0	0	0	0	0	0	0	0	0	0	0	0	0	0	0	1	0	0	0	0	0
S337D	0	0	0	0	0	0	0	0	0	0	0	0	0	0	0	0	0	0	0	0	0	0	0	0	0	0	0	0	0
S337C	0	0	0	0	0	0	0	1	0	0	0	0	0	0	0	0	0	0	0	0	0	0	0	0	0	0	0	0	0
S337E	1	0	4	0	0	0	0	1	2	0	0	0	0	1	0	0	1	6	0	1	0	1	1	2	3	0	0	3	1
S337Q	3	8	4	7	0	0	2	0	0	0	0	0	0	7	0	0	2	1	0	4	7	0	0	0	2	0	2	2	1
S337G	0	0	0	0	0	0	0	0	0	0	0	0	0	0	0	0	0	0	0	0	0	0	0	0	0	0	0	0	0
S337H	0	0	0	0	0	0	0	0	0	0	0	0	0	0	0	0	0	0	0	0	0	0	0	0	0	0	0	0	0
S337I	40	57	23	26	0	10	4	1	0	1	1	7	0	14	0	0	23	26	0	19	12	2	0	33	2	4	36	0	1
S337L	5938	6512	4402	4770	802	837	683	1015	1491	2365	1139	2231	463	3348	290	277	3555	3465	193	2790	2821	1809	202	3822	1830	244	4089	2313	324
S337K	15	14	28	0	0	1	2	3	0	0	0	3	1	15	1	2	15	20	1	11	1	9	1	9	8	2	10	7	0
S337M	0	0	0	0	0	0	0	0	0	0	0	0	0	0	0	0	0	0	0	0	0	0	0	0	0	0	0	0	0
S337F	2	1	2	2	0	0	2	0	0	0	0	0	0	6	0	0	3	4	0	5	1	0	0	1	7	0	7	1	0
S337P	14356	14390	10259	11287	1717	1648	1557	2328	1787	4852	2422	4397	1071	8247	652	625	8511	8592	542	6963	7157	6042	502	9044	6086	541	9684	6436	699
S337S	3246070	3341700	2423152	2537785	3023647	2646535	3172325	2564893	2519187	3630064	3015931	2890607	1825292	1856140	1265442	1454382	2002806	1898516	1161292	1680089	1662853	1459556	1226554	2193771	1779784	1376784	2135289	1339148	1101257
S337T	12612	13635	9288	10263	4019	3710	2590	3012	3087	5840	2568	5318	1550	7585	1208	1208	7769	7479	1016	6006	6220	5114	933	8417	3969	1191	8950	4875	1480
S337W	0	0	0	0	0	0	0	1	1	0	0	0	0	2	0	0	0	2	0	0	0	0	0	0	0	0	0	0	0
S337Y	1	4	5	7	0	1	1	0	0	0	0	0	0	9	0	0	0	2	0	2	2	1	0	1	0	0	6	1	1
S337V	3	3	1	2	0	0	0	0	0	1	0	0	0	5	0	0	5	4	0	4	0	0	0	2	0	0	2	0	0
S337X	1583	1824	1234	1349	379	355	247	303	236	763	226	314	110	978	100	108	1033	1071	104	944	986	556	141	1118	364	131	1026	212	79
S337B	16	21	32	9	2	1	4	2	5	2	0	7	1	15	3	3	9	17	2	24	14	8	1	20	15	9	19	5	0
S338A	1872	2149	1471	1561	294	386	239	342	217	892	243	234	178	1199	129	90	1098	1233	96	821	667	236	63	1142	685	127	1233	138	86
S338R	0	0	0	0	0	0	0	0	0	0	0	0	1	0	0	0	0	0	0	0	0	0	0	0	0	0	0	0	0
S338N	20	18	14	3	1	5	2	3	5	0	0	2	2	15	0	2	7	19	4	11	3	13	1	11	4	2	8	2	0
S338D	6	4	2	0	0	0	2	0	1	0	0	7	0	4	0	0	1	4	0	1	0	1	0	2	6	0	1	0	0
S338C	439	574	396	385	101	123	85	102	87	109	174	226	36	329	27	32	325	315	37	249	256	224	49	332	57	34	379	250	44
S338E	0	0	0	0	0	0	0	0	0	0	0	0	0	0	0	1	0	0	0	0	0	0	0	0	0	0	0	0	0
S338Q	0	0	0	0	0	0	0	0	0	0	0	0	0	0	0	0	0	0	0	0	0	0	0	0	0	0	0	0	0
S338G	0	0	0	0	0	0	0	0	0	0	0	0	0	1	0	0	0	0	0	0	0	0	0	0	1	0	0	0	0
S338H	7	6	7	5	0	1	3	1	1	0	0	2	1	11	1	2	4	6	1	1	3	5	0	4	2	1	7	2	1
S338I	13	30	15	12	2	4	5	0	1	25	0	16	3	3	0	2	11	9	0	6	9	2	0	15	0	1	11	0	0
S338L	30	21	30	18	6	13	11	9	0	38	0	13	4	20	0	3	31	14	3	22	8	6	3	20	8	2	12	8	8
S338K	0	0	0	0	0	0	0	0	0	0	0	0	1	0	0	0	0	0	0	0	0	0	0	0	0	1	0	0	0
S338M	0	0	0	0	0	0	0	0	0	0	0	0	0	0	0	0	0	0	0	0	0	0	0	0	0	0	0	0	0
S338F	3829	4043	2683	3081	717	732	444	649	393	1298	363	684	257	2337	191	173	2441	2262	172	1765	2002	1019	143	2576	1106	193	2624	2256	272
S338P	14600	15147	10941	11545	2216	1885	1832	2421	2559	5116	5016	6430	1166	8636	700	785	8924	8875	845	7161	6979	7185	569	9485	6292	674	10132	11246	991
S338S	3248905	3344194	2424791	2539880	3023665	2646251	3172159	2565233	2518924	3632118	3014830	2891568	1825243	1857163	1265711	1454617	2004059	1899751	1160929	1681361	1663956	1460654	1226713	2195385	1780928	1376828	2137056	1336299	1101236
S338T	8800	9528	6433	7403	3262	3374	2272	2419	2287	4378	1454	3392	1435	5322	808	766	5499	5444	977	4445	5110	3311	693	5852	2296	870	6334	2509	1092
S338W	0	0	0	0	0	0	0	0	0	0	0	0	0	1	0	0	0	0	0	0	1	0	0	0	0	0	0	0	0
S338Y	2875	3190	2146	2316	563	611	559	605	1694	802	367	613	249	1765	210	218	1839	1753	157	1364	1435	620	162	1929	909	273	1896	674	215
S338V	0	1	0	0	0	0	0	0	1	0	0	0	2	0	0	0	0	0	0	0	0	0	0	0	0	0	0	0	0
S338X	34	44	43	5	0	1	6	4	14	0	0	1	1	44	2	4	30	23	4	28	11	22	8	26	12	5	18	8	1
S338B	4	4	6	0	1	0	2	1	0	0	0	3	0	4	1	1	4	4	2	4	1	0	0	3	7	1	1	0	1
T339A	17887	18358	12766	13904	4570	4150	4176	5282	7072	11112	8902	12306	2973	10598	1830	2026	10978	10337	1903	8524	8530	8523	928	11367	7987	1392	12109	6982	1754
T339R	1761	1704	1266	1408	214	263	161	417	315	861	469	685	188	929	75	155	1155	958	155	833	788	489	58	1080	790	56	1170	635	81
T339N	4	1	8	4	16	0	1	1	1	0	1	1	2	5	0	0	1	7	0	9	7	4	0	4	0	2	5	0	1
T339D	0	0	1	0	0	0	0	0	0	0	0	0	0	0	0	0	0	0	0	0	0	0	0	0	0	0	0	0	0
T339C	0	0	0	0	0	0	0	0	0	0	0	0	0	0	0	0	0	0	0	0	0	0	0	0	0	0	0	0	0
T339E	37	34	32	15	1	0	4	4	6	4	6	8	1	30	1	1	19	26	5	22	9	16	1	20	9	3	19	17	1
T339Q	0	0	0	1	0	0	0	0	0	0	0	0	0	0	0	0	0	1	0	0	0	0	0	1	1	0	0	0	0
T339G	2	1	2	0	0	0	0	0	0	0	0	0	0	1	0	0	2	2	0	0	1	0	0	0	0	0	1	0	0
T339H	0	0	0	0	0	0	0	0	0	0	0	0	0	0	0	0	0	0	0	0	0	0	0	0	0	0	0	0	0
T339I	10043	11278	7554	7800	1413	1410	1126	1460	2319	4266	1850	3517	908	6379	504	402	6457	6422	410	4800	4985	3329	322	6550	4164	421	7432	6214	629
T339L	29	22	18	16	7	1	9	6	0	0	5	1	2	8	0	0	22	10	0	12	9	14	0	16	0	1	9	0	0
T339K	1520	1587	1220	1053	231	229	306	345	327	293	321	289	199	1100	135	134	1037	1155	119	839	828	442	142	1108	686	178	1126	312	98
T339M	26	22	9	15	2	4	1	3	1	20	7	1	0	4	1	1	5	13	0	7	14	1	3	6	5	0	16	10	1
T339F	0	0	0	0	0	0	0	0	0	0	0	0	0	0	0	0	0	0	0	0	0	0	0	0	0	0	0	0	0
T339P	1786	1768	1235	1347	220	166	162	248	679	629	154	270	113	1069	75	100	1023	1072	117	914	796	1049	46	1150	613	77	1226	612	78
T339S	15459	16599	11390	12253	4835	4818	3730	3918	4766	9913	6364	6410	2103	9151	1549	1518	9625	9465	1348	7730	7931	21132	1248	10312	6271	1642	11041	7902	1820
T339T	3232832	3327522	2413441	2528349	3019310	2642339	3167938	2560093	2510697	3617675	3004355	2879700	1822090	1847557	1263608	1452358	1993918	1890217	1159169	1673517	1656524	1438286	1225653	2185133	1771778	1375234	2125519	1330674	1099482
T339W	0	0	0	0	0	0	0	0	0	0	0	0	0	0	0	0	0	0	0	0	0	0	0	0	0	0	0	0	0
T339Y	0	0	0	0	0	0	0	0	0	0	0	0	0	0	0	0	0	0	0	0	0	0	0	0	0	0	0	0	0
T339V	34	48	27	37	9	5	6	10	0	3	11	1	0	18	2	0	28	23	1	21	13	4	2	23	2	3	26	34	2
T339X	14	9	9	12	0	1	1	2	1	0	2	2	0	5	0	1	3	4	0	11	6	9	1	12	7	3	13	0	0
T339B	0	0	0	0	0	0	0	0	0	0	0	0	0	0	0	0	0	0	0	0	0	0	0	0	0	0	0	0	0
A340A	3258835	3354877	2431980	2547986	3024105	2647458	3172580	2566020	2519576	3633739	3016340	2893872	1825460	1862812	1265666	1454564	2009603	1905302	1161129	1685692	1669014	1462410	1226748	2201766	1783705	1376786	2143594	1343355	1101606
A340R	0	0	0	0	0	0	0	0	0	0	0	0	0	0	0	0	0	0	0	0	0	0	0	0	0	0	0	0	0
A340N	1	3	2	1	0	1	1	1	0	0	0	4	0	0	1	0	0	2	2	1	1	2	0	1	0	0	0	1	0
A340D	2923	3195	2265	2210	540	581	577	593	722	1066	482	703	256	1931	279	237	1928	1910	201	1587	1578	1123	231	2013	1376	327	1951	689	162
A340C	2	0	0	0	0	0	0	0	0	0	0	0	0	0	0	0	0	0	0	0	1	0	0	0	0	0	0	0	0
A340E	8	13	18	0	0	0	2	3	0	0	0	2	2	9	1	0	11	8	2	7	2	5	2	5	6	2	4	2	1
A340Q	0	0	0	0	0	0	0	0	0	0	0	0	1	0	0	1	0	0	0	0	0	0	0	0	0	0	0	0	0
A340G	951	969	745	720	295	246	182	255	271	430	138	313	101	604	84	71	549	532	55	491	418	259	83	616	228	89	701	109	112
A340H	0	0	0	0	0	0	0	0	0	0	0	0	0	0	0	0	0	0	0	0	0	0	0	0	0	0	0	0	0
A340I	3	6	3	4	0	0	0	0	0	2	1	0	0	6	0	1	1	1	0	1	4	1	1	1	0	1	2	0	0
A340L	0	0	1	1	0	0	1	0	0	0	0	0	0	0	0	0	1	1	0	0	0	0	0	0	3	0	0	0	0
A340K	0	0	0	0	0	0	0	0	0	0	0	0	0	0	0	0	0	0	0	0	0	0	0	0	0	0	0	0	0
A340M	0	0	0	0	0	0	0	0	0	0	0	0	0	0	0	0	0	0	0	0	0	0	0	0	0	0	0	0	0
A340F	0	2	2	0	0	1	0	0	0	0	0	0	2	1	0	0	1	6	0	3	1	0	0	0	0	0	0	2	0
A340P	378	377	281	353	55	49	39	70	134	122	65	129	24	243	23	14	277	234	13	237	270	225	21	221	216	23	225	105	21
A340S	4042	4450	3264	3457	2012	1755	1316	1466	1989	2624	842	2245	771	2587	518	553	2749	2700	524	2141	2085	1081	463	2750	1258	602	2956	1197	687
A340T	6821	7305	4994	5448	2179	1952	1734	1970	1978	4257	3304	3961	1249	4097	670	756	4369	4387	876	3417	3156	5001	390	4494	1990	627	4987	4005	740
A340W	0	0	0	0	0	0	0	0	0	0	0	0	0	0	0	0	0	0	0	0	0	0	0	0	0	0	0	0	0
A340Y	1	4	9	3	0	1	0	2	0	0	0	0	0	2	0	0	3	2	0	0	3	0	2	3	65	1	2	0	0
A340V	7469	7752	5414	6031	1642	1342	1189	1409	1514	2536	1275	1962	713	4562	538	499	4781	4627	425	3662	3908	3191	463	4912	3466	554	5290	3927	618
A340X	0	0	0	0	0	0	0	0	0	0	0	0	0	0	0	0	0	0	0	0	0	0	0	0	0	0	0	0	0
A340B	0	0	0	0	0	0	0	0	0	0	0	0	0	0	0	0	0	0	0	0	0	0	0	0	0	0	0	0	0
V341A	14174	15061	10634	11457	5990	5543	4512	4594	6079	11320	6693	7667	2624	8845	1855	1839	9193	8779	1605	7177	7648	16746	1690	9791	5674	1928	10351	5703	2079
V341R	1	0	0	0	0	0	0	0	0	0	0	0	0	0	0	0	0	1	0	0	0	0	0	0	0	0	0	0	0
V341N	17	10	4	5	1	1	0	6	0	0	6	1	0	2	0	0	5	2	0	2	5	0	1	7	0	1	11	0	0
V341D	12858	13459	9300	10077	1561	1515	1310	2059	2894	5581	2687	4695	932	7990	571	646	7754	7754	513	6078	6575	5285	434	8472	7257	509	9056	3864	753
V341C	0	0	0	5	0	0	0	0	0	0	1	0	0	1	0	0	1	2	0	0	1	0	0	0	0	0	0	0	0
V341E	21	57	25	2	0	0	0	2	6	0	0	1	0	38	1	3	23	25	0	20	7	19	5	24	27	1	20	11	2
V341Q	0	0	0	0	0	0	0	0	0	0	0	0	0	0	0	0	0	0	0	0	0	0	0	0	0	0	0	0	0
V341G	1434	1415	984	1046	360	372	231	342	928	1247	719	935	148	826	170	185	899	952	110	666	609	486	101	879	944	104	938	1689	138
V341H	0	0	0	0	1	0	0	0	0	0	0	0	0	0	0	0	0	0	0	1	0	40	0	4	37	0	1	0	6
V341I	5540	6016	4114	4369	1788	1588	1511	1785	1909	2449	2292	2922	878	3451	635	608	3629	3223	656	2670	2712	2001	398	3451	2089	561	3916	3047	663
V341L	1039	1196	720	867	335	284	258	394	502	730	456	661	266	676	116	150	658	730	148	485	461	250	61	716	285	95	706	215	140
V341K	0	0	0	0	0	0	0	0	0	0	0	0	0	0	0	0	0	0	0	0	0	0	0	0	0	0	0	0	0
V341M	0	0	0	0	0	0	0	0	0	0	0	0	0	1	0	0	0	0	0	0	0	0	0	0	0	0	0	0	0
V341F	1241	1443	1059	894	667	634	598	609	605	396	313	898	264	808	160	179	759	861	191	716	564	349	205	761	563	279	838	213	211
V341P	1	4	2	2	1	0	0	1	0	0	1	0	0	1	2	0	1	1	0	1	0	0	0	1	0	0	5	1	0
V341S	12	24	28	4	0	1	2	5	5	0	2	2	0	24	0	2	12	18	1	14	7	26	8	11	10	3	11	6	0
V341T	28	31	15	24	23	23	8	16	1	6	7	50	9	17	5	3	12	21	5	15	15	5	7	19	7	11	36	2	6
V341W	0	0	0	0	0	0	0	0	0	0	0	0	0	0	0	0	0	0	0	0	0	0	0	0	0	0	0	0	0
V341Y	9	6	9	1	3	0	0	2	1	0	1	0	0	4	1	0	1	6	0	2	2	4	0	3	1	0	2	0	0
V341V	3245059	3340231	2422084	2537461	3020098	2643425	3169191	2561974	2513254	3623047	3009269	2885359	1823458	1854170	1264264	1453081	2001326	1897337	1159998	1679392	1661835	1448087	1225494	2192643	1775419	1375520	2133821	1338641	1099949
V341X	0	0	0	0	0	0	0	0	0	0	0	0	0	0	0	0	0	0	0	0	0	0	0	0	0	0	0	0	0
V341B	0	0	0	0	0	0	0	0	0	0	0	0	0	0	0	0	0	0	0	0	0	0	0	0	0	0	0	0	0
I342A	97	93	70	58	73	42	122	77	0	100	192	797	24	47	36	58	59	51	9	53	46	130	33	60	475	62	52	62	29
I342R	608	599	355	409	132	104	64	114	365	440	264	690	50	324	48	51	331	333	22	266	262	100	45	320	179	24	368	118	53
I342N	32	45	34	19	5	1	3	6	14	0	11	9	15	29	1	2	23	22	0	25	13	1	3	28	13	2	7	13	0
I342D	0	0	0	0	0	0	0	0	0	0	0	0	0	0	0	0	0	0	0	0	0	0	0	0	0	0	0	0	0
I342C	0	0	0	0	0	0	3	0	0	0	0	0	0	0	0	0	0	0	0	0	0	0	0	0	0	0	0	0	0
I342E	20	28	13	15	0	0	1	4	0	35	1	8	1	6	1	2	10	15	0	15	18	12	1	13	0	0	7	15	0
I342Q	1	0	1	2	0	0	2	0	0	0	0	0	1	1	0	0	2	2	0	0	0	0	0	2	0	1	2	0	0
I342G	2	1	1	6	0	0	0	0	0	0	1	0	0	2	0	0	6	2	0	1	1	0	2	1	0	0	1	0	0
I342H	0	0	0	0	0	0	0	0	0	0	0	0	0	0	0	0	0	0	0	0	0	0	0	0	0	0	0	0	0
I342I	3221532	3317170	2405762	2518638	3008516	2632678	3161242	2553905	2503758	3607683	3003400	2877413	1819210	1840596	1260793	1449354	1987685	1883492	1157387	1668369	1650433	1451994	1222413	2177403	1767925	1371738	2117829	1331660	1095647
I342L	15076	15791	11316	12110	4926	4820	3686	4159	4115	6832	3489	4438	2161	9499	1596	1522	9342	9347	1312	7538	8023	5087	1420	10241	6173	1787	10927	5490	1977
I342K	5736	6145	3973	4573	2254	1843	1433	1537	4190	6667	2542	3639	676	2882	641	710	3325	3530	426	2825	2721	1354	592	3791	2421	714	4039	1319	743
I342M	11009	10519	7515	8461	3720	3467	3036	3444	4401	5514	3064	4717	1960	6652	1311	1542	6699	6535	1056	5187	5120	5477	1023	6932	4962	1209	7271	3336	1450
I342F	31	48	35	41	1	3	4	4	4	0	0	126	0	18	2	0	18	36	5	31	20	11	0	11	5	3	21	14	6
I342P	0	2	4	9	0	0	0	5	1	0	0	0	0	2	0	0	6	0	0	4	4	0	0	3	0	0	3	0	0
I342S	33	48	33	44	15	16	9	8	0	3	0	6	3	43	2	7	30	25	16	22	18	8	4	31	7	6	40	24	5
I342T	10982	11532	7749	8658	5285	4939	3617	3825	4523	8000	3830	5614	1854	6486	1433	1509	6551	6515	1316	5214	5664	4206	1394	7318	3369	1502	7741	4947	1911
I342W	0	0	0	0	0	0	0	0	0	0	0	0	0	0	0	0	0	0	0	0	0	0	0	0	0	0	0	0	0
I342Y	0	0	0	0	0	0	0	0	0	0	0	0	0	0	0	0	0	0	0	0	0	0	0	0	0	0	0	0	0
I342V	16263	16924	12116	13162	5901	5473	4398	4698	4813	9500	5653	5734	2624	10264	1916	1939	10176	9798	1678	7682	8090	4910	1474	10622	6777	1963	11392	6394	2125
I342X	12	8	1	9	0	0	1	3	0	2	0	0	0	3	0	0	10	9	0	7	8	8	0	6	7	1	12	0	1
I342B	0	0	0	0	0	0	0	0	0	0	0	0	0	0	0	0	0	0	0	0	0	0	0	0	0	0	0	0	0
V343A	10951	11340	7133	8535	5800	5440	5562	4572	4523	11261	9645	7771	3554	6586	2470	3589	6338	6830	2187	5379	6033	3572	2124	7347	4382	2269	7840	5542	2152
V343R	0	0	0	0	0	0	0	0	0	0	0	0	0	0	0	0	0	0	0	0	0	0	0	0	0	0	0	0	0
V343N	0	1	1	3	2	0	1	0	0	1	0	0	0	0	0	0	6	2	0	2	2	0	1	0	0	0	1	0	0
V343D	6339	6680	4603	5260	1322	1393	975	1318	830	2014	940	1502	908	3899	561	660	4140	3891	547	3111	3367	3405	474	4382	4315	471	4733	5041	495
V343C	1	0	0	1	0	0	0	0	0	0	0	0	0	0	0	0	0	7	0	0	3	0	0	0	1	0	0	0	0
V343E	31	37	26	17	3	2	1	3	2	0	2	1	2	18	1	3	11	20	0	12	6	7	0	18	10	2	10	8	0
V343Q	0	0	0	0	0	0	0	0	0	0	0	0	0	0	0	0	0	0	0	0	0	0	0	0	0	0	0	0	0
V343G	544	608	416	497	209	211	159	183	153	118	92	175	98	328	85	67	406	357	72	328	401	186	61	444	698	78	434	348	88
V343H	0	0	0	0	0	0	0	0	0	0	0	0	0	0	0	0	0	0	0	0	0	0	0	0	0	0	0	0	0
V343I	4237	4453	2990	3199	1130	1071	829	1025	1922	3220	1263	2188	467	1958	361	384	2572	2445	356	1942	2078	2200	356	2720	3338	362	3025	2908	475
V343L	234	241	176	224	59	80	77	73	13	88	223	103	35	156	34	26	181	185	32	158	129	66	27	191	49	24	196	82	15
V343K	0	0	0	0	0	0	0	0	0	0	0	0	0	0	0	0	0	0	0	0	0	0	0	0	0	0	0	0	0
V343M	4	2	2	0	0	0	0	0	0	0	0	1	0	0	0	0	0	0	0	0	0	0	0	2	0	0	0	0	0
V343F	3824	4108	2838	2905	1127	901	965	994	1344	798	587	1380	697	2229	339	402	2234	2488	465	1909	1779	1479	286	2456	1657	411	2673	1554	470
V343P	0	0	1	0	0	0	0	0	0	0	0	1	0	2	0	0	0	0	0	1	0	0	0	3	6	0	0	0	0
V343S	18	38	25	6	8	0	10	9	8	0	0	5	1	26	1	1	11	22	6	12	9	5	7	21	14	15	20	5	1
V343T	17	4	8	12	3	10	3	6	7	0	1	1	0	3	2	2	5	5	0	4	7	2	1	4	2	2	9	1	3
V343W	0	0	0	0	0	0	0	0	0	0	0	0	0	0	0	0	0	0	0	0	0	0	0	0	0	0	0	0	0
V343Y	6	4	6	0	0	0	1	2	0	0	0	0	0	2	0	0	4	4	0	2	1	0	0	1	4	1	2	0	0
V343V	3255228	3351437	2430753	2545555	3021165	2644278	3169038	2563604	2517382	3627276	3009694	2890063	1822817	1861647	1263926	1451562	2008365	1903456	1159562	1684379	1666626	1462376	1225067	2199193	1777837	1375377	2140769	1337903	1100248
V343X	0	0	0	0	0	0	0	0	0	0	0	0	0	0	0	0	0	0	0	0	0	0	0	0	0	0	0	0	0
V343B	0	0	0	0	0	0	0	0	0	0	0	0	0	0	0	0	0	0	0	0	0	0	0	0	0	0	0	0	0
