rowname	Input	Input.1	Input.2	Input.3	uPA	uPA.1	uPA.2	uPA.3	FXIIa	FXIIa.1	FXIIa.2	FXIIa.3	uPA.4	Input.4	uPA.5	uPA.6	Input.5	Input.6	uPA.7	Input.7	Input.8	TMPRSS2	uPA.8	Input.9	TMPRSS2.1	uPA.9	Input.10	TMPRSS2.2	uPA.10
L275A	1	0	0	0	0	0	0	0	0	0	0	0	0	0	0	0	0	0	0	0	0	0	0	0	0	0	0	0	0
L275R	1267	1003	813	1161	96	67	85	181	28	192	66	90	120	783	81	69	717	784	78	846	674	1219	62	766	781	46	1045	177	77
L275N	0	0	0	0	0	0	0	0	0	0	0	0	0	0	0	0	0	0	0	0	0	0	0	0	0	0	0	0	0
L275D	0	0	0	0	0	0	0	0	0	0	0	0	0	0	0	0	0	0	0	0	0	0	0	0	0	0	0	0	0
L275C	0	0	0	0	0	0	0	0	0	0	0	0	0	0	0	0	0	0	0	0	0	0	0	0	0	0	0	0	0
L275E	0	0	0	0	0	0	0	0	0	0	0	0	0	0	0	0	0	0	0	0	1	0	0	0	0	0	1	0	0
L275Q	14651	11388	8516	12164	994	1167	1138	2226	1999	3820	1494	1968	1050	8729	694	758	8255	8809	466	8340	6489	4765	430	8716	5667	408	12537	5871	649
L275G	0	0	0	0	2	0	0	0	0	0	0	0	0	0	0	0	0	1	0	0	0	0	0	0	0	0	0	0	0
L275H	11	18	15	14	1	3	0	5	1	1	1	0	0	7	0	1	12	7	2	12	10	19	1	14	3	0	13	0	0
L275I	1	1	1	5	2	4	1	4	8	0	1	3	0	4	1	0	1	5	1	3	1	2	1	2	0	0	1	2	0
L275L	3594110	2758553	2247331	2922309	2445666	2119368	3899420	3005569	2223346	3594446	2914868	2042423	1855109	2077204	1683825	1996877	1961210	2007588	1173476	2051273	1527752	1697642	1402789	2065078	2027747	1331822	2621194	1621241	1242130
L275K	6	5	4	0	0	0	0	1	1	0	0	0	0	7	1	0	2	6	0	2	1	1	0	2	0	1	3	2	0
L275M	2072	1550	1198	1629	472	580	718	682	865	913	442	595	290	1202	324	611	1167	1271	259	1185	886	457	363	1206	927	370	1605	600	256
L275F	3	0	0	2	0	1	0	0	0	0	0	2	0	2	0	0	0	0	0	1	1	0	0	1	0	0	0	0	0
L275P	21660	16154	11984	17338	2016	1981	2640	4067	3064	5968	5168	5947	1815	12220	1432	1353	11702	12244	1087	11175	9170	10374	676	11919	9640	621	17254	14349	1235
L275S	8	6	3	7	1	4	0	0	0	0	0	1	0	0	0	2	2	3	0	3	1	1	0	3	0	0	7	1	0
L275T	5	2	1	0	0	0	0	0	1	0	0	0	2	3	0	0	1	2	0	3	6	0	0	4	1	0	7	1	0
L275W	5	1	0	0	2	3	3	0	1	0	0	0	0	1	0	0	1	2	0	0	0	0	0	2	0	0	6	0	0
L275Y	0	0	0	0	0	0	0	0	0	0	0	0	0	0	0	0	0	0	0	0	0	0	0	0	0	0	0	0	0
L275V	221	143	112	179	46	38	36	63	75	32	17	8	30	124	21	22	94	124	11	92	103	43	19	146	80	22	221	3	11
L275X	0	0	0	0	0	0	0	0	0	0	0	0	0	0	0	0	0	0	0	0	0	0	0	0	0	0	0	0	0
L275B	11	18	6	12	2	0	4	1	0	0	2	2	1	13	1	1	17	17	0	10	25	22	0	11	0	0	26	1	0
P276A	956	785	538	765	79	103	157	144	94	502	159	214	56	506	36	43	475	531	19	440	405	216	41	533	161	28	864	168	59
P276R	915	769	567	852	70	103	98	148	65	278	66	104	51	525	51	31	490	546	26	486	400	117	33	550	383	27	852	101	62
P276N	30	32	15	9	0	0	3	1	2	0	0	1	0	33	5	3	19	29	1	34	3	24	2	17	11	3	18	16	0
P276D	1	1	1	0	1	0	0	1	0	0	0	0	0	0	0	0	0	0	1	3	1	0	0	0	0	0	0	2	0
P276C	1	1	0	0	0	0	0	0	0	0	0	0	0	0	0	0	0	0	0	1	0	0	0	0	0	0	0	0	0
P276E	0	0	0	0	0	0	0	0	0	0	0	0	0	0	0	0	0	0	0	0	0	0	0	0	0	0	0	0	0
P276Q	51	34	34	4	0	0	4	10	10	0	0	1	3	41	4	6	19	42	4	25	12	20	0	30	20	3	31	16	2
P276G	1	0	0	0	0	0	0	0	0	0	0	0	0	0	0	0	0	0	0	0	0	0	0	0	0	0	1	0	0
P276H	10817	7909	6049	9271	1501	1280	1998	3075	1625	2793	2175	5526	1437	5847	1008	1068	5279	5753	1073	5375	4774	5657	426	5801	3374	480	9028	4944	790
P276I	14	14	11	1	0	0	1	2	1	0	0	0	0	3	3	0	4	9	0	12	2	5	0	4	8	0	10	8	2
P276L	9448	7177	5330	8005	901	1055	945	1588	943	3088	1641	1401	590	5077	484	530	4863	5030	379	4743	4088	4320	282	5215	3018	275	7461	6406	426
P276K	0	0	0	0	0	0	0	0	0	0	0	0	0	0	0	0	0	0	0	0	0	0	0	0	0	0	0	0	0
P276M	0	0	0	0	0	0	0	0	0	0	0	0	0	0	0	0	0	0	0	0	0	0	0	0	0	0	0	0	0
P276F	10	14	3	7	1	1	0	2	2	1	65	3	1	6	0	0	7	11	0	4	8	0	0	13	0	0	9	2	0
P276P	3598358	2761708	2249762	2924547	2445532	2119309	3899137	3005274	2224871	3595168	2916098	2041761	1855433	2080682	1684173	1997177	1964949	2011188	1173337	2054986	1529112	1698647	1402982	2067811	2032144	1331910	2624452	1625721	1242301
P276S	10223	7848	5902	8777	935	1047	1293	1952	1467	2976	1593	1614	712	5702	476	678	5371	5897	413	5175	4830	4597	380	6044	4632	435	8370	4157	565
P276T	3182	2534	1761	2573	276	316	407	599	298	564	259	414	133	1855	140	157	1702	1809	126	1647	1476	936	193	1842	1085	129	2812	703	151
P276W	0	0	0	0	0	0	0	0	0	0	0	0	0	0	0	0	0	0	0	0	0	0	0	0	0	0	0	0	0
P276Y	25	16	11	9	4	2	2	3	11	1	3	0	1	20	0	1	3	18	1	14	8	6	2	10	10	0	12	4	0
P276V	0	0	0	0	0	0	0	0	0	1	0	0	0	2	0	0	0	0	0	0	1	0	0	0	0	0	0	0	0
P276X	0	0	0	0	0	0	0	0	0	0	0	0	0	0	0	0	0	0	0	0	0	0	0	0	0	0	0	0	0
P276B	0	0	0	0	0	0	0	0	0	0	0	0	0	0	0	0	0	0	0	0	0	0	0	0	0	0	0	0	0
K277A	0	2	2	2	0	3	0	1	0	14	0	0	0	1	0	0	0	3	0	5	1	0	0	2	0	0	3	0	0
K277R	13181	10048	7819	10979	2700	2478	3556	3806	1733	4763	2947	3146	2084	7328	1873	2956	7139	7514	1151	7254	6039	4561	1515	7652	5429	1339	10495	3732	1265
K277N	1320	995	794	907	159	133	276	336	175	286	106	212	78	723	103	129	650	775	76	705	467	368	121	706	496	129	991	740	91
K277D	7	3	4	2	0	1	0	0	0	0	0	0	0	4	0	0	6	3	0	0	3	7	0	2	0	0	3	0	0
K277C	0	0	0	0	0	0	0	0	0	0	0	0	0	0	0	0	0	0	0	0	0	0	0	0	0	0	0	0	0
K277E	16055	11910	9184	12787	1686	1567	2103	2999	2267	3423	2332	3544	1216	8984	1055	1166	8424	8851	639	8554	6561	7473	693	8836	5292	647	12356	6781	806
K277Q	2262	1609	1392	1764	313	335	410	570	517	528	579	869	330	1300	158	287	1284	1394	162	1120	873	804	115	1222	640	136	1670	1309	172
K277G	92	41	38	44	7	4	3	15	0	2	0	2	0	23	3	1	23	33	1	28	18	34	1	35	13	1	58	0	9
K277H	0	0	1	0	0	0	1	0	0	0	0	0	0	3	0	0	1	0	0	1	0	0	0	0	0	0	0	0	0
K277I	35	16	10	12	0	0	1	3	0	0	1	0	0	15	0	3	12	10	0	8	6	7	1	15	5	2	11	66	0
K277L	38	25	6	25	10	11	1	7	0	0	4	1	1	9	0	1	10	20	2	20	12	0	1	13	0	1	15	6	0
K277K	3567123	2737848	2230831	2901461	2440812	2115278	3893829	2998986	2221064	3586840	2912649	2038404	1852148	2062493	1681141	1992923	1947168	1992808	1171983	2035562	1513979	1685674	1400279	2049287	2024434	1329685	2601684	1621275	1240106
K277M	12723	9443	7246	9997	1737	1702	1837	2576	2177	3974	1930	2509	1037	7213	867	964	6502	7125	541	6699	5240	5586	622	7143	3672	736	9736	4751	870
K277F	0	0	0	0	0	0	0	0	0	0	0	0	0	0	0	0	0	0	0	0	0	0	0	0	0	0	0	0	0
K277P	0	0	0	0	0	0	0	0	0	0	0	0	0	0	0	0	0	0	0	0	0	0	0	0	1	0	0	0	0
K277S	1	3	5	4	0	0	1	0	0	1	0	2	0	6	0	0	4	9	0	6	2	2	2	6	0	2	6	2	0
K277T	1712	1338	959	1299	179	194	226	324	104	433	143	171	96	946	108	118	824	973	54	819	565	360	64	936	387	56	1280	153	88
K277W	42	37	42	55	3	1	1	9	9	3	3	0	1	28	2	3	30	21	0	20	29	6	4	32	0	0	54	0	0
K277Y	3	1	3	0	1	0	0	2	0	1	0	0	0	3	0	0	0	4	0	2	1	0	0	3	0	0	1	0	0
K277V	16	34	13	36	15	4	0	7	0	19	0	0	1	15	1	4	2	21	0	18	16	3	2	18	3	0	20	18	2
K277X	13	23	6	26	1	1	0	0	1	1	0	0	2	17	1	0	7	17	1	5	10	4	0	14	0	0	18	0	0
K277B	19409	15466	11629	15420	1677	1504	1800	3158	1342	5084	1365	2179	1423	11188	1068	1139	11095	11282	770	12119	11298	9656	921	11948	4474	556	15519	3415	949
F278A	1	1	0	7	0	0	0	0	0	0	0	0	0	0	0	0	3	4	0	1	1	0	0	2	0	0	0	0	0
F278R	1	0	1	0	0	0	0	0	0	0	0	0	0	0	0	0	0	1	0	0	0	0	0	0	0	0	0	0	0
F278N	2	2	0	2	0	0	0	0	1	0	0	0	0	2	0	0	0	1	0	1	2	0	0	1	0	0	1	0	0
F278D	2	0	2	0	0	0	0	1	0	0	0	0	0	3	0	0	2	2	0	0	2	0	0	1	0	0	7	0	0
F278C	688	548	424	601	57	73	62	108	23	45	18	60	38	380	33	49	337	401	25	379	245	53	25	367	105	16	539	345	35
F278E	0	0	0	0	0	0	0	0	0	0	0	0	0	0	0	0	0	0	0	0	0	0	0	0	0	0	0	0	0
F278Q	0	0	0	0	0	0	0	0	0	0	0	0	0	0	0	0	1	0	0	0	0	0	0	0	0	0	0	0	0
F278G	0	0	0	0	0	0	0	0	0	0	0	0	0	0	0	0	0	0	0	0	0	0	0	0	0	0	0	0	0
F278H	12	10	11	17	0	0	0	2	36	77	1	1	0	6	1	1	5	11	0	10	4	1	0	6	0	0	12	11	1
F278I	5234	3774	2875	4083	563	567	736	1027	1098	1959	472	967	452	2842	361	446	2740	3022	280	2678	2182	4391	216	2843	2464	240	3804	1774	255
F278L	15439	11751	8796	12203	2610	2530	3088	3648	2961	5371	3081	2643	1714	8891	1572	2067	8348	9230	1072	8309	6228	6534	966	8866	6526	1051	11974	3989	1325
F278K	0	0	0	0	0	0	0	0	0	0	0	0	0	0	0	0	0	0	0	0	0	0	0	0	0	0	0	0	0
F278M	0	0	0	0	0	0	0	0	0	0	0	0	0	0	0	0	0	1	0	0	0	0	0	0	0	0	0	0	0
F278F	3593715	2758622	2246960	2922403	2444268	2118411	3898013	3004481	2222623	3592847	2915423	2044372	1854933	2077581	1683366	1995967	1961849	2007591	1173260	2051761	1528448	1697306	1402441	2065104	2028791	1331320	2622758	1629679	1241846
F278P	20	17	10	18	3	4	3	5	0	2	1	0	0	10	0	1	20	19	0	12	12	18	0	12	4	0	14	0	0
F278S	12504	9363	7184	10058	1077	1006	1349	2085	1875	3237	1699	2184	778	6866	619	689	6467	6805	435	6430	5280	4255	440	6955	3686	390	9651	4144	553
F278T	6	6	7	4	0	1	0	0	1	0	0	0	0	7	3	0	4	3	0	2	2	1	0	8	0	0	9	0	0
F278W	0	0	0	0	0	0	0	0	0	0	0	0	0	0	0	0	0	0	0	0	0	0	0	0	0	0	0	0	0
F278Y	5817	4337	3374	4942	671	586	690	1302	678	1764	1341	721	452	3372	373	431	3081	3403	276	3018	2449	1766	217	3337	3096	230	4716	2140	311
F278V	578	397	328	479	50	38	104	137	89	70	23	91	50	322	52	43	317	350	32	334	261	213	36	355	159	42	426	161	31
F278X	13	14	12	3	1	0	0	3	4	0	0	0	0	17	0	0	7	19	0	10	4	7	0	13	15	1	9	5	0
F278B	0	0	0	0	0	0	0	0	0	0	0	0	0	0	0	0	0	0	0	0	0	0	0	0	0	0	0	0	1
S279A	618	456	336	517	264	165	206	179	179	144	75	92	114	322	100	87	309	357	73	336	261	153	42	327	138	63	485	58	116
S279R	0	0	0	1	0	1	0	0	0	0	0	0	0	2	0	0	0	0	0	0	0	0	0	0	0	0	0	0	0
S279N	10	16	11	4	0	1	3	6	8	1	1	0	0	12	0	2	4	10	1	8	9	14	1	6	8	1	5	3	1
S279D	1	1	0	0	0	0	0	0	1	0	0	0	0	3	0	0	2	4	0	0	0	2	0	0	1	0	0	0	0
S279C	271	214	170	199	61	50	83	87	56	152	72	41	36	126	36	40	125	119	19	129	124	284	38	140	172	29	194	166	32
S279E	0	0	0	0	0	0	0	0	0	0	0	0	0	0	0	0	0	0	0	0	0	0	0	0	0	0	0	0	0
S279Q	0	0	0	0	0	0	0	0	0	0	0	0	0	0	0	0	0	0	0	0	0	0	0	0	0	0	0	0	0
S279G	0	0	0	0	0	0	0	0	0	0	0	0	0	0	0	0	0	0	0	0	0	0	0	0	0	0	0	0	0
S279H	8	12	3	6	2	5	1	6	0	10	0	0	1	4	1	1	0	6	3	7	9	2	4	6	3	3	6	4	5
S279I	30	16	16	16	3	0	2	1	1	0	0	4	1	12	1	0	14	10	0	9	5	0	2	15	0	1	16	2	1
S279L	34	14	21	22	3	6	1	5	12	0	0	0	0	27	0	2	16	16	0	14	6	9	1	16	6	5	18	2	1
S279K	0	0	0	0	0	0	0	0	0	0	0	0	0	0	0	0	0	0	0	0	0	0	0	0	0	0	0	0	0
S279M	0	0	0	0	0	0	0	0	0	0	0	0	0	0	0	0	0	0	0	0	0	0	0	0	0	0	0	0	0
S279F	4184	3177	2352	3335	756	697	799	952	610	1429	627	723	333	2125	312	315	2110	2195	242	2059	1690	1409	236	2137	1651	217	3072	2139	318
S279P	17517	13240	9764	13618	1782	1624	2079	3075	2264	3998	2497	3018	1325	9957	951	1272	8961	9710	746	9159	6629	8092	550	9173	7430	628	12999	7330	876
S279S	3599192	2762172	2250249	2927136	2443035	2117525	3897730	3004656	2223411	3594313	2915710	2044261	1854777	2080931	1683568	1996150	1965364	2011519	1173097	2054881	1531310	1695982	1402426	2069436	2032257	1331134	2627834	1626636	1241480
S279T	9769	7538	5595	7890	2851	2556	2568	3052	2237	4254	2350	2219	1534	5264	1188	1492	4931	5334	1028	5032	4127	7675	892	5201	2592	1013	7404	4901	1268
S279W	0	0	0	0	0	0	0	0	0	0	0	0	0	0	0	0	0	0	0	0	0	0	0	0	0	0	0	0	0
S279Y	2375	1966	1459	2072	543	586	570	776	604	1071	727	681	295	1496	219	333	1332	1565	168	1301	945	913	148	1401	585	192	1880	1003	258
S279V	0	1	0	1	0	0	0	0	0	0	0	0	0	0	0	0	0	0	0	0	2	0	0	0	0	0	0	0	0
S279X	22	16	8	3	0	0	3	4	3	0	0	0	1	17	2	0	10	16	0	9	3	8	1	10	3	3	7	3	2
S279B	1	3	0	0	0	0	0	0	3	0	0	0	0	1	2	0	3	2	3	1	0	2	0	2	0	1	0	1	0
L280A	0	3	2	0	0	0	0	0	0	0	0	0	0	1	0	0	0	0	0	3	1	0	0	1	2	0	5	0	0
L280R	2021	1530	1190	1674	186	126	158	260	141	384	158	167	104	1034	72	63	1010	1145	39	986	830	636	47	1163	335	52	1567	280	51
L280N	0	0	0	0	0	0	0	0	0	0	0	0	0	0	0	0	0	0	0	1	0	0	0	0	0	0	0	0	0
L280D	0	0	0	0	0	0	0	0	0	0	0	0	0	0	0	0	0	0	0	0	0	0	0	0	0	0	0	0	0
L280C	0	0	0	0	0	0	0	0	0	0	0	0	0	0	0	0	0	0	0	0	0	0	0	0	0	0	0	0	0
L280E	0	1	1	0	0	0	0	0	0	0	0	0	0	0	0	0	0	0	0	0	1	0	0	1	0	0	0	0	0
L280Q	16993	12642	9481	13296	1862	1852	2008	3257	2997	4127	2757	3459	1549	9731	1170	1413	8906	9628	869	8783	6507	8843	631	8976	4210	654	12971	4894	1044
L280G	0	1	0	0	0	0	0	0	0	0	0	0	0	0	0	0	0	0	0	0	0	0	0	0	0	0	0	0	0
L280H	33	26	13	33	3	2	0	0	14	0	7	1	3	17	2	3	17	17	3	18	12	4	3	12	9	0	22	20	4
L280I	32	5	11	27	6	4	2	6	1	1	2	0	1	12	1	2	17	12	3	13	9	2	0	24	1	0	8	2	3
L280L	3585310	2751736	2241596	2915523	2443096	2117368	3897037	3003076	2220810	3590840	2914338	2042246	1854028	2072790	1682736	1995436	1957729	2003207	1172770	2047296	1525367	1693598	1401924	2061095	2027902	1330860	2616009	1615643	1241204
L280K	12	21	9	23	0	2	4	3	1	28	0	0	0	13	4	0	7	19	0	18	5	5	0	9	4	0	25	1	0
L280M	9022	7149	5611	7676	2045	2030	2540	2538	2333	4167	2259	1601	1243	5191	1293	1518	4939	5430	778	5134	3917	3161	947	5262	4180	971	7344	8597	1025
L280F	11	7	4	8	3	1	0	2	0	12	3	0	0	3	0	1	4	8	0	7	4	0	0	12	1	0	3	19	0
L280P	18988	14428	11112	15185	1798	1581	1927	3254	2507	4863	2026	3156	1295	10561	938	1051	9712	10502	779	9911	7784	7847	701	10379	7488	618	14634	10053	889
L280S	41	25	14	45	1	2	1	5	0	0	0	5	1	21	5	0	16	26	0	21	16	2	0	31	0	0	22	1	2
L280T	134	142	99	120	10	14	3	22	20	38	18	55	10	92	7	1	69	94	8	56	57	29	3	75	41	8	159	12	14
L280W	0	2	0	0	0	0	0	0	0	0	0	0	1	3	0	0	2	0	0	1	1	0	0	2	0	0	0	0	0
L280Y	0	0	0	0	0	0	0	0	0	0	0	0	0	0	0	0	0	0	0	0	0	0	0	0	0	0	0	0	0
L280V	1400	1102	828	1189	288	234	364	369	564	892	491	348	181	817	152	200	743	761	131	681	594	412	85	801	668	126	1134	2726	122
L280X	0	0	0	0	0	0	0	0	0	0	0	0	0	0	0	0	0	0	0	0	0	0	0	0	0	0	0	0	0
L280B	35	22	13	21	2	0	1	7	1	20	0	1	1	13	0	6	10	14	0	16	15	6	0	27	5	1	17	0	0
E281A	810	650	498	653	113	111	113	153	49	166	20	121	53	417	39	43	386	457	31	424	379	136	49	438	268	42	637	299	42
E281R	13	11	12	10	3	0	1	3	0	1	1	1	0	9	2	1	4	11	24	12	7	4	0	12	4	0	3	1	0
E281N	3	9	7	4	1	0	0	1	0	0	0	0	0	2	0	0	2	3	0	2	6	0	0	1	1	0	0	0	0
E281D	2933	2228	1843	2424	505	450	729	904	689	1099	404	622	326	1750	321	322	1645	1728	178	1743	1272	1086	301	1635	1015	275	2122	992	241
E281C	1	0	0	0	0	0	0	0	0	0	0	0	0	0	0	0	0	0	0	0	0	0	0	0	0	0	0	0	0
E281E	3591309	2757343	2245745	2920511	2443204	2117443	3897120	3003838	2222417	3592218	2914251	2043949	1854634	2076602	1682828	1995849	1960785	2007295	1173170	2050323	1526564	1698458	1401887	2064361	2029345	1330802	2620887	1620130	1241273
E281Q	144	134	120	169	36	50	100	98	22	107	95	31	20	121	46	54	96	100	19	103	101	26	24	110	65	44	160	82	26
E281G	14647	10775	8319	11417	1616	1532	1952	2679	2050	4325	2027	2173	1048	8119	1005	1088	7645	8039	609	7640	6366	4909	719	8136	5922	716	11349	5154	865
E281H	0	0	0	0	0	1	0	0	0	0	0	0	0	0	0	0	0	0	0	0	0	0	0	0	0	0	0	0	0
E281I	0	0	0	0	0	0	0	0	0	0	0	0	0	0	0	0	0	0	0	0	0	0	0	0	0	0	0	0	0
E281L	22	16	15	2	0	0	3	8	3	0	0	1	0	24	2	3	10	19	2	14	8	13	1	9	10	0	10	8	0
E281K	6904	4983	3775	5533	740	768	995	1392	1210	1986	873	1057	694	3832	460	595	3561	3908	329	3481	2628	2680	223	3646	2073	291	5223	3277	383
E281M	17	7	3	11	2	0	2	2	0	0	0	5	0	5	0	1	6	9	0	10	8	0	6	7	53	0	8	2	0
E281F	0	0	0	0	0	0	0	0	0	0	0	0	0	0	0	0	0	0	0	0	0	0	0	0	0	0	0	0	0
E281P	0	0	0	0	0	0	0	0	0	0	0	0	0	0	0	0	0	0	0	0	0	0	0	0	0	0	0	0	0
E281S	15	5	5	3	0	0	0	0	0	0	0	0	0	2	0	0	1	0	0	1	0	0	0	8	2	0	5	0	0
E281T	1	3	2	3	0	0	1	0	0	0	0	0	0	1	0	0	0	3	1	1	3	0	0	1	0	0	1	0	0
E281W	18	20	14	18	0	0	1	3	1	0	0	2	0	6	0	1	18	14	0	13	7	0	0	7	0	0	20	0	0
E281Y	4	3	1	3	0	6	0	0	0	0	5	0	0	0	0	1	0	0	0	2	0	1	0	2	0	0	0	5	0
E281V	13874	10257	7718	11283	2590	2398	2438	2898	2470	4351	3895	2590	1322	7612	1319	1411	7144	7563	747	7083	5919	6063	835	7619	4601	906	11006	10462	1252
E281X	9	3	10	2	2	0	1	2	0	4	0	0	2	5	0	0	8	7	0	1	0	0	0	6	1	0	6	0	1
E281B	3308	2395	1897	2774	488	457	589	818	478	1115	488	487	318	1792	358	325	1870	1707	270	2092	1852	1169	296	1872	1486	214	2483	1836	275
T282A	11115	8106	6297	8786	2677	2273	3560	4185	3056	5146	6785	6457	2439	6300	1616	1894	5935	6168	1514	5838	4353	9396	839	5963	5273	929	8356	8953	1399
T282R	0	0	0	1	0	1	4	0	0	0	0	0	0	1	0	0	0	4	0	0	3	0	0	0	0	0	1	0	0
T282N	1530	1256	990	1156	262	238	439	483	711	468	179	298	137	958	204	190	870	931	158	898	626	331	256	857	872	260	1143	290	137
T282D	16	20	9	2	1	1	3	3	5	0	0	1	1	18	2	1	9	23	2	9	7	29	1	18	12	4	6	13	2
T282C	0	0	0	0	0	0	0	0	0	0	0	0	0	0	0	0	0	0	0	0	0	0	0	0	0	0	0	0	0
T282E	0	0	0	0	0	0	0	0	0	0	0	0	0	0	0	0	0	0	0	0	0	0	0	0	0	0	0	0	0
T282Q	0	0	0	0	0	0	0	0	0	0	0	0	0	0	0	0	0	0	0	0	0	0	0	0	0	0	0	0	0
T282G	0	0	0	0	0	0	0	0	0	0	0	0	0	0	1	0	0	3	0	1	0	0	0	0	0	0	0	0	0
T282H	4	3	0	0	0	2	0	0	0	0	0	0	0	1	0	0	0	0	0	0	0	0	0	0	0	0	1	0	0
T282I	6294	5061	3536	4902	1063	1051	1076	1329	720	2522	884	1175	543	3692	559	568	3377	3827	369	3446	2374	2672	325	3470	2650	346	5233	887	545
T282L	0	0	0	0	0	0	0	0	0	0	0	0	0	0	0	0	0	0	0	0	0	0	0	0	0	0	0	0	0
T282K	8	9	13	0	0	1	1	2	3	1	1	0	1	12	2	1	5	8	0	8	2	3	3	8	8	4	4	1	0
T282M	9	2	2	3	0	0	0	0	0	0	0	1	0	2	1	0	3	0	0	2	0	0	0	1	0	0	2	0	0
T282F	1	4	0	1	0	0	0	0	0	0	1	0	0	2	0	0	2	2	0	0	0	0	0	1	0	1	1	0	0
T282P	726	561	443	626	46	58	70	109	18	186	57	26	46	422	17	21	393	389	10	404	349	307	17	442	202	17	659	302	22
T282S	8486	6364	4863	7162	2022	1904	2141	2626	2275	3682	1229	1617	993	4739	1043	1203	4351	4695	704	4205	3437	3078	784	4558	3301	800	6711	2673	938
T282T	3605827	2767444	2253819	2932158	2443229	2117685	3896751	3004059	2222601	3593367	2912891	2041464	1854244	2084139	1682935	1995812	1968222	2014796	1172623	2058118	1533951	1698535	1402115	2072536	2032492	1330927	2631789	1629128	1241315
T282W	0	0	0	0	0	0	0	0	0	0	0	0	0	0	0	0	0	0	0	0	0	0	0	0	0	0	0	0	0
T282Y	3	5	4	4	0	2	0	2	0	0	0	0	1	6	0	0	6	6	0	2	3	0	0	4	33	2	2	0	0
T282V	13	7	8	19	0	0	0	1	0	0	32	0	12	7	0	4	8	11	0	14	15	194	1	12	3	0	12	1	0
T282X	0	0	0	0	0	0	0	0	0	0	0	0	0	0	0	0	0	0	0	0	0	0	0	0	0	0	0	0	0
T282B	0	0	0	0	0	0	0	0	0	0	0	0	0	0	0	0	0	0	0	0	0	0	0	0	0	0	0	0	0
E283A	1132	822	617	887	180	151	173	275	76	513	211	133	106	580	78	129	552	564	27	572	505	206	57	657	371	86	824	1444	73
E283R	27	23	12	28	4	3	18	4	1	1	11	3	7	11	1	1	21	8	1	8	7	0	5	14	1	3	21	0	4
E283N	21	23	16	29	4	7	0	5	0	11	0	0	5	17	4	2	38	29	0	16	13	0	1	22	4	2	25	3	5
E283D	11257	8966	6694	9871	2156	2026	2153	2725	2094	4469	2120	2350	1022	6164	904	1180	6148	6374	661	6129	4899	4465	724	6525	4593	862	8833	3214	1090
E283C	0	0	0	0	0	0	0	1	0	0	0	0	0	0	0	0	0	0	0	0	0	0	0	0	0	0	0	0	0
E283E	3583310	2749581	2240250	2912928	2436286	2111463	3887972	2997355	2207671	3576776	2903086	2036371	1847425	2072185	1678740	1989771	1956055	2002452	1167816	2045854	1522884	1693604	1399694	2059195	2025256	1328801	2614085	1622629	1237415
E283Q	137	99	80	122	33	19	89	66	23	144	37	47	15	79	15	25	77	73	20	67	52	33	15	55	13	9	100	68	4
E283G	17645	13444	10659	14454	3083	2983	3509	4077	4035	6178	3710	3214	1718	9974	1683	1963	9577	9955	1155	9267	7564	8529	1389	9903	6278	1215	13981	6190	1580
E283H	0	2	0	0	0	0	0	1	0	0	1	0	0	0	0	0	0	0	0	0	1	0	0	0	0	0	0	0	0
E283I	8	4	7	5	10	0	2	1	0	1	0	0	2	6	5	0	2	5	1	2	3	0	2	2	0	0	8	0	0
E283L	25	28	22	1	0	0	3	8	5	0	0	1	0	34	3	1	17	29	2	23	4	24	3	11	15	3	21	6	1
E283K	5418	3985	2759	3979	4532	3419	6707	4274	12781	11673	8329	5064	6428	2859	3287	4454	2530	2768	4633	2630	1965	1559	647	2770	1923	1071	3968	4313	2631
E283M	0	0	0	0	0	0	0	0	0	0	0	0	0	0	0	0	0	0	0	0	0	0	0	0	0	0	0	0	0
E283F	0	0	0	0	0	0	0	0	0	0	0	0	0	0	0	0	0	0	0	0	1	0	0	0	0	0	0	0	0
E283P	0	0	0	0	0	0	0	0	0	0	0	0	0	0	0	0	0	0	0	0	0	0	0	0	0	0	0	0	0
E283S	2	6	2	1	0	0	0	0	0	0	0	0	0	6	0	0	3	5	0	5	1	1	1	2	2	0	3	8	1
E283T	2	2	1	2	0	0	0	0	0	0	0	0	0	2	0	1	0	1	0	0	0	1	1	0	0	0	0	0	0
E283W	0	0	0	0	0	0	0	0	0	0	0	0	0	0	0	0	0	0	0	0	0	0	0	0	0	0	0	0	0
E283Y	9	6	5	9	1	0	0	0	1	0	0	0	1	8	1	0	5	3	0	4	4	3	0	8	0	0	3	0	1
E283V	12788	10117	7493	10628	2766	2859	3006	3424	2415	5074	4372	3334	1492	7033	1496	1947	6858	7312	928	6807	5790	4984	1650	7358	5800	1122	10339	4109	1407
E283X	2235	1719	1352	1860	243	282	412	582	285	530	180	521	196	1336	163	216	1285	1277	136	1553	1423	1126	151	1341	587	115	1698	261	144
E283B	16	15	15	16	2	4	1	1	2	2	2	1	0	5	0	4	13	8	0	8	4	10	1	7	3	1	11	3	2
V284A	11893	8720	6888	10171	3573	2940	3362	3859	3658	5429	3688	2370	1760	6659	1613	1793	6314	6417	1122	6361	5666	4513	2547	6949	4466	1124	9438	4804	1508
V284R	0	0	0	0	0	0	0	0	0	0	0	0	0	0	0	0	0	0	0	0	0	0	0	0	0	0	0	0	0
V284N	0	0	0	1	0	0	0	0	0	0	0	0	0	1	0	0	0	1	0	1	0	0	0	1	0	0	1	0	0
V284D	8609	6191	4929	6973	724	750	960	1293	1122	1628	1880	1159	563	4766	410	497	4525	4562	393	4305	3713	4072	280	4520	3315	239	6544	3960	365
V284C	1	0	0	0	0	0	0	0	0	0	0	0	0	0	0	0	2	0	0	0	0	0	0	0	0	0	0	0	0
V284E	34	20	23	2	0	0	3	5	2	0	0	0	0	29	0	1	10	27	1	25	8	21	2	22	5	0	22	16	0
V284Q	0	0	0	0	0	0	0	0	0	0	0	0	0	0	0	0	0	0	0	0	0	0	0	0	0	0	0	0	0
V284G	1456	1060	848	1103	152	146	162	247	277	571	204	256	251	805	116	133	776	804	68	731	492	626	32	797	174	40	1065	985	90
V284H	0	0	0	0	0	0	0	0	0	0	0	0	0	0	0	0	0	0	0	0	0	0	0	0	0	0	0	0	0
V284I	2692	2116	1566	2364	802	650	812	841	843	1007	694	373	325	1518	383	379	1471	1538	210	1431	1223	713	272	1535	546	270	2260	580	332
V284L	458	398	364	515	199	142	177	200	128	216	133	173	99	318	48	65	218	303	61	300	637	440	119	326	189	67	394	118	106
V284K	0	0	0	0	0	0	0	0	0	0	0	0	0	0	0	0	0	0	0	0	0	0	0	0	0	0	0	0	0
V284M	0	0	0	0	0	0	0	0	0	0	0	0	0	0	0	0	0	0	0	0	0	0	0	0	0	0	0	0	0
V284F	1984	1477	1084	1547	249	221	269	447	236	858	287	262	131	1202	107	162	1007	1139	122	1097	894	318	166	1238	497	137	1563	778	140
V284P	0	0	1	0	0	0	0	0	0	0	0	0	0	0	0	0	0	0	0	0	0	0	0	0	0	0	0	0	0
V284S	13	9	4	4	0	0	3	4	1	0	0	1	1	7	1	0	5	4	0	4	3	9	2	7	13	2	4	38	1
V284T	6	4	3	2	0	3	0	1	0	16	0	6	0	8	0	1	2	2	0	7	2	1	0	3	0	0	1	0	1
V284W	0	0	0	0	0	0	0	0	0	0	0	0	0	0	0	0	0	0	0	0	0	0	0	0	0	0	0	0	0
V284Y	4	3	3	7	0	0	0	0	0	0	1	0	0	4	0	1	4	5	2	3	1	0	0	6	1	0	14	0	0
V284V	3606882	2768844	2254271	2932131	2443601	2118364	3898297	3005902	2223122	3595647	2915172	2046439	1855287	2084982	1683702	1996662	1968847	2016061	1173401	2058680	1532481	1703832	1400921	2072466	2035640	1331411	2632614	1630969	1241815
V284X	0	0	0	0	0	0	0	0	0	0	0	0	0	0	0	0	0	0	0	0	0	0	0	0	0	0	0	0	0
V284B	0	0	0	0	0	0	0	0	0	0	0	0	0	0	0	0	0	0	0	0	0	0	0	0	0	0	0	0	0
D285A	991	702	570	816	95	96	82	142	111	269	171	204	48	465	47	34	494	552	33	562	629	317	59	578	337	30	822	231	65
D285R	5	4	2	6	0	0	0	3	0	0	0	0	0	1	0	0	3	3	0	1	2	0	0	7	0	0	4	0	0
D285N	11384	8755	6474	9102	2755	2566	2877	3154	3246	6789	3785	2262	1836	6212	1370	1253	5977	6279	991	5938	4987	3357	948	6644	16021	1087	9300	4562	1456
D285D	3594523	2758168	2246800	2922366	2443573	2117813	3897407	3004306	2222510	3589809	2914200	2043912	1854695	2078206	1683336	1996732	1962029	2008625	1173365	2051922	1527756	1699016	1402108	2064960	2019482	1330893	2622048	1623685	1241377
D285C	10	3	1	4	0	0	1	3	0	0	0	0	1	5	0	0	6	6	0	8	2	2	0	2	0	1	6	3	1
D285E	2357	1897	1412	1871	344	355	527	611	309	411	228	328	174	1448	178	214	1260	1365	152	1289	1011	820	193	1334	752	228	1866	464	205
D285Q	0	0	0	0	0	0	0	0	0	0	0	0	0	0	0	0	0	0	0	1	0	0	0	0	0	0	0	0	0
D285G	13616	10575	8110	11375	1368	1220	1463	2383	1961	4568	2205	2213	864	7761	762	703	7265	7694	382	7064	5918	6896	466	7760	4361	495	10887	8679	696
D285H	245	186	162	250	44	34	112	100	56	185	59	96	26	158	46	28	168	142	30	125	118	57	21	147	38	15	203	17	53
D285I	19	10	13	7	2	1	1	0	0	0	0	0	0	12	0	0	10	11	0	13	9	0	0	7	11	0	12	0	2
D285L	1	3	0	3	0	0	0	0	0	0	0	0	0	0	0	0	0	0	0	1	0	0	0	1	0	0	1	0	0
D285K	3	4	3	1	0	0	0	0	0	0	0	0	0	0	0	0	2	3	0	2	1	0	2	2	0	0	3	0	0
D285M	0	0	0	0	0	0	0	0	0	0	0	0	1	0	0	0	0	0	0	0	0	0	0	0	0	0	0	0	0
D285F	27	24	11	1	0	0	1	0	4	0	0	0	1	28	0	0	9	14	0	16	3	4	1	19	7	0	16	6	1
D285P	0	0	0	0	0	0	0	0	0	0	0	0	0	0	0	0	0	0	0	0	0	0	0	0	0	0	0	0	0
D285S	35	27	21	31	18	1	1	2	2	0	1	1	0	13	0	6	15	18	1	23	11	2	1	29	2	2	26	6	0
D285T	1	2	0	1	0	2	0	0	0	0	0	0	0	0	0	0	1	3	1	3	6	0	0	1	1	0	5	0	1
D285W	0	0	0	0	0	0	0	0	0	0	0	0	0	0	0	0	0	0	0	0	0	0	0	0	0	0	0	0	0
D285Y	2843	2240	1739	2279	410	355	737	741	459	1062	467	963	217	1661	252	282	1502	1712	161	1672	1202	2189	246	1647	1572	227	2261	2017	150
D285V	7971	6240	4666	6707	691	773	836	1354	731	2279	943	1060	554	4329	389	442	4440	4435	264	4305	3464	1884	296	4732	2262	312	6460	2578	351
D285X	0	2	0	0	0	0	0	0	0	0	0	0	0	0	0	0	0	1	0	0	0	1	0	0	0	0	0	0	0
D285B	1	0	0	0	0	0	0	0	0	0	0	0	0	0	0	0	0	0	0	0	1	0	0	0	0	0	0	0	0
L286A	1	3	0	2	0	0	0	1	0	1	0	0	0	1	0	0	0	5	0	2	2	0	0	3	0	0	2	61	0
L286R	1275	1037	830	1179	104	124	111	264	84	310	127	180	63	726	59	106	705	825	46	685	550	994	50	772	291	40	1164	648	63
L286N	6	17	12	7	0	0	2	2	1	0	0	1	0	15	0	0	5	12	0	11	13	6	0	11	9	2	11	7	0
L286D	0	0	2	0	0	0	0	0	0	0	0	0	0	3	0	0	3	0	0	1	1	0	0	0	0	0	1	0	0
L286C	0	1	0	0	0	0	0	0	0	0	0	0	0	0	0	0	0	0	0	0	1	0	0	0	0	0	0	0	0
L286E	0	0	0	0	0	0	0	0	0	0	0	0	0	0	0	1	0	0	0	0	0	0	0	0	0	0	0	0	0
L286Q	35	29	16	3	1	0	2	7	6	0	0	0	1	33	3	1	12	46	0	20	1	37	2	21	20	1	10	12	1
L286G	0	0	0	0	0	0	0	0	0	0	0	0	0	0	0	0	0	0	0	0	0	0	0	0	0	0	0	0	0
L286H	17107	12491	9550	13546	1307	1237	1922	2729	2567	5409	3047	3210	1271	9387	718	1070	8621	9389	624	8350	6560	5575	433	9227	8187	430	13257	8442	695
L286I	5243	4303	3112	4604	595	748	843	1063	1050	1115	928	877	284	2978	365	439	2948	2927	274	3049	2498	2800	373	3104	2802	337	4070	2690	324
L286L	3578481	2746951	2238809	2909660	2443946	2117860	3896837	3000838	2218874	3589814	2911267	2037718	1852680	2069188	1682961	1994452	1954194	1999586	1172101	2044667	1523553	1672740	1402448	2057350	2021296	1331388	2609653	1611979	1241181
L286K	0	0	0	0	0	0	0	0	0	0	0	0	0	0	0	0	0	0	0	1	0	0	0	0	0	0	0	0	0
L286M	0	0	0	0	0	0	0	0	0	0	0	0	0	0	0	0	0	0	0	0	0	0	0	0	0	0	0	0	0
L286F	10391	7687	5299	7922	1515	1312	1920	3604	3005	3487	3308	4239	1988	5644	957	1962	5332	6074	1179	4921	3109	5881	303	5040	3608	441	8535	6124	937
L286P	19958	15121	11508	16554	1551	1691	2067	3608	3297	4584	2647	3627	1678	11463	1116	1371	10468	11131	843	10435	8198	25343	691	11399	7832	548	15938	9159	913
L286S	27	30	30	36	1	2	1	2	1	0	0	0	1	25	0	3	32	27	0	23	14	2	0	31	6	0	39	3	11
L286T	34	26	15	18	6	0	3	1	0	0	0	0	3	20	0	0	16	8	1	19	14	4	1	14	1	0	20	0	0
L286W	0	0	0	0	0	0	0	0	0	0	0	0	0	0	0	0	0	0	0	0	0	0	0	0	0	0	0	0	0
L286Y	41	30	31	18	1	3	27	16	0	0	4	8	0	9	1	0	16	13	0	11	15	0	1	20	0	3	18	0	2
L286V	1432	1116	770	1271	273	239	310	664	504	652	731	1179	448	807	200	289	829	820	312	750	591	1163	39	878	794	100	1202	3123	231
L286X	1	0	0	0	0	0	0	0	0	0	0	0	0	0	0	0	0	0	0	0	0	0	0	0	0	0	0	0	0
L286B	0	0	0	0	0	0	0	0	0	0	0	0	0	0	0	0	0	0	0	0	0	0	0	0	0	0	0	0	0
R287A	2	2	1	1	0	0	0	0	0	1	0	0	0	0	0	0	0	0	0	1	3	0	0	0	0	0	0	0	0
R287R	3592982	2757647	2246402	2921802	2442429	2116349	3892518	3002449	2224157	3592208	2911015	2040831	1853400	2077420	1681727	1995840	1961920	2008575	1172171	2051685	1527972	1690282	1401933	2065258	2024800	1330800	2622147	1620892	1240938
R287N	0	1	0	0	0	1	0	0	0	0	0	0	0	0	0	0	0	0	0	0	0	1	1	0	0	0	0	0	0
R287D	0	0	0	0	0	0	0	0	0	0	0	0	0	0	0	0	0	0	0	0	0	0	0	0	0	0	0	0	0
R287C	4	1	0	1	0	0	0	0	0	10	0	0	0	0	0	0	0	1	0	3	0	1	0	1	0	0	0	0	0
R287E	5	24	16	14	1	3	1	9	0	1	0	0	0	8	0	1	18	15	0	12	5	10	0	16	8	0	16	0	0
R287Q	6	1	1	6	1	0	0	0	0	0	0	0	0	0	0	0	1	0	0	4	0	0	0	0	0	0	5	0	0
R287G	17617	13322	10318	14659	3189	3546	6326	4181	1866	4648	3415	3338	1793	9994	2255	1439	9105	9579	1282	9316	7669	9712	1125	9902	7974	1005	13884	9951	1411
R287H	0	0	0	0	0	0	0	0	0	0	0	0	0	0	0	0	0	0	0	0	0	0	0	0	0	0	0	0	0
R287I	9	7	4	0	2	0	0	1	3	0	0	0	0	6	1	1	2	8	0	3	4	3	0	6	5	4	6	3	0
R287L	18	16	6	13	0	1	3	1	0	0	0	0	0	15	1	0	11	12	0	8	13	3	0	12	29	0	11	4	0
R287K	5919	4441	3123	4182	1530	1256	2548	2661	1589	3181	3972	3248	1707	3214	1170	1198	2919	3064	1120	2732	1981	6497	359	2953	2988	555	4258	4067	861
R287M	4567	3354	2644	3938	628	665	891	963	618	1379	903	715	430	2526	345	389	2499	2540	193	2437	2080	909	295	2616	2570	315	3532	2386	370
R287F	0	0	0	0	0	0	0	0	0	0	0	0	0	0	0	0	0	0	0	0	0	0	0	0	0	0	0	0	0
R287P	0	0	0	0	0	0	0	0	0	0	0	0	0	0	0	0	0	0	0	0	0	0	0	0	0	0	0	0	0
R287S	1317	1059	751	1051	158	191	210	265	224	487	277	267	101	679	107	125	675	666	66	665	522	230	102	759	964	72	979	516	91
R287T	302	194	163	224	66	60	87	64	24	79	69	49	57	164	36	44	166	159	19	157	129	52	32	173	459	19	224	105	23
R287W	11239	8750	6536	8902	1294	1138	1458	2198	908	3378	2408	2591	928	6257	737	652	5820	6230	529	5900	4717	6807	483	6143	5049	518	8828	4321	664
R287Y	0	0	0	0	0	0	0	0	0	0	0	0	0	0	0	0	0	0	0	0	0	0	0	0	0	0	0	0	0
R287V	24	5	8	9	2	1	0	0	0	0	0	0	0	7	0	1	24	8	0	8	11	1	1	14	0	2	17	3	0
R287X	5	11	5	6	0	4	0	6	0	0	0	0	0	8	0	4	11	3	0	10	8	30	2	6	0	0	10	0	0
R287B	16	7	6	12	0	1	3	1	0	0	0	0	1	1	1	0	10	3	0	4	6	7	8	11	0	0	3	0	0
K288A	1	4	2	2	0	14	2	1	1	0	0	0	5	0	0	0	1	4	0	3	1	0	1	6	0	1	1	0	2
K288R	17344	12680	10090	14195	3847	4033	4781	5502	5240	7567	6374	5909	2658	9599	2246	2579	9121	9600	1440	8897	7408	5503	1605	9772	8428	1788	13364	10504	2234
K288N	2918	2265	1811	2417	557	477	792	891	632	879	493	651	244	1728	253	341	1477	1650	223	1678	1256	719	250	1575	1141	254	2239	1137	297
K288D	2	5	2	3	0	0	2	0	1	0	1	0	0	2	0	0	4	2	0	1	1	2	0	1	0	0	2	0	0
K288C	0	0	0	0	0	0	0	0	0	0	0	0	0	0	0	0	0	0	0	0	0	0	0	0	0	0	0	0	0
K288E	14050	10324	8265	11621	4044	4491	7452	6070	2742	7328	6660	5821	3244	7915	3146	2337	7601	7841	2433	7141	5696	12140	1119	7806	5226	1407	10802	9764	2477
K288Q	806	599	440	668	171	177	223	215	225	497	196	175	113	386	57	54	392	476	58	402	370	264	59	436	783	63	624	94	95
K288G	35	31	50	49	9	13	17	23	30	21	2	19	2	56	4	9	27	27	5	26	23	17	10	26	17	9	59	66	9
K288H	0	0	1	0	0	0	0	0	0	0	0	0	0	0	0	0	0	0	0	0	0	0	0	0	0	0	0	0	0
K288I	15	12	8	8	1	1	6	1	0	4	4	1	0	15	6	2	10	6	1	9	4	5	1	9	2	2	5	2	1
K288L	0	0	2	5	0	2	2	0	0	0	0	0	0	3	0	0	0	6	0	3	1	0	1	2	0	0	2	1	0
K288K	3577567	2746527	2236847	2908066	2437135	2110265	3886970	2995310	2216622	3582777	2905180	2034902	1849790	2068502	1679003	1992276	1952716	1999275	1169967	2042926	1519656	1685612	1399947	2055615	2023021	1328543	2609331	1613076	1237491
K288M	8709	6724	5074	7112	1934	2082	2048	2244	1195	2840	1650	1332	1064	5014	797	1016	4656	4807	646	4505	3670	3243	684	4969	2696	670	7248	3856	1005
K288F	0	0	0	0	0	0	0	0	0	0	0	0	0	0	0	0	0	0	0	0	0	0	0	0	0	0	0	0	0
K288P	0	0	0	0	0	0	0	0	0	0	0	0	0	0	0	0	0	0	0	0	0	0	0	0	0	0	0	0	0
K288S	31	18	12	20	4	0	0	4	1	0	1	8	1	16	6	0	15	24	0	10	7	0	4	10	0	0	8	1	0
K288T	1783	1388	999	1471	327	299	322	406	277	923	254	410	112	969	178	178	909	966	79	967	860	573	122	1053	638	151	1467	1178	115
K288W	9	13	7	8	0	20	3	6	0	2	0	2	0	5	0	0	7	3	2	5	11	6	1	15	0	0	7	0	1
K288Y	30	16	12	15	0	0	6	6	20	0	1	6	1	11	0	7	9	18	2	16	3	1	0	19	0	1	21	0	2
K288V	11	13	17	11	2	5	8	1	1	1	0	1	2	8	1	1	6	4	2	4	6	2	3	3	4	0	9	0	0
K288X	8	5	3	8	0	0	0	3	0	0	6	0	2	5	1	0	8	10	1	2	4	0	0	5	0	1	10	0	5
K288B	10713	8218	6342	9141	1269	1337	1411	2116	2402	2533	1237	1802	1179	6065	682	894	6222	6144	521	6350	6143	6458	534	6548	2890	400	8721	2569	624
P289A	489	341	295	423	95	78	96	133	64	471	44	52	40	264	57	44	258	263	27	271	230	87	52	273	231	42	401	198	47
P289R	173	136	115	148	22	20	58	47	29	59	42	24	16	89	17	19	115	77	17	114	87	36	17	95	39	12	147	60	18
P289N	5	7	4	1	0	0	1	1	2	0	0	0	1	3	0	0	4	4	0	6	0	0	0	2	3	0	3	1	0
P289D	0	0	4	0	1	0	0	0	1	0	0	0	0	1	0	0	2	0	0	0	0	0	0	0	1	0	0	0	0
P289C	0	1	0	0	0	0	0	0	0	0	0	0	0	0	0	0	0	0	0	0	0	0	0	0	0	0	0	0	0
P289E	0	0	0	0	0	0	0	0	0	0	0	0	0	0	0	0	0	0	0	0	0	0	0	0	0	0	0	0	0
P289Q	3	1	3	0	0	0	0	1	2	0	0	0	0	4	1	1	2	2	0	11	2	4	1	9	4	4	4	1	0
P289G	0	0	0	0	0	0	0	0	0	0	0	0	0	0	0	0	0	0	0	0	0	0	0	0	0	0	0	0	0
P289H	2264	1662	1322	1907	443	505	588	654	304	483	479	295	161	1206	218	192	1148	1184	135	1292	990	623	187	1253	885	194	1681	998	181
P289I	11	9	6	2	0	0	0	0	0	0	0	1	0	11	0	0	0	11	0	8	1	4	2	2	7	1	10	4	0
P289L	6415	4766	3588	5343	763	833	897	1237	727	2582	688	976	403	3589	381	350	3284	3327	240	3339	2787	1553	294	3556	1869	295	5055	3845	344
P289K	0	0	0	0	0	0	0	0	0	0	0	0	0	0	0	0	0	0	0	0	0	0	0	0	0	0	0	0	0
P289M	0	0	0	0	0	0	0	0	0	0	0	0	0	0	0	0	0	0	0	0	0	0	0	0	0	0	0	0	0
P289F	10	6	3	10	0	6	0	0	0	0	0	5	0	3	0	0	5	6	0	8	6	0	0	4	1	0	4	1	0
P289P	3614946	2774393	2259130	2938978	2446352	2120219	3900414	3008261	2226921	3598035	2918367	2047597	1856928	2089619	1684864	1998188	1973145	2020365	1174334	2062854	1536715	1708641	1403109	2077083	2037559	1332048	2638714	1631435	1242955
P289S	8116	6237	4561	6624	1352	1269	1512	1988	994	3307	1951	1517	687	4505	649	702	4314	4552	461	4187	3677	3285	540	4653	3419	552	6581	4335	664
P289T	1584	1274	948	1383	269	286	477	475	341	435	477	572	181	992	193	197	895	1059	166	845	624	303	139	934	820	142	1317	1367	149
P289W	0	0	0	0	0	0	0	0	0	0	0	0	0	0	0	0	0	0	0	0	0	0	0	0	0	0	0	0	0
P289Y	16	9	5	1	3	0	2	2	4	0	11	0	0	13	0	1	8	13	0	10	1	9	0	6	8	0	3	3	0
P289V	0	0	0	0	0	0	0	0	0	0	0	0	0	0	0	0	1	0	0	0	0	0	0	0	0	0	0	0	0
P289X	0	0	0	0	0	0	0	0	0	0	0	0	0	0	0	0	0	0	0	0	0	0	0	0	0	0	0	0	0
P289B	0	0	0	0	0	0	0	0	0	0	0	0	0	0	0	0	0	0	0	0	0	0	0	0	0	0	0	0	0
L290A	2	1	0	3	0	0	0	1	0	0	0	0	0	2	0	1	2	0	0	0	2	0	0	0	0	0	2	0	0
L290R	847	639	464	693	54	58	91	111	91	61	95	101	25	500	16	16	439	400	17	430	425	393	21	488	579	35	541	219	25
L290N	0	0	0	0	0	0	0	0	0	0	0	0	1	0	0	0	0	0	0	0	0	0	0	0	0	0	0	0	0
L290D	0	0	0	0	0	0	0	0	0	0	0	0	0	0	0	0	0	0	0	0	0	0	0	0	0	0	0	0	0
L290C	0	0	0	0	0	0	0	0	0	0	0	0	0	0	0	0	0	0	0	0	0	0	0	0	0	0	0	0	0
L290E	10	2	1	5	0	1	0	0	0	0	0	0	0	1	1	2	4	3	0	7	2	0	0	4	0	0	6	0	0
L290Q	11511	8141	6496	9066	904	797	1131	1789	1295	2715	2112	2443	666	6213	489	572	5598	6055	405	5854	4651	5305	311	6076	4631	298	8664	8556	519
L290G	0	0	0	0	0	0	0	0	0	0	0	0	0	0	0	0	0	0	0	0	0	0	0	0	0	0	0	0	0
L290H	18	23	19	23	0	1	1	1	0	1	6	1	0	11	0	0	18	11	0	17	11	0	0	25	1	0	17	0	0
L290I	3400	2546	2081	2902	487	449	493	699	452	705	318	673	336	1994	256	255	1926	2070	184	1894	1445	581	197	2002	1381	222	2729	4436	223
L290L	3601069	2764666	2250577	2927521	2446550	2120516	3900594	3007634	2225471	3598413	2916752	2045842	1856565	2082269	1684956	1998073	1966127	2013047	1174258	2055686	1531260	1702174	1403215	2070064	2031241	1332220	2628685	1622250	1242937
L290K	35	11	11	8	0	0	1	1	0	0	0	4	2	14	0	0	5	2	0	11	11	23	1	11	12	0	15	2	5
L290M	50	43	32	52	19	16	17	14	0	1	11	4	7	32	5	1	20	26	8	26	20	3	1	33	4	0	40	1	8
L290F	12	12	4	12	0	4	0	2	0	0	0	0	0	11	0	1	4	4	0	0	0	0	1	1	0	1	4	0	0
L290P	16705	12479	10085	14226	1249	1299	1653	2482	1904	3373	2645	1859	795	9035	638	758	8821	9048	500	8830	7114	5972	574	8948	6744	494	12900	6703	616
L290S	21	21	15	24	1	2	1	3	0	0	7	0	0	23	0	1	15	7	0	20	23	2	1	18	0	0	29	1	0
L290T	12	12	14	20	0	4	1	1	0	0	1	0	0	14	2	0	12	15	0	6	3	0	1	1	1	1	21	0	1
L290W	0	0	0	0	0	0	0	0	0	0	0	0	0	0	0	0	0	0	0	0	0	0	0	0	0	0	0	0	0
L290Y	0	0	0	0	0	0	0	0	0	0	0	0	0	0	0	0	0	0	0	0	0	0	0	0	0	0	0	0	0
L290V	330	237	180	258	36	69	62	58	176	103	112	112	20	173	17	14	181	169	8	157	143	92	18	194	237	19	258	80	19
L290X	10	9	5	7	0	0	0	3	0	0	0	0	0	7	0	0	9	6	0	7	10	0	0	5	15	0	9	0	5
L290B	0	0	0	0	0	0	0	0	0	0	0	0	0	0	0	0	0	0	0	0	0	0	0	0	0	0	0	0	0
E291A	727	542	474	703	179	147	281	219	227	413	81	109	269	428	121	211	398	421	92	374	368	902	159	439	494	107	580	443	109
E291R	2	6	1	2	0	0	0	0	0	0	0	1	1	1	0	0	1	1	0	2	0	0	5	2	0	0	1	1	2
E291N	2	0	1	0	0	0	0	0	0	0	0	0	0	0	0	0	0	0	0	1	0	0	0	0	0	0	0	0	0
E291D	2324	1723	1409	1919	323	339	449	503	448	553	629	484	194	1314	168	205	1352	1353	143	1296	885	685	206	1243	617	167	1724	880	177
E291C	0	0	0	0	0	0	0	0	0	0	0	0	0	0	0	0	0	0	0	0	0	0	0	0	0	0	0	0	0
E291E	3606247	2768730	2253674	2931678	2445142	2118536	3898771	3006367	2221912	3595225	2916356	2045723	1855319	2085250	1684018	1996835	1968491	2015838	1173558	2058569	1533175	1704646	1402233	2073069	2035129	1331325	2633152	1633845	1242052
E291Q	50	42	33	42	17	13	22	29	11	21	14	22	26	25	5	9	32	26	8	28	20	5	7	17	73	8	36	6	8
E291G	11672	8282	6610	9289	1537	1941	2040	2409	2624	4086	2217	1701	1095	6156	842	986	5952	6141	614	5675	4797	2022	754	6084	4161	731	8761	3021	930
E291H	0	0	0	1	0	0	0	0	0	0	0	1	0	0	1	0	0	0	0	0	0	0	0	0	0	0	0	0	0
E291I	0	0	0	0	0	0	0	0	0	0	0	0	0	0	0	0	0	0	0	0	0	0	0	0	0	0	0	0	0
E291L	11	9	8	1	0	0	0	0	8	0	1	0	0	13	0	0	7	16	1	7	5	4	3	8	11	0	5	4	1
E291K	3387	2464	1981	2691	626	602	739	969	1520	1861	782	1285	576	1830	273	394	1779	1795	260	1608	1326	1165	181	1669	891	228	2450	691	307
E291M	6	3	0	10	1	0	2	2	9	1	0	0	0	0	1	1	4	0	0	2	1	0	0	1	0	0	7	0	0
E291F	0	0	0	0	0	0	0	0	0	0	0	0	0	0	0	0	0	0	0	0	0	0	0	0	0	0	0	0	0
E291P	0	0	0	0	0	0	0	0	0	0	0	0	0	0	0	0	0	0	0	0	0	0	0	0	0	0	0	0	0
E291S	1	3	0	3	0	0	1	1	0	0	0	0	2	0	1	0	1	1	0	3	1	3	0	1	3	0	1	1	0
E291T	0	1	0	0	0	0	0	0	0	0	0	0	0	0	0	0	0	0	0	0	1	0	0	0	0	0	0	0	0
E291W	17	9	2	13	0	0	0	1	0	0	0	2	1	11	0	1	4	7	0	6	4	0	0	7	0	0	7	3	0
E291Y	0	2	0	0	0	0	0	0	0	0	0	0	0	1	0	1	0	2	0	1	1	0	0	2	1	1	1	0	0
E291V	6943	4996	4138	6169	1006	1064	1230	1638	2356	2265	1349	1265	607	3692	622	616	3608	3757	367	3675	3091	2829	485	3654	2831	483	5208	2107	531
E291X	0	1	0	0	0	0	0	0	0	0	0	0	0	1	0	0	0	1	0	2	0	1	0	3	0	0	0	0	0
E291B	2643	2029	1653	2299	469	574	510	661	274	947	630	446	327	1577	328	435	1552	1504	337	1696	1445	2283	308	1671	635	240	1987	1246	241
N292A	0	0	0	1	0	0	4	0	0	0	0	0	0	0	0	0	0	0	0	0	0	0	0	0	0	0	1	0	0
N292R	29	22	10	4	0	0	3	3	1	0	0	2	1	15	1	0	14	16	0	17	2	6	6	6	10	8	7	9	0
N292N	3591472	2757417	2244633	2919916	2440309	2113913	3893268	3000303	2217809	3587279	2910535	2040504	1852276	2076830	1681508	1993580	1960978	2007731	1171839	2051421	1526515	1695224	1400490	2066270	2027283	1329517	2621531	1617978	1239828
N292D	13810	10109	7944	11105	2968	3292	3304	3942	3665	6079	3571	3452	1689	7302	1516	2093	7098	7343	978	6821	6029	7460	1499	7226	6169	1286	10088	5786	1561
N292C	6	4	5	10	0	2	2	1	47	0	12	1	0	2	0	0	4	3	0	3	4	0	2	1	1	1	3	0	1
N292E	2	3	4	5	0	0	0	0	5	0	0	0	1	5	0	4	3	5	0	7	1	1	0	5	0	0	3	1	0
N292Q	1	0	0	0	0	0	0	0	0	0	0	0	0	0	0	0	0	0	0	0	1	0	0	0	0	0	0	0	0
N292G	53	42	37	53	33	10	21	19	18	2	11	4	6	41	1	6	24	41	1	21	42	3	5	30	35	3	54	7	6
N292H	1080	720	584	821	138	236	241	350	153	364	737	317	138	592	106	109	476	573	75	411	370	1413	45	545	278	66	757	583	102
N292I	4477	3286	2654	3009	940	760	1021	1094	1647	2149	1584	1153	873	2667	515	663	2154	2737	509	2395	1471	1223	325	2252	1913	371	3612	2279	486
N292L	0	1	0	0	0	0	0	0	0	0	0	0	0	0	0	0	0	1	0	1	0	0	0	0	0	0	0	0	0
N292K	1640	1249	1109	1210	382	380	491	460	735	464	450	245	152	923	227	214	864	837	130	816	640	405	224	880	483	175	1168	1287	175
N292M	0	1	0	0	0	0	0	0	0	0	0	0	0	0	0	0	0	0	0	0	0	0	0	0	0	0	0	0	0
N292F	1	2	1	2	0	1	0	1	0	16	0	0	0	2	0	0	5	8	0	0	6	0	0	4	0	0	4	0	0
N292P	0	0	0	0	0	0	0	0	0	0	0	0	0	0	0	0	0	0	0	0	0	0	0	0	0	0	0	0	0
N292S	14365	10582	8879	12685	3324	3215	3846	4467	3150	4465	3069	2900	1809	8132	1726	1968	7775	7898	1055	7494	6550	4815	1294	7062	5654	1373	11146	6304	1527
N292T	317	213	190	259	55	50	56	69	120	24	28	42	34	155	32	40	199	197	19	205	143	135	28	167	387	15	225	32	44
N292W	0	0	0	0	0	0	0	0	0	0	0	0	0	0	0	0	0	0	0	0	0	0	0	0	0	0	0	0	0
N292Y	6776	5176	3930	5735	1151	1357	1788	2088	2039	4530	2060	2419	1438	3625	748	1017	3579	3470	774	3330	3342	3858	423	3419	2633	472	5317	7980	628
N292V	1	10	2	2	0	0	0	0	0	0	0	0	0	3	0	0	2	3	0	2	3	0	0	2	0	0	1	0	0
N292X	0	2	1	0	0	0	0	0	0	0	1	0	0	0	0	0	2	0	0	1	0	1	0	0	0	3	1	1	0
N292B	2	3	1	3	0	0	0	2	0	0	1	0	0	5	0	0	4	0	0	0	1	1	0	1	0	0	2	1	0
L293A	0	0	0	0	0	0	0	0	0	0	0	0	0	0	0	0	0	0	0	0	1	0	0	0	0	0	1	0	0
L293R	1792	1408	1121	1574	204	137	352	308	431	990	553	475	125	1121	156	127	1045	972	97	1015	621	921	55	940	1099	56	1353	10575	88
L293N	0	0	0	0	0	0	0	0	0	0	0	0	0	0	0	0	0	0	0	0	0	0	0	0	0	0	0	0	0
L293D	0	0	0	0	0	0	0	0	0	0	0	0	0	0	1	0	0	0	0	0	0	0	0	0	0	0	0	0	0
L293C	0	0	0	0	0	0	0	0	0	0	0	0	0	0	0	0	0	0	0	0	0	0	0	0	0	0	0	0	0
L293E	0	0	0	0	0	0	0	0	0	0	0	0	0	0	0	0	1	0	0	0	0	0	0	1	0	0	0	0	0
L293Q	11285	9814	7772	11084	2429	2218	2503	2971	2886	4465	2399	2475	1186	7359	1032	1122	6995	7112	773	7037	6308	4998	2365	6524	4463	891	10246	4985	1232
L293G	0	0	0	0	0	0	0	0	0	0	0	0	0	0	0	0	0	1	0	0	0	0	0	0	1	0	0	0	0
L293H	3	7	5	6	0	1	0	3	0	0	0	2	0	13	0	1	3	16	1	5	2	0	1	5	4	0	3	0	0
L293I	2	6	1	4	1	4	1	3	0	0	1	1	1	3	1	1	2	4	0	4	1	1	0	3	0	1	3	0	0
L293L	3600670	2763142	2248605	2925204	2443968	2117782	3897567	3004926	2222717	3591466	2915692	2043236	1855253	2081076	1683861	1996482	1964166	2012088	1173305	2054516	1529620	1697990	1400687	2070038	2030192	1331193	2626836	1615326	1241784
L293K	11	5	6	7	0	0	0	1	1	0	0	0	0	7	0	1	1	10	0	4	0	7	1	3	0	0	4	1	0
L293M	4860	3591	2759	3835	1217	1660	1567	1710	1229	2695	1357	1430	829	2450	592	961	2808	2731	549	2613	1951	2081	582	2515	2768	583	3576	4028	605
L293F	2	2	1	1	0	0	0	1	0	0	0	0	0	0	0	0	3	1	0	1	0	0	0	0	0	0	2	1	0
L293P	15045	10596	9471	12781	1454	1355	1972	2805	2093	5696	2002	3367	1007	8086	722	969	7933	7740	638	7566	6491	8501	627	7611	6264	555	11583	7246	629
L293S	14	8	9	13	0	2	0	2	0	0	4	1	0	12	0	3	13	5	0	17	13	8	0	16	8	0	13	0	0
L293T	10	10	15	22	0	0	14	5	0	1	0	0	0	7	1	1	18	12	0	17	0	1	1	9	1	1	13	0	0
L293W	5	9	6	5	0	1	4	1	0	0	8	0	0	5	0	2	2	1	0	6	7	0	1	5	0	0	2	0	0
L293Y	0	0	0	0	0	0	0	0	0	0	0	0	0	0	0	0	0	0	0	0	0	0	0	0	0	0	0	0	0
L293V	312	233	197	258	23	55	58	63	32	59	37	52	14	150	14	23	180	160	17	134	95	37	21	187	41	10	270	86	19
L293X	0	0	0	0	0	0	0	0	0	0	0	0	0	0	0	0	0	0	0	0	0	0	0	0	0	0	0	0	0
L293B	21	11	16	26	4	1	7	0	0	0	6	0	2	10	0	1	11	10	0	10	10	0	0	13	5	0	15	0	1
G294A	284	220	224	269	43	49	72	69	48	116	77	68	20	163	33	23	163	179	17	166	111	142	27	188	107	31	268	40	32
G294R	9223	7207	5132	7196	921	965	1175	1355	1106	3001	1327	1459	423	3926	456	444	3815	5036	271	4184	3519	1501	365	4647	3299	381	7242	3587	462
G294N	0	0	0	0	0	0	0	0	0	0	0	0	0	0	0	0	0	0	0	0	0	0	0	0	0	0	0	0	0
G294D	0	3	2	0	1	4	0	1	0	0	0	3	0	3	0	1	2	3	1	4	5	0	1	4	3	1	7	0	0
G294C	13	8	12	11	0	0	1	2	1	0	0	10	2	5	0	3	13	7	0	14	6	0	0	4	1	0	23	0	0
G294E	4207	2826	2159	3237	560	502	614	724	577	1332	1005	541	294	2169	220	290	2019	2159	184	2133	1717	1121	166	2201	1254	218	2999	1637	266
G294Q	0	0	0	0	0	0	0	0	0	0	0	0	0	0	0	0	0	0	0	0	0	0	0	0	0	0	0	0	0
G294G	3580120	2744824	2225406	2900277	2444333	2118392	3897984	3002131	2223801	3592431	2915385	2042721	1856151	2068489	1684029	1997708	1952797	2000843	1173996	2047222	1521523	1700717	1402164	2051639	2032672	1331234	2611134	1630062	1241869
G294H	0	0	0	0	0	0	0	0	0	0	0	0	0	0	0	0	0	0	0	0	0	0	0	0	0	0	0	0	0
G294I	11	14	5	1	0	0	0	0	1	0	0	0	0	8	1	0	2	5	1	8	0	0	0	4	6	0	6	6	0
G294L	67	66	71	1	0	0	4	9	9	0	1	1	2	82	4	3	34	59	3	53	15	15	6	58	16	9	30	11	1
G294K	7	2	2	3	0	2	0	0	0	0	0	0	0	1	0	1	3	3	0	0	2	0	0	1	0	0	0	0	0
G294M	0	0	0	0	0	0	0	0	0	0	0	0	0	0	0	0	0	0	0	0	0	0	0	0	0	0	0	0	0
G294F	0	0	0	0	0	0	0	0	0	0	0	0	0	0	0	0	0	0	0	0	0	0	0	0	0	0	0	0	0
G294P	0	0	0	0	0	0	0	0	0	0	0	0	0	0	0	0	0	0	0	0	0	0	0	0	0	1	0	0	0
G294S	11	15	7	12	0	0	0	3	1	1	0	0	0	9	0	0	3	7	0	7	7	3	1	5	0	0	4	12	3
G294T	1	1	0	0	0	0	0	0	0	0	0	0	0	0	0	0	1	0	0	0	0	0	0	0	0	0	1	0	0
G294W	15	26	14	14	0	4	0	1	0	2	1	1	3	12	0	0	14	10	0	16	12	2	0	18	0	2	9	1	1
G294Y	0	0	0	0	0	0	0	0	0	0	0	0	0	0	0	0	0	0	0	0	0	0	0	0	0	0	0	0	0
G294V	2983	2215	1781	2343	408	353	550	653	367	752	256	494	187	1693	196	223	1508	1761	130	1538	989	1279	151	1575	1561	205	2066	1790	316
G294X	37090	31415	35169	41456	3034	2945	3645	7851	3478	7737	4007	5741	1335	23739	1441	998	22807	20791	777	17600	17214	9765	1460	27526	5927	1208	30131	5102	1408
G294B	0	0	0	0	0	0	0	0	0	0	0	0	0	0	0	0	0	0	0	0	0	0	0	0	0	0	0	0	0
M295A	89	89	63	81	16	2	4	11	0	631	3	22	15	56	4	0	54	67	1	33	35	0	2	45	30	3	109	182	5
M295R	972	725	549	799	62	60	102	120	1	181	37	74	52	513	24	16	518	538	21	493	379	310	20	547	235	15	699	459	44
M295N	4	1	1	0	0	0	0	0	0	0	0	0	0	0	0	0	1	3	1	1	1	3	0	2	0	1	0	1	0
M295D	0	0	0	0	0	0	0	0	0	0	0	0	0	0	0	0	0	0	0	0	0	0	0	0	0	0	0	0	0
M295C	0	0	0	0	0	0	0	0	0	0	0	0	0	0	0	0	0	0	0	0	0	0	0	0	0	0	0	0	0
M295E	10	7	19	11	0	0	0	0	1	0	0	0	0	5	0	1	8	8	0	8	10	2	4	6	0	0	25	10	0
M295Q	0	1	1	0	0	0	2	0	0	0	0	0	0	0	0	0	0	0	0	1	0	0	0	0	0	0	4	0	0
M295G	5	0	1	0	0	0	0	0	0	0	0	0	0	0	0	0	4	0	0	2	0	1	0	2	0	0	3	0	0
M295H	0	0	0	0	0	0	0	0	0	0	0	0	0	0	0	0	0	0	0	0	0	0	0	0	0	0	0	0	0
M295I	6421	5011	3669	5211	1392	1519	2194	2118	2124	2902	1490	2039	737	3580	831	1095	3301	3403	500	3407	2571	1238	772	3242	2235	739	4696	4000	723
M295L	5308	3719	3240	4167	931	774	1075	1334	803	2583	1531	1058	495	2846	607	760	2976	2974	354	2666	2183	2002	389	2956	3903	395	3971	1599	494
M295K	5277	3735	2983	4341	281	355	374	670	374	1170	315	637	215	2882	190	172	2674	2808	117	2665	2758	5102	173	2732	1362	126	3935	1159	184
M295M	3591849	2756753	2244717	2919525	2442577	2116445	3895341	3002514	2220933	3589732	2913634	2042926	1854404	2076340	1682471	1995445	1960988	2007164	1172839	2050424	1525899	1696249	1401500	2064142	2027349	1330400	2620890	1628766	1240723
M295F	1	0	0	0	0	0	0	1	0	0	0	0	0	0	0	0	1	1	0	1	0	1	0	1	1	0	0	0	0
M295P	2	0	0	4	0	0	0	1	0	0	0	1	0	5	0	0	0	0	0	3	1	0	0	1	0	0	2	0	0
M295S	22	15	7	30	0	7	1	6	173	0	0	0	0	9	2	9	21	6	0	32	19	199	17	30	387	9	14	0	0
M295T	11036	8510	6622	9805	983	1259	1272	1965	1607	2589	1103	1539	577	6288	608	666	6177	6062	383	6144	5224	4523	432	6387	3490	394	8767	2906	544
M295W	2	2	0	3	0	0	0	0	0	0	0	0	0	1	0	1	3	2	0	2	0	0	0	0	0	0	0	0	0
M295Y	0	0	0	0	0	0	0	0	0	0	0	0	0	0	0	0	0	0	0	0	0	0	0	0	0	0	0	0	0
M295V	13003	10265	8103	10838	3058	2795	3679	4055	3373	5584	3946	2743	1922	7762	1643	1528	6437	7806	1163	7046	6039	4915	1032	7767	5851	1208	10797	3166	1641
M295X	0	0	0	0	0	0	0	0	0	0	0	0	0	0	0	0	0	0	0	0	0	0	0	0	0	0	0	0	0
M295B	31	9	9	5	0	0	1	4	0	0	0	0	0	12	0	1	18	21	1	17	1	0	0	10	3	0	8	0	0
T296A	13890	9859	7782	11071	4627	3563	6387	4864	3586	7373	7853	7804	3874	7540	2929	2897	7259	7108	2644	7114	6003	13477	1345	7576	9537	1836	10174	12445	2497
T296R	5	1	2	1	0	0	1	2	1	0	0	0	1	8	0	0	1	2	1	3	0	1	0	2	0	2	1	1	0
T296N	1346	1054	811	938	199	238	352	442	354	292	133	169	140	779	145	155	678	721	126	707	507	342	163	659	367	186	926	335	85
T296D	18	15	15	6	0	3	6	3	19	2	1	2	4	18	3	3	9	13	4	12	4	14	2	12	19	2	8	8	0
T296C	5	3	2	1	0	0	0	0	0	0	0	0	0	5	0	0	6	3	0	0	1	0	0	3	0	1	1	0	0
T296E	0	0	0	0	0	0	0	0	0	0	0	0	0	0	0	0	0	0	0	1	0	0	0	0	0	0	0	0	0
T296Q	0	0	0	0	0	0	0	0	0	0	0	0	1	0	0	0	0	0	0	0	0	0	0	0	0	0	0	0	0
T296G	2	0	0	1	0	0	3	1	2	0	0	0	0	0	0	1	1	0	0	0	4	1	0	0	1	0	0	0	0
T296H	0	0	0	0	0	0	0	0	0	0	0	0	1	1	0	0	0	1	0	0	0	0	0	0	0	0	0	0	0
T296I	7324	5676	4050	6109	1581	1742	1913	2069	2035	3979	4276	2331	827	3947	934	1096	4013	3970	503	3868	3346	3030	715	3938	2128	677	5614	2343	802
T296L	0	3	0	0	0	0	0	0	0	0	0	0	1	0	0	0	1	0	0	0	0	0	0	1	0	0	0	0	0
T296K	73	55	46	1	0	1	18	18	17	3	0	0	5	57	10	5	34	61	8	51	14	40	8	51	37	13	42	40	1
T296M	2	2	1	0	0	0	0	0	0	0	0	0	1	0	0	0	0	2	0	0	1	1	0	1	0	0	1	0	0
T296F	7	3	8	5	0	0	0	1	0	0	1	1	0	2	0	0	7	3	0	8	9	0	1	4	0	0	5	0	0
T296P	948	583	517	813	132	126	137	240	97	206	85	98	77	549	46	67	471	486	54	473	393	211	51	485	290	44	674	254	63
T296S	10798	8096	6164	9747	2029	2125	2418	2814	2222	4574	3019	2306	1368	5883	1203	1747	6152	5875	757	5667	4741	4502	899	5833	5485	990	8333	4734	1064
T296T	3599594	2763475	2250566	2926111	2440729	2115410	3892802	3002339	2221054	3588933	2906686	2038326	1852114	2081498	1681108	1993722	1964543	2012606	1171283	2055025	1530086	1692903	1401155	2069289	2026972	1329535	2628122	1622071	1239843
T296W	0	0	0	0	0	0	0	0	0	0	0	0	0	0	0	0	0	0	0	0	0	0	0	0	0	0	0	0	0
T296Y	2	6	1	1	0	4	1	0	2	0	0	0	0	1	0	0	0	6	0	4	0	0	0	1	1	0	1	0	0
T296V	18	10	19	15	3	4	7	6	0	10	5	2	3	11	2	1	6	6	0	12	11	23	2	15	9	4	18	17	3
T296X	0	1	0	0	0	0	0	0	0	0	0	0	0	0	0	0	0	0	0	0	0	0	0	0	0	0	0	0	0
T296B	0	0	0	0	0	0	0	0	0	0	0	0	0	0	0	0	0	0	0	0	0	0	0	0	0	0	0	0	0
D297A	1751	1327	1028	1451	317	382	358	436	445	1200	282	307	202	904	179	161	930	936	107	922	821	259	138	960	423	155	1305	338	142
D297R	2	0	1	1	0	2	0	1	0	0	0	0	0	1	0	2	5	0	0	2	2	0	0	0	0	0	1	0	4
D297N	10621	8239	6071	8582	2205	2457	2654	2927	2809	3799	1513	1961	1208	6058	1228	1239	5412	5987	718	5429	4289	4479	856	5621	3400	1036	8183	5808	1097
D297D	3582287	2748925	2239384	2913353	2440436	2114439	3893538	3000253	2219573	3586203	2912772	2041252	1853334	2070947	1681400	1993866	1957079	2001876	1172259	2045696	1523632	1692760	1400673	2059706	2025125	1329357	2613879	1619415	1239943
D297C	17	19	14	17	5	1	2	1	0	1	0	0	1	16	0	2	7	12	0	13	9	1	3	16	4	5	9	2	0
D297E	2280	1818	1461	1532	485	419	632	648	364	1266	231	484	243	1262	257	317	1090	1337	186	1250	834	808	278	1209	822	282	1606	605	207
D297Q	0	0	0	0	0	0	0	0	0	0	0	0	0	0	0	0	1	0	0	0	0	0	0	0	0	0	0	0	0
D297G	17106	13031	10131	14150	3098	2826	3359	4086	3135	6587	3553	3101	1739	9514	1646	1963	8601	9323	975	8850	7325	7183	1214	9591	7973	1232	13608	7220	1569
D297H	391	265	204	338	55	80	129	128	45	160	58	148	30	188	44	43	202	202	13	218	171	284	70	204	102	44	263	28	40
D297I	19	19	15	21	0	2	2	4	37	2	0	0	0	9	1	1	16	12	0	8	11	0	1	12	2	1	14	1	4
D297L	13	11	8	9	0	0	1	1	0	0	0	0	1	9	0	0	4	12	0	9	1	0	1	10	0	0	11	0	3
D297K	0	5	7	2	0	0	1	2	0	0	0	0	0	1	0	0	0	4	0	1	2	1	1	7	0	4	0	0	0
D297M	0	0	0	0	0	0	0	0	0	0	0	0	0	0	0	0	0	0	1	0	0	0	0	0	0	0	0	0	0
D297F	57	41	26	1	0	0	6	7	6	0	0	0	1	46	3	3	15	32	4	32	6	21	5	23	21	1	22	6	0
D297P	0	1	0	1	0	0	0	0	0	0	0	0	0	1	0	0	0	0	0	0	0	0	0	1	0	0	1	0	0
D297S	49	56	39	47	9	1	10	11	7	46	0	2	0	44	7	8	37	26	2	30	26	8	2	32	7	1	58	1	1
D297T	8	11	1	4	0	0	3	2	0	24	0	0	0	1	0	1	4	1	0	3	7	0	0	2	0	0	4	0	0
D297W	0	0	0	0	0	0	0	0	0	0	0	0	0	0	0	0	0	0	0	0	0	0	0	0	0	0	0	0	0
D297Y	4559	3592	2770	3421	835	719	1044	1227	676	1836	1375	1030	437	2781	469	433	2261	2680	289	2442	1794	1280	368	2349	2175	340	3519	3816	386
D297V	14872	11481	8823	11889	1855	1887	2305	3065	2292	4248	2275	2754	1220	8516	1145	1654	7515	8423	826	8039	6187	7461	731	8125	4792	832	11435	5008	962
D297X	0	0	1	0	0	0	0	0	0	0	0	0	0	1	1	0	2	0	0	0	1	0	0	1	0	0	1	0	0
D297B	0	1	0	1	0	1	1	0	0	0	0	0	1	0	0	1	0	0	0	1	2	0	0	1	0	0	1	0	0
M298A	69	49	30	45	7	2	1	17	59	126	0	18	15	26	5	2	45	31	2	30	53	396	6	33	143	4	39	571	4
M298R	978	679	523	800	35	52	56	145	78	206	37	127	55	480	24	27	465	495	22	484	350	361	27	513	808	19	673	632	54
M298N	0	0	1	1	0	0	0	1	0	1	0	0	0	4	0	0	0	2	0	2	0	0	0	0	1	0	0	0	0
M298D	0	0	0	0	0	0	0	0	0	0	0	0	0	0	0	0	0	0	0	0	0	0	0	0	0	0	0	0	0
M298C	0	0	0	0	0	0	0	0	0	0	0	0	0	0	0	0	0	0	0	0	0	0	0	0	0	0	0	0	0
M298E	29	36	22	29	2	3	1	7	0	1	0	7	8	19	1	0	11	23	0	20	8	7	0	26	23	9	27	0	0
M298Q	0	0	0	0	0	0	0	0	0	0	0	0	0	0	0	0	0	0	0	0	0	0	0	0	0	0	0	0	0
M298G	3	1	0	0	0	0	0	0	0	0	0	0	0	0	0	0	0	2	0	0	0	0	0	0	0	0	1	0	0
M298H	0	0	0	0	0	0	0	0	0	0	0	0	0	0	0	0	0	0	0	0	0	0	0	0	0	0	0	0	0
M298I	7748	5905	4718	6025	1481	1377	2539	2757	2603	3218	2491	3236	1441	4320	1082	1092	4086	4239	903	3847	2678	3326	515	3761	3152	716	5483	6989	784
M298L	9466	6999	5292	7396	1824	1623	2036	2494	3095	2918	1855	2166	1164	5139	947	1103	4972	5156	779	4620	3595	5751	545	4950	6513	604	6927	4984	838
M298K	7061	5529	4150	5386	492	498	671	1006	599	1786	945	839	376	3988	308	349	3498	3907	220	3773	2998	1940	207	4018	2904	160	5228	2680	298
M298M	3585571	2752557	2242025	2915847	2441108	2116009	3893294	3000281	2218305	3586763	2908963	2040038	1852398	2073972	1681727	1994556	1958360	2004800	1171372	2048832	1526047	1695599	1401739	2062178	2022030	1330333	2618183	1611303	1240104
M298F	0	2	1	3	0	0	0	0	1	0	0	0	0	4	0	0	0	1	0	2	0	0	0	3	0	0	0	1	0
M298P	1	2	2	0	0	0	0	1	0	12	0	0	0	1	0	0	1	2	0	0	2	10	0	0	0	0	2	0	0
M298S	19	21	14	15	3	4	1	5	0	0	0	1	0	10	1	0	12	14	0	8	7	15	0	8	2	2	10	1	0
M298T	11195	7992	6435	9413	1805	1639	2466	2770	2870	5389	3386	2296	1501	6009	939	1094	5798	5925	1256	5463	4596	3197	494	5970	4271	580	8376	8732	1012
M298W	24	10	18	13	0	0	0	1	0	0	0	0	0	11	0	1	20	11	1	10	2	5	0	4	0	0	20	0	0
M298Y	0	0	0	0	0	0	0	0	0	0	0	0	0	0	0	0	0	0	0	0	0	0	0	0	0	0	0	0	0
M298V	11779	9007	6708	9790	2543	2007	2976	3308	1779	4952	4260	2309	1456	6282	1344	1469	5886	6225	824	5816	4751	3928	807	6368	4999	863	8914	6355	1264
M298X	0	0	0	0	0	0	0	0	0	0	0	0	0	1	0	0	1	0	0	1	0	0	0	0	0	0	1	0	0
M298B	89	53	45	57	0	2	4	6	0	0	122	2	3	33	2	1	26	30	1	37	33	10	1	38	0	0	36	0	0
F299A	1	3	2	5	0	0	0	2	1	0	0	0	0	3	0	0	3	1	0	0	2	0	0	5	0	0	0	0	0
F299R	4	10	2	3	0	0	0	1	0	0	0	0	0	7	0	1	0	1	0	1	1	0	0	2	0	0	4	0	0
F299N	30	10	16	18	4	0	0	2	13	0	4	0	4	10	1	0	6	7	0	15	1	0	1	12	0	0	16	1	2
F299D	0	2	0	1	0	0	0	0	0	0	0	0	0	0	0	0	0	0	0	1	1	0	0	0	0	0	0	0	0
F299C	1011	818	610	895	105	86	118	166	205	245	382	132	65	591	63	71	581	547	26	593	555	272	41	620	519	60	779	774	52
F299E	0	0	0	0	0	0	0	0	0	0	0	0	0	0	0	0	0	0	0	0	0	0	0	0	0	0	0	0	0
F299Q	0	1	0	0	0	0	0	0	0	0	0	0	0	0	0	0	0	0	0	0	0	0	0	0	0	0	0	0	0
F299G	0	1	1	0	0	2	0	0	0	0	0	0	0	0	0	0	0	0	0	1	0	0	0	1	0	0	5	0	0
F299H	39	47	33	46	5	4	4	7	0	0	23	0	1	32	5	2	26	30	0	16	25	3	6	22	18	1	52	43	3
F299I	12341	8941	6706	9727	1157	1128	1277	2320	1755	3550	1945	2223	1142	6426	722	889	6294	6596	479	6087	4683	4506	340	6146	2861	430	8991	5319	630
F299L	22229	16749	13069	18989	2342	2536	3017	4341	4275	6815	3428	4029	1511	12177	1520	1718	11324	11843	953	11277	9329	6998	954	11771	8822	1050	17000	12821	1241
F299K	0	0	0	0	0	0	0	0	0	0	0	0	0	0	0	0	0	0	0	0	0	0	0	0	0	0	0	0	0
F299M	2	0	1	1	0	1	0	0	0	0	0	0	0	2	0	0	0	0	0	0	0	0	0	0	0	0	0	0	0
F299F	3564837	2737372	2230005	2897238	2441550	2115609	3893533	2998885	2216999	3582537	2908517	2037633	1852556	2062815	1681485	1993990	1947471	1993800	1172049	2037922	1516733	1689206	1401673	2051418	2018382	1330108	2600897	1602321	1240261
F299P	101	57	66	71	3	5	9	14	34	95	0	16	3	42	8	2	34	39	6	57	29	37	1	42	7	9	45	2	6
F299S	17683	12825	10204	14214	2275	2153	3578	4007	3394	8091	4682	4704	1900	9538	1296	1508	9167	9576	1155	8988	7128	7290	660	9272	7036	838	13690	14285	1192
F299T	38	20	16	28	3	1	1	9	0	0	1	8	2	13	4	0	20	13	1	13	11	24	2	21	6	1	24	1	0
F299W	0	0	0	0	0	0	0	0	0	0	0	0	0	0	0	0	0	1	0	1	0	0	0	0	0	0	0	0	0
F299Y	14649	11195	8573	12616	1752	1593	2419	2875	2591	3975	3009	2187	1164	7917	1235	1463	7679	7827	680	7372	6134	5395	621	7956	6834	749	11589	6440	924
F299V	1018	747	629	961	104	98	85	164	109	64	68	107	69	685	36	46	553	544	29	564	472	792	35	554	339	40	801	224	47
F299X	42	42	48	5	0	0	3	6	11	0	0	0	0	40	5	4	21	36	2	36	13	22	6	28	22	4	23	17	0
F299B	7	2	3	2	0	0	1	0	2	0	0	0	0	1	0	0	2	2	0	1	3	0	1	0	0	0	4	0	0
R300A	0	0	0	0	0	0	1	0	0	0	0	0	0	0	0	0	0	0	0	0	0	0	0	0	0	0	0	0	0
R300R	3582528	2750474	2238561	2910353	2440052	2113771	3892871	2999847	2220161	3587313	2910582	2039262	1852442	2071787	1681229	1992973	1954827	2002501	1171943	2045223	1520816	1690629	1399901	2059540	2025128	1329328	2614522	1621671	1239888
R300N	0	1	2	5	3	0	0	0	0	1	0	0	2	1	0	0	1	1	0	1	4	0	0	0	0	1	4	0	0
R300D	0	0	0	0	0	0	0	0	0	0	0	0	0	0	0	0	0	0	0	0	0	0	0	0	0	0	0	0	0
R300C	16	16	20	19	1	4	1	7	0	11	1	1	9	13	0	2	29	18	0	17	10	0	2	14	9	0	22	1	1
R300E	4	11	9	12	1	5	3	6	0	3	1	0	0	5	1	1	1	6	0	4	4	0	0	1	0	2	6	1	0
R300Q	0	0	0	0	0	0	1	0	0	0	0	0	0	0	0	0	0	0	0	0	0	0	0	0	1	1	1	0	0
R300G	17999	12995	10888	15159	3405	3505	4241	4795	3602	6594	2647	4319	2233	9730	1857	2358	9772	9832	1162	9177	7633	8111	1373	9691	8520	1378	13595	6837	1554
R300H	0	0	0	0	0	0	0	0	0	0	0	0	0	0	0	0	0	0	0	0	0	0	0	0	0	0	0	0	0
R300I	3571	2761	2035	2653	779	912	962	964	808	956	1588	495	405	2050	451	398	1834	1939	298	1884	1393	2660	358	1774	1837	364	2552	1100	373
R300L	22	8	19	8	1	1	3	2	2	1	0	0	0	15	3	0	14	9	0	11	2	5	3	7	12	1	7	6	0
R300K	3533	2668	2217	3001	1217	1405	1822	1543	1173	2356	2521	1436	708	1930	1054	1673	1954	1939	561	1995	1758	2034	1066	2049	1853	911	2783	2603	719
R300M	14	4	6	7	3	0	0	2	2	1	0	4	1	6	0	1	1	3	0	4	6	1	0	4	0	0	5	20	0
R300F	0	0	0	0	0	0	0	0	0	0	0	0	0	0	0	0	0	0	0	0	0	0	0	0	0	0	0	0	0
R300P	0	0	0	0	0	0	0	0	0	0	0	0	0	0	0	0	0	0	0	0	0	0	0	0	0	0	0	0	0
R300S	9469	7079	5739	8593	2558	2135	2447	2644	2186	4170	2429	2554	1265	5051	1080	1404	5048	5145	811	4693	4203	2365	942	5088	3530	776	7203	5446	1076
R300T	231	178	158	180	44	38	82	87	163	30	75	56	29	126	38	38	149	131	14	135	104	49	32	141	76	30	181	49	54
R300W	36	19	23	36	6	5	6	8	1	0	5	0	0	16	2	3	19	10	2	28	10	1	3	25	0	4	23	23	3
R300Y	0	0	0	0	0	0	0	0	0	0	0	0	0	0	0	0	0	0	0	0	0	0	0	0	0	0	0	0	0
R300V	4	5	4	4	0	1	0	1	1	0	0	0	0	7	0	0	3	2	0	3	1	2	0	4	7	1	2	0	0
R300X	16605	12623	10303	14790	1230	1434	1605	2893	1290	3936	2210	2912	1323	9562	665	843	9529	9327	589	9770	9176	8688	661	9532	3873	493	13014	4491	690
R300B	0	0	0	0	0	0	0	0	0	0	0	0	0	0	0	0	0	0	0	0	0	0	0	0	0	0	0	0	0
Q301A	1	0	0	0	0	0	0	0	0	0	0	0	0	0	0	0	1	0	0	0	0	0	0	2	0	0	2	0	0
Q301R	12710	9784	7419	9969	2772	2518	3275	3703	2586	4348	2891	2470	1556	6828	1368	1665	6121	6851	901	6454	5251	4143	1080	6820	3995	1011	9673	3353	1337
Q301N	0	0	0	0	0	0	0	0	0	0	0	0	0	1	0	0	0	1	0	1	0	0	0	0	0	0	0	0	0
Q301D	1	6	0	0	0	0	0	0	0	0	0	0	0	0	1	0	0	0	0	0	0	0	0	0	0	0	0	0	0
Q301C	0	0	0	0	0	0	0	0	0	0	0	0	0	0	0	0	0	0	0	0	0	0	0	0	0	0	0	0	0
Q301E	2115	1553	1247	1786	821	701	871	1034	1212	2274	1212	1239	874	1163	383	742	1120	1217	397	1041	692	1075	166	1030	963	296	1662	2746	330
Q301Q	3593593	2757743	2246054	2922419	2441955	2116360	3895059	3002398	2221134	3591563	2914732	2043179	1853632	2077850	1682381	1994797	1962833	2008738	1172655	2051715	1528233	1695966	1401316	2066138	2032696	1330193	2623485	1629777	1240866
Q301G	1	0	2	2	0	0	0	2	0	0	0	0	0	0	0	0	1	2	0	3	0	0	0	0	0	0	2	0	0
Q301H	1926	1613	1242	1470	384	353	588	557	524	542	428	385	192	1228	242	221	962	1182	168	1037	653	351	183	1004	943	215	1416	726	155
Q301I	0	0	0	0	0	0	0	0	0	0	0	0	0	0	0	0	0	0	0	0	0	0	0	0	0	0	0	0	0
Q301L	11058	8683	6744	9195	1793	1567	2180	2445	1628	3852	1525	2031	1144	6292	1137	1291	5615	6242	652	5854	4537	8509	782	6222	4371	808	8458	2957	933
Q301K	1612	1307	926	1171	283	351	464	489	455	602	253	215	145	912	174	207	749	895	158	789	583	635	252	767	467	243	1034	182	133
Q301M	8	2	2	1	1	2	1	0	0	0	0	0	0	8	0	1	5	3	1	2	1	1	0	5	0	0	5	27	0
Q301F	0	0	0	0	0	0	0	0	0	0	0	0	0	0	0	0	0	0	0	0	0	0	0	0	0	0	0	0	0
Q301P	1378	925	759	1152	305	325	406	372	186	598	202	162	186	688	176	162	679	651	88	723	562	530	135	723	288	117	1115	410	127
Q301S	4	0	0	0	0	0	0	0	0	0	0	0	0	0	0	0	0	0	0	0	2	0	0	1	0	0	0	0	0
Q301T	0	0	0	0	0	0	0	0	0	0	0	0	0	0	0	0	0	0	0	0	0	0	0	0	0	0	0	0	0
Q301W	8	9	16	7	0	1	0	2	1	0	5	3	0	10	1	1	3	9	0	5	10	0	1	6	13	0	18	1	0
Q301Y	2	1	1	0	0	0	0	1	0	0	0	1	0	1	0	0	1	0	0	0	1	1	0	1	0	0	0	1	0
Q301V	6	0	1	2	0	0	0	1	0	0	0	0	0	0	0	0	1	1	1	2	1	0	0	3	0	0	5	0	0
Q301X	1	2	2	1	1	0	1	0	1	13	0	2	0	3	0	0	0	4	0	1	3	0	1	2	0	0	1	0	0
Q301B	9608	7214	5569	7645	985	1038	1200	1795	1662	1580	811	1352	688	5315	517	607	5090	5067	359	5318	4591	3334	425	5146	1110	407	7044	2068	477
F302A	0	0	0	1	0	0	0	0	12	0	2	0	0	1	0	0	1	0	0	2	1	1	0	2	4	0	0	0	0
F302R	0	3	1	2	0	0	0	1	0	0	0	0	2	1	1	0	1	2	0	1	0	0	2	0	0	0	0	0	2
F302N	40	48	24	31	22	1	3	9	0	0	0	1	0	34	1	0	35	34	8	14	13	7	1	25	4	5	48	0	3
F302D	0	0	0	1	0	0	0	1	0	0	0	0	0	0	0	0	0	0	0	1	0	0	0	2	0	0	0	3	0
F302C	615	405	327	471	97	70	95	124	95	140	42	95	50	330	58	80	304	301	29	350	236	87	32	302	201	38	450	108	44
F302E	0	0	0	0	0	0	0	0	0	0	0	0	0	0	0	0	0	0	0	0	0	0	0	0	0	0	0	0	0
F302Q	0	0	0	0	0	0	0	0	0	0	0	0	0	0	0	0	0	0	0	0	0	0	0	0	0	0	0	0	0
F302G	0	0	0	0	0	0	0	0	0	0	0	0	0	0	0	0	0	0	0	0	0	0	0	0	0	0	0	0	0
F302H	20	15	3	14	0	2	6	3	0	8	0	1	0	8	5	3	3	8	0	8	3	0	3	12	5	3	13	1	0
F302I	6423	5155	3812	5420	1173	1209	1353	1655	1959	1884	2347	1032	650	3565	744	915	3582	3897	377	3493	2870	1834	547	3492	2837	509	4909	1771	514
F302L	24098	18277	13844	19857	5974	5702	7652	7607	6470	11544	6008	4556	4433	12920	3831	4160	12951	13100	3199	12390	10342	11058	2116	13326	12206	2096	18387	11614	3250
F302K	0	0	0	0	0	0	0	0	0	0	0	0	1	0	0	0	0	0	0	0	0	0	0	0	0	0	0	0	0
F302M	0	0	1	0	0	0	0	0	0	0	0	0	0	0	0	0	0	0	0	0	0	0	0	3	0	0	0	0	0
F302F	3580089	2747776	2238852	2910612	2436301	2110638	3888055	2996005	2214468	3582003	2907937	2040302	1849889	2071084	1678736	1991008	1954458	2000904	1169839	2044551	1522125	1690405	1399351	2058441	2021670	1328308	2612713	1617629	1237686
F302P	43	31	29	41	4	14	3	5	1	19	0	1	1	16	2	2	24	16	3	29	18	8	5	22	2	1	23	23	4
F302S	14907	11131	8553	12186	3611	3536	4380	4690	4435	5663	3296	3229	2191	8023	1886	2241	7737	8234	1230	7947	6179	6821	1565	8075	5007	1465	11490	7125	1829
F302T	15	24	10	26	4	5	2	11	0	0	0	10	2	17	2	0	12	4	0	11	18	1	1	12	14	1	21	0	1
F302W	0	0	0	0	0	0	0	0	0	0	0	0	0	0	0	0	0	0	0	0	0	0	0	0	0	0	0	0	0
F302Y	6234	4870	3728	5052	1787	1771	2008	2076	1649	2896	1361	1207	828	3459	869	1077	3397	3543	542	3474	2844	2225	651	3414	2343	733	4718	2935	747
F302V	1546	1104	797	1100	326	268	485	610	300	1215	1064	605	370	840	245	208	671	817	153	667	467	2096	66	742	553	131	1146	1039	278
F302X	2	3	3	6	1	0	1	2	0	0	2	0	0	1	0	0	5	3	0	7	4	2	1	0	0	0	2	0	0
F302B	0	0	0	0	0	0	2	0	0	0	0	0	0	0	0	0	0	0	0	0	0	0	0	0	0	0	0	0	0
Q303A	0	0	0	0	0	0	0	0	0	0	0	0	0	0	0	0	0	0	0	0	0	0	0	0	0	0	0	0	0
Q303R	19210	14736	10898	15021	5218	4929	6938	7518	6927	10146	7946	6725	4013	10816	3130	4037	9995	10549	2718	10056	7843	8324	1815	10174	10182	2046	14797	13779	2693
Q303N	1	2	2	3	0	0	0	0	1	0	0	0	0	0	0	0	0	1	0	2	2	0	0	0	0	0	1	0	0
Q303D	0	0	0	0	0	0	0	0	0	0	0	0	0	0	0	0	0	0	0	0	0	0	0	0	0	0	0	0	0
Q303C	0	0	0	0	0	0	0	0	0	0	0	0	0	0	0	0	0	0	0	0	0	0	0	0	0	0	0	0	0
Q303E	75	55	41	76	25	31	47	46	26	78	34	28	22	50	9	24	45	41	6	34	31	10	9	41	21	16	45	258	9
Q303Q	3590574	2755746	2244706	2920063	2439394	2113962	3891628	2999117	2217766	3586355	2909998	2040331	1852060	2075973	1680928	1992963	1960639	2007227	1171056	2049920	1526580	1696656	1400439	2064637	2026547	1329398	2621005	1619281	1239491
Q303G	1	1	0	0	0	0	0	0	0	0	0	0	0	0	0	0	0	0	1	0	0	1	0	0	0	0	0	0	0
Q303H	6383	4843	3854	5323	1413	1268	1913	1840	1781	3072	1334	1376	725	3476	825	1102	3418	3391	505	3606	2892	4236	640	3495	2222	544	4797	2314	693
Q303I	0	0	0	0	0	0	0	0	0	0	0	0	0	0	0	0	0	0	0	0	0	0	0	0	0	0	0	0	0
Q303L	11180	8659	6528	9117	1749	1510	1912	2416	1639	2989	1678	1275	834	6167	867	857	5589	6160	567	5719	4610	3089	684	5959	4437	732	8548	3932	774
Q303K	1193	922	718	948	416	444	435	491	396	706	292	302	230	768	161	225	654	696	193	688	480	280	178	729	318	200	900	269	241
Q303M	6	0	11	4	0	2	0	2	0	0	0	0	0	5	0	1	0	4	0	2	3	0	1	2	0	1	0	0	0
Q303F	0	0	0	0	0	0	0	0	0	0	0	0	0	0	0	0	0	0	0	0	0	0	0	0	0	0	0	0	0
Q303P	1630	1150	899	1293	320	347	289	325	231	526	198	276	158	935	138	122	869	851	86	805	736	359	87	875	590	122	1240	351	154
Q303S	0	0	0	0	0	0	0	0	0	0	0	1	0	0	0	0	0	0	0	1	0	0	0	0	0	0	0	0	0
Q303T	0	0	0	0	0	0	0	0	0	0	0	0	0	0	1	0	0	0	0	0	0	0	0	0	0	0	0	0	0
Q303W	13	15	6	14	5	0	0	3	0	1	0	0	0	9	1	1	19	6	0	8	9	1	2	8	3	0	20	1	4
Q303Y	1	6	5	4	0	1	0	4	0	0	0	0	0	6	0	0	1	6	0	1	3	0	0	5	0	0	6	6	0
Q303V	0	0	0	0	0	0	0	0	0	0	0	0	0	0	0	0	0	0	0	0	0	0	0	0	0	0	0	0	0
Q303X	9	5	1	3	0	0	0	1	0	0	0	0	1	3	0	0	2	3	0	0	0	0	0	5	0	0	5	0	0
Q303B	3756	2702	2315	2951	760	722	883	1036	622	1499	579	725	374	2091	320	362	1950	1928	248	2103	1931	1589	486	1940	526	231	2556	2057	299
A304A	3605997	2767714	2254031	2932625	2445349	2119088	3898270	3006305	2224844	3596016	2916257	2044931	1855848	2084972	1684056	1997411	1968878	2015663	1173661	2058915	1534355	1702152	1402578	2073266	2029335	1331655	2633470	1626416	1242285
A304R	0	0	0	0	0	0	0	0	0	0	0	0	0	0	0	0	0	0	0	0	0	0	0	0	0	0	0	0	0
A304N	2	0	1	2	0	0	1	0	0	0	0	0	0	3	0	0	2	3	0	1	0	3	0	4	0	0	2	0	0
A304D	3949	3108	2374	3096	466	532	632	830	615	1378	635	639	269	2269	323	322	2040	2291	246	2090	1615	1006	243	2208	1872	286	2912	1829	205
A304C	3	8	7	10	1	1	0	3	0	0	0	0	0	0	0	0	5	6	0	6	2	0	0	9	2	1	6	0	0
A304E	19	19	16	9	0	0	13	6	0	0	1	0	0	25	2	2	8	12	2	8	7	7	1	20	4	2	16	5	2
A304Q	0	0	0	0	0	0	0	0	0	0	0	0	0	0	0	0	0	0	0	0	0	0	0	0	0	0	0	0	0
A304G	2153	1720	1227	1648	191	285	323	383	293	480	524	330	127	1211	146	156	1005	1275	102	1039	697	226	99	1074	1855	113	1496	1135	168
A304H	0	0	0	0	0	0	0	0	0	1	0	0	0	0	0	0	0	0	0	0	0	0	0	0	0	0	0	0	0
A304I	40	23	15	26	1	5	3	5	0	0	0	6	0	23	2	4	13	12	0	12	3	0	0	16	3	0	9	0	0
A304L	0	2	0	0	0	0	0	0	0	0	0	0	0	0	0	0	0	1	0	0	0	0	0	0	0	0	0	0	0
A304K	0	0	0	0	0	0	0	0	0	0	0	0	0	0	0	0	0	0	0	0	0	0	0	0	0	0	0	0	0
A304M	0	0	0	0	0	0	0	0	0	0	0	0	0	0	0	0	0	0	0	0	0	0	0	0	0	0	0	0	0
A304F	9	5	4	4	1	0	0	4	0	0	0	0	0	0	0	0	2	6	0	2	3	0	1	1	0	0	1	0	0
A304P	589	440	327	559	105	67	113	117	104	283	83	110	33	364	38	29	303	335	20	284	215	51	39	316	143	23	404	168	45
A304S	3279	2293	1835	2538	631	541	989	983	483	1019	590	1362	417	1602	358	355	1693	1676	254	1673	1301	2331	309	1737	1121	257	2295	2309	333
A304T	8992	6666	5010	7270	1265	1334	1769	2221	1263	2383	1579	1684	1000	4839	811	774	4731	4656	614	4164	3349	4040	515	4493	2793	441	6583	5106	656
A304W	0	0	0	0	0	0	0	0	0	0	0	0	1	0	1	0	0	0	0	0	0	0	0	0	0	0	0	0	0
A304Y	5	3	1	5	0	0	0	0	0	0	0	0	0	1	0	0	1	3	0	1	0	0	3	2	0	0	1	0	0
A304V	8995	6841	5136	7028	1290	1363	1932	1942	1787	3812	2390	1977	722	4990	643	641	4500	4924	481	4750	3573	4729	553	4724	7718	512	6725	5280	664
A304X	0	0	0	0	0	0	0	0	0	0	0	0	0	0	0	0	0	0	0	0	0	0	0	0	0	0	0	0	0
A304B	0	0	0	0	0	0	0	0	0	0	0	0	0	0	0	0	0	0	0	0	0	0	0	0	0	0	0	0	0
D305A	715	508	480	574	80	78	113	141	75	53	262	59	43	383	29	41	389	391	12	326	312	394	25	408	351	34	532	1356	35
D305R	0	0	0	0	0	0	0	0	0	0	0	0	0	2	0	0	0	0	0	0	0	0	0	0	0	0	0	0	0
D305N	4224	3227	2491	3201	1024	964	1124	1267	1184	1798	1102	877	542	2335	603	902	2075	2316	371	2297	1761	1763	506	2299	1879	447	3181	908	432
D305D	3608127	2769473	2254770	2934448	2445078	2119261	3899155	3006610	2224287	3597004	2916153	2045349	1855833	2086290	1684183	1996890	1969693	2016874	1173810	2059206	1534390	1705417	1402672	2073717	2033100	1331705	2634667	1632910	1242189
D305C	3	1	3	0	0	1	4	4	1	0	0	0	0	1	0	1	2	1	0	3	1	1	0	3	1	0	3	0	0
D305E	1349	1141	869	980	255	216	351	338	272	349	256	175	136	868	112	129	731	825	86	760	518	409	156	769	325	167	1013	342	91
D305Q	0	0	0	0	0	0	0	0	0	0	0	0	0	0	0	0	0	0	0	0	0	0	0	0	0	0	0	0	0
D305G	11439	8298	6331	8890	1677	1391	1938	2705	1795	3339	3145	3359	1169	5895	817	1097	5804	5963	653	5839	4466	3885	536	6168	5896	504	8393	3002	980
D305H	130	107	84	112	41	47	66	54	75	56	42	40	24	81	25	10	82	79	8	72	53	9	18	83	24	17	105	24	21
D305I	1	4	2	2	0	0	0	0	0	0	0	0	0	0	0	1	2	2	0	0	0	0	0	1	15	1	1	0	0
D305L	0	0	0	1	0	0	0	0	0	0	0	0	0	0	0	0	0	0	0	0	0	0	0	0	0	0	0	0	0
D305K	1	0	1	2	0	0	0	0	0	0	0	0	0	1	0	0	0	0	0	2	0	0	0	0	0	0	0	0	0
D305M	0	0	0	0	0	0	0	0	0	0	0	0	0	0	0	0	0	0	0	0	0	0	0	0	0	0	0	0	0
D305F	17	19	10	1	0	2	1	1	4	0	0	0	0	12	1	1	6	14	3	14	7	4	3	6	1	1	9	5	0
D305P	0	0	0	0	0	0	0	0	0	0	0	0	0	0	0	0	0	0	0	0	0	0	0	0	0	0	0	0	0
D305S	20	14	6	19	2	3	1	2	29	0	3	3	0	11	1	0	13	16	0	16	8	1	0	22	2	2	34	2	0
D305T	0	5	0	0	0	0	0	0	0	0	0	0	0	0	0	0	0	1	0	0	0	0	0	0	0	0	0	0	0
D305W	0	0	0	0	0	0	0	0	0	0	0	0	0	0	0	0	0	0	0	0	0	0	0	0	0	0	0	0	0
D305Y	1391	1117	992	1000	244	211	421	412	332	662	415	287	107	927	157	197	805	865	132	888	564	532	114	818	910	121	941	561	106
D305V	6615	4928	3944	5590	899	1042	871	1265	1335	2111	681	890	563	3493	452	425	3579	3516	305	3522	3040	2129	311	3576	2342	291	5041	3138	504
D305X	0	0	1	0	0	0	0	0	0	0	0	0	0	0	0	0	0	0	0	0	0	1	0	0	0	0	0	0	0
D305B	0	0	0	0	0	0	0	0	0	0	0	0	0	0	0	0	0	0	0	0	0	0	0	0	0	0	0	0	0
F306A	3	3	1	1	0	0	0	0	0	0	0	0	0	1	0	0	1	1	0	3	2	0	0	3	0	0	1	0	0
F306R	0	0	1	1	0	0	0	0	0	0	0	0	0	0	1	0	1	0	0	0	1	0	0	0	10	0	1	0	0
F306N	16	9	7	18	0	0	0	2	0	0	8	1	0	2	0	0	5	8	0	7	12	0	1	1	0	0	7	0	1
F306D	2	5	1	2	0	0	0	0	0	0	0	1	0	7	0	0	4	6	0	0	0	0	0	1	0	0	4	0	0
F306C	802	605	424	661	64	72	84	126	98	231	69	72	22	399	50	57	428	418	17	367	342	237	41	472	679	26	615	217	34
F306E	0	0	0	0	0	0	0	0	0	0	0	0	0	0	0	0	0	0	0	0	0	0	0	0	0	0	0	0	0
F306Q	0	0	0	0	0	0	0	0	0	0	0	0	0	0	0	0	0	0	0	0	0	0	0	0	0	0	0	0	0
F306G	0	0	0	0	0	0	0	0	0	0	0	0	0	0	0	0	0	0	0	0	0	0	0	0	0	0	0	0	0
F306H	26	9	12	29	13	2	5	0	0	1	0	3	4	8	3	1	21	12	3	9	10	1	1	12	0	1	22	0	1
F306I	9637	7409	5818	8122	1243	1318	2136	2706	1784	2860	3265	4172	1356	5359	1178	1753	5086	5286	867	5274	3871	4604	744	5169	5966	613	7340	4713	711
F306L	16516	12841	9699	13561	2790	2516	3530	4080	2523	6729	3453	3043	1817	9251	1667	2483	8991	9166	1010	8884	6899	7717	1172	9219	6881	1168	12777	7063	1317
F306K	0	0	0	0	0	0	0	0	0	0	0	0	0	0	0	0	0	0	0	0	0	0	0	0	0	0	0	0	0
F306M	0	0	0	0	0	0	0	0	0	0	0	0	0	0	0	0	0	1	0	0	0	0	0	0	0	0	0	0	0
F306F	3576777	2745252	2236796	2909144	2441702	2115684	3893746	2999736	2218969	3583573	2909055	2037485	1852104	2068678	1681494	1992682	1953458	1999192	1171724	2043195	1521872	1690350	1401230	2057057	2018318	1330222	2610352	1615036	1240633
F306P	60	34	30	40	9	3	27	7	0	2	0	1	1	16	1	2	27	38	2	44	16	29	0	26	3	1	44	2	4
F306S	17291	13010	9928	13215	1880	1908	2786	3560	3390	6814	3526	3415	1960	9654	1206	1645	8497	9687	1093	8663	6940	5253	652	9187	8118	684	13034	10255	938
F306T	27	14	9	21	4	0	0	7	0	1	0	0	0	16	0	0	11	9	0	7	12	0	0	6	34	0	19	1	0
F306W	0	0	0	0	0	0	0	0	0	0	0	0	0	0	0	0	0	0	0	0	0	0	0	0	0	0	0	0	0
F306Y	11767	8810	6588	9071	1428	1567	1556	2325	2429	4962	2591	2736	1090	6300	707	994	6054	6362	630	5863	4659	5922	449	6081	4555	536	8860	4671	635
F306V	1063	804	648	928	167	146	169	248	191	198	92	110	61	585	71	76	584	648	31	609	478	415	51	621	270	37	819	279	83
F306X	35	34	19	5	0	0	6	2	5	1	0	0	2	21	2	1	12	26	3	18	5	17	0	15	12	2	21	11	1
F306B	10	3	3	1	0	0	0	0	0	0	0	0	0	2	0	0	1	3	0	2	1	0	0	0	0	0	4	0	0
T307A	21738	16646	12475	17052	4749	4059	6273	6494	5380	11499	8150	7143	3068	11796	2444	2870	11095	11990	1828	11134	9346	13153	2964	11827	10202	1880	16716	15661	2532
T307R	1047	802	552	833	224	202	192	259	99	201	179	162	108	570	126	161	551	584	91	532	391	248	67	536	211	98	897	321	117
T307N	3	5	3	3	0	0	0	0	0	1	0	1	0	2	0	0	0	1	0	0	0	0	0	1	1	0	1	0	0
T307D	0	0	0	0	0	0	0	0	0	0	0	0	0	0	0	0	0	0	0	0	0	0	0	0	0	0	0	0	0
T307C	0	0	0	0	0	0	0	0	0	0	0	0	0	0	0	0	0	0	0	0	0	0	0	0	0	0	0	0	0
T307E	40	38	19	16	7	1	5	2	12	9	3	8	8	24	1	3	28	32	4	17	6	22	16	24	14	3	29	18	3
T307Q	0	0	1	0	0	0	0	0	0	0	0	0	0	0	0	0	0	0	0	0	0	1	0	0	0	0	0	0	0
T307G	6	2	7	4	0	0	0	1	0	1	0	0	0	1	0	0	2	1	0	3	4	0	2	5	0	0	2	0	0
T307H	0	0	0	0	0	0	0	0	0	0	0	0	0	0	0	0	0	0	0	0	0	0	0	0	0	0	0	0	0
T307I	14	17	9	10	10	2	0	6	0	21	0	2	1	12	0	1	5	12	0	11	7	3	0	10	4	0	7	0	0
T307L	61	47	24	65	2	3	1	15	1	1	0	3	3	50	3	0	34	42	0	29	18	0	1	37	3	1	68	0	1
T307K	2038	1455	1115	1427	349	421	537	551	560	492	258	442	193	1079	262	270	890	1133	212	1061	770	1171	185	1133	653	234	1462	901	150
T307M	16072	12035	9267	12171	2630	2285	3492	4095	2329	5349	5104	5368	1776	9013	1334	1693	8338	8998	1069	8291	6431	5769	896	8714	7388	908	12399	8536	1445
T307F	0	0	0	0	0	0	0	0	0	0	0	0	0	0	0	0	0	0	0	0	0	0	0	0	0	0	0	0	0
T307P	1602	1325	913	1172	123	128	195	231	121	358	343	254	71	865	69	127	833	810	45	825	683	548	80	880	698	61	1199	413	73
T307S	11454	8721	6550	8661	2819	2595	3067	3118	3294	4860	2252	3038	1523	6424	1452	1528	5836	6382	811	6263	4766	4903	1056	6350	3735	1068	8527	5292	1323
T307T	3579896	2747707	2239005	2913338	2438378	2113514	3890272	2998016	2217593	3582580	2905766	2034609	1851665	2070450	1680687	1993036	1955537	2000839	1171320	2044755	1522672	1688713	1399068	2058318	2021915	1329035	2612564	1611095	1238711
T307W	0	0	0	1	0	0	0	0	0	0	0	0	0	0	0	0	0	0	0	0	0	0	0	0	0	0	2	0	0
T307Y	0	0	0	0	0	0	0	0	0	0	0	0	0	0	0	0	0	0	0	0	0	0	0	0	0	0	0	0	0
T307V	54	41	39	66	9	6	10	9	0	0	4	9	0	11	2	4	29	38	0	20	23	14	6	27	22	2	41	11	3
T307X	0	0	0	0	0	0	0	0	0	0	0	0	0	0	0	0	0	0	0	0	0	0	0	1	0	0	0	0	0
T307B	7	1	5	1	0	0	1	2	0	0	0	0	1	2	0	1	3	1	0	4	3	0	0	7	0	0	6	0	0
S308A	10	8	0	1	0	0	0	1	0	0	0	0	1	1	0	0	0	0	0	0	3	0	1	0	1	0	1	0	0
S308R	7572	5740	4175	6070	1755	1921	2105	2369	1765	4275	1916	1613	1102	4054	992	1101	3987	3898	604	3627	3502	1881	649	3846	4311	712	5942	2553	979
S308N	5802	4222	3390	4623	4120	3354	4598	4323	8513	14950	8551	6582	2327	3239	1364	1388	2615	3025	1468	2827	2594	2070	925	3031	2253	1263	4371	2233	2055
S308D	5	10	7	6	5	1	0	0	1	1	1	1	0	4	0	3	4	2	0	4	5	12	0	2	0	1	2	1	0
S308C	17643	12933	9747	14282	3611	3174	3771	4736	3754	7928	5896	5142	2587	9428	1745	2475	9103	9359	1355	8809	6632	5677	1127	9100	7667	1272	13328	7183	1600
S308E	0	0	0	0	0	0	0	0	0	0	0	0	0	0	0	0	0	0	0	0	0	0	0	0	0	0	0	0	0
S308Q	0	0	0	0	0	0	0	0	0	0	0	0	0	0	0	0	0	0	0	0	0	0	0	0	0	0	0	0	0
S308G	14359	11381	8639	11438	4119	3799	5125	5084	3634	7870	5219	3779	2525	8440	2654	3321	7582	8440	1761	7886	5941	29923	2474	7969	5859	1822	11427	4661	2452
S308H	0	0	0	0	0	0	0	0	0	1	0	0	0	0	0	0	0	0	0	0	0	0	0	1	0	0	0	0	0
S308I	1842	1490	1206	1466	346	235	482	618	310	505	359	376	136	1184	177	192	947	1079	122	1046	867	465	166	1053	661	199	1373	1202	180
S308L	1	3	0	0	0	0	0	0	1	0	0	0	0	1	0	0	1	0	0	2	0	0	0	2	2	0	2	0	1
S308K	1	0	1	2	1	1	0	0	0	0	0	2	0	1	0	0	1	0	0	0	0	0	0	1	0	0	1	0	0
S308M	0	3	1	5	0	0	0	5	0	0	0	0	0	0	0	0	0	0	0	1	4	0	0	2	0	0	1	0	0
S308F	19	9	8	6	4	3	4	2	5	25	1	0	1	8	5	3	8	13	2	10	2	6	3	5	4	3	3	3	4
S308P	0	0	0	0	0	0	0	0	0	0	0	0	1	0	0	0	0	0	0	0	0	0	0	0	0	0	0	0	0
S308S	3586493	2752840	2242603	2916712	2435278	2110688	3887882	2995578	2211356	3569768	2900044	2033479	1849707	2073758	1679428	1991183	1958806	2004892	1170048	2048561	1525416	1674324	1398974	2062722	2024046	1327999	2617231	1624293	1237055
S308T	253	184	180	184	54	32	71	82	47	47	71	64	29	149	15	27	107	135	18	143	116	176	18	119	40	18	215	112	28
S308W	0	0	0	0	0	0	0	0	0	0	0	0	0	0	0	0	0	0	0	0	1	0	0	0	0	0	0	0	0
S308Y	22	8	16	12	7	8	5	1	2	1	1	1	1	22	0	1	5	14	1	14	13	0	4	11	0	0	20	6	2
S308V	1	3	8	0	0	0	0	0	1	1	0	0	0	2	0	0	4	3	0	5	2	8	0	1	0	1	0	0	0
S308X	9	8	3	13	0	0	2	0	0	0	0	0	0	8	0	0	11	3	1	10	22	3	0	5	2	0	3	1	2
S308B	0	0	0	0	0	0	0	0	0	0	0	0	0	0	0	0	0	0	0	0	0	0	0	0	0	0	0	0	0
L309A	0	0	0	0	0	0	0	0	0	0	0	0	0	0	0	0	0	0	0	0	0	0	0	0	0	0	0	1	0
L309R	1592	1261	993	1443	257	257	289	503	91	694	429	549	272	916	173	219	863	998	181	851	605	1027	68	879	1182	70	1180	773	118
L309N	3	6	6	4	0	2	0	0	1	1	0	0	0	9	1	0	4	7	0	4	1	3	0	5	3	1	0	2	0
L309D	0	0	0	0	0	0	0	0	0	0	0	0	0	0	0	0	0	0	0	0	0	0	0	0	0	0	0	0	0
L309C	0	0	0	0	0	0	0	0	0	0	0	0	0	0	0	0	0	0	0	0	0	0	0	1	0	0	0	0	0
L309E	0	0	0	0	0	0	0	0	0	0	0	0	0	0	0	0	0	0	0	0	0	0	0	0	0	0	0	0	0
L309Q	14	3	7	5	0	0	0	2	0	0	0	0	0	3	0	0	1	4	0	8	4	0	0	8	0	0	3	0	0
L309G	0	0	0	0	0	0	0	0	0	0	0	0	0	0	0	0	0	0	0	0	0	0	0	2	0	0	0	0	0
L309H	8218	5757	4872	6671	983	863	951	1438	1319	1549	1773	1231	494	4390	418	444	4345	4564	271	4182	3488	2234	321	4354	2554	361	6068	4865	476
L309I	1376	964	776	962	256	324	344	395	478	427	215	229	176	853	137	177	690	823	135	725	525	291	213	760	558	185	979	364	115
L309L	3605326	2767311	2252964	2931403	2445670	2119468	3899658	3006668	2224522	3595772	2916013	2045151	1855951	2084215	1684433	1997532	1967780	2014808	1173791	2057902	1532828	1702655	1402866	2072178	2031674	1331716	2632069	1629900	1242526
L309K	0	0	0	0	0	0	0	0	0	0	0	0	0	0	0	0	0	0	0	0	0	0	0	0	0	0	0	0	0
L309M	0	0	0	1	0	0	0	0	0	0	0	0	0	0	0	0	0	0	0	0	0	0	0	0	1	0	0	1	0
L309F	1643	1255	935	1361	329	348	389	433	262	827	268	422	213	884	152	163	902	944	90	876	761	805	102	980	480	168	1300	720	142
L309P	15800	12226	9372	12894	1789	1945	2402	3341	2710	6096	3350	3407	1306	8973	1058	1156	8555	8660	904	8357	6865	7517	766	8670	8380	784	12264	5617	978
L309S	5	13	8	8	0	0	0	0	0	0	0	0	0	5	1	0	11	9	0	8	2	2	1	5	1	1	3	0	0
L309T	2	4	7	0	1	2	0	0	0	1	0	0	0	4	0	0	4	0	0	3	0	1	0	0	1	0	2	1	0
L309W	0	0	0	0	0	0	0	0	0	0	0	0	0	0	0	1	0	0	0	0	0	0	0	0	0	0	0	0	0
L309Y	0	1	0	0	0	0	0	0	1	0	0	0	0	0	0	0	0	1	0	0	2	0	0	2	0	0	0	2	0
L309V	53	41	44	68	15	7	12	19	5	5	11	50	5	47	7	2	26	45	8	29	39	10	4	26	12	4	52	2	3
L309X	0	0	0	0	0	0	0	0	0	0	0	0	0	0	0	0	0	0	0	0	0	0	0	0	0	0	0	0	0
L309B	0	0	0	0	0	0	0	0	0	0	0	0	0	0	0	0	0	0	0	0	0	0	0	0	0	0	0	0	0
