rowname	Input	Input.1	Input.2	Input.3	uPA	uPA.1	uPA.2	uPA.3	FXIIa	FXIIa.1	FXIIa.2	FXIIa.3	uPA.4	Input.4	uPA.5	uPA.6	Input.5	Input.6	uPA.7	Input.7	Input.8	TMPRSS2	uPA.8	Input.9	TMPRSS2.1	uPA.9	Input.10	TMPRSS2.2	uPA.10
S344A	1513	1374	1009	1186	757	646	369	826	307	260	673	546	158	870	297	308	726	854	189	676	589	443	124	801	455	150	1039	338	147
S344R	1	0	2	0	0	0	0	0	0	0	0	0	0	1	0	0	0	2	1	0	0	0	0	1	0	0	0	0	0
S344N	0	0	0	0	0	0	0	0	0	0	0	0	0	0	0	0	0	0	0	0	0	0	0	0	0	0	0	0	0
S344D	0	0	0	0	0	0	0	0	0	0	0	0	0	0	0	0	0	0	0	0	0	0	0	0	0	0	0	0	0
S344C	2	0	1	1	0	0	0	5	2	2	0	4	0	0	0	0	0	2	0	0	1	1	0	2	0	0	1	0	0
S344E	5	1	4	0	0	0	0	2	0	0	0	0	0	1	4	0	2	1	1	3	1	0	3	2	1	0	1	0	0
S344Q	4	3	3	4	0	0	0	2	0	0	0	0	0	4	1	0	0	4	0	3	1	1	1	3	1	0	3	0	0
S344G	0	0	0	0	0	0	0	0	0	0	0	0	0	0	0	0	0	0	0	2	0	0	0	0	0	0	0	0	0
S344H	0	0	0	0	0	0	0	0	0	0	0	0	0	0	0	0	0	0	0	0	0	0	0	0	0	0	0	0	0
S344I	12	13	8	13	0	7	8	3	28	0	0	0	0	7	4	3	8	3	1	1	4	2	3	12	0	0	4	1	2
S344L	4975	4740	3569	4056	2805	3381	1268	3436	4309	5094	3246	4515	1659	2146	555	729	1741	2137	1322	1564	1755	1272	175	2409	1098	290	3008	2609	433
S344K	14	11	17	2	1	0	1	2	4	0	0	0	1	11	0	0	13	10	2	8	4	4	4	10	7	3	7	12	0
S344M	0	0	0	0	0	0	0	0	0	0	0	0	0	0	0	0	0	0	0	0	0	0	0	0	0	0	0	0	0
S344F	2	0	0	2	0	1	1	0	0	0	1	0	0	0	3	0	0	1	2	0	2	1	0	0	0	1	1	0	0
S344P	19176	18079	13021	14594	5124	5122	2357	8136	3182	3348	3013	5041	2892	10004	1166	1114	8114	11245	2920	7767	7099	4491	1017	9797	5558	1221	13526	6823	1180
S344S	3632713	3403465	2638297	2936271	4270289	4446909	2857618	6007372	3046874	2974445	3399288	3659721	1644205	1613186	1329505	1399883	1524018	1928654	1735038	1445116	1334961	1292990	1055216	1922661	1476273	1166413	2300954	1387835	817830
S344T	17090	15960	11639	13765	5643	6413	2566	7876	6008	6041	4977	5549	1723	9118	1450	1266	7479	9507	1726	6883	6442	3748	907	9130	4405	1098	11899	5569	1068
S344W	0	1	0	0	0	0	0	0	0	0	0	0	0	0	0	0	0	0	0	1	0	0	0	0	1	0	0	0	0
S344Y	3	4	2	2	3	1	1	1	0	0	0	0	0	0	0	0	2	2	0	3	0	0	0	4	0	0	4	0	0
S344V	5	3	3	2	0	0	0	2	0	0	0	0	0	4	0	0	1	1	0	2	0	0	0	2	0	0	1	0	0
S344X	2027	2130	1613	1822	868	795	280	954	382	384	886	743	180	1106	140	128	923	1169	174	866	907	2012	118	1199	498	134	1433	196	100
S344B	30	14	28	14	0	1	2	8	6	0	2	1	1	17	2	2	12	17	1	7	4	6	5	22	11	6	9	9	2
A345A	3651676	3422345	2651346	2951246	4271323	4449780	2858247	6012913	3051812	2980714	3405525	3666523	1644350	1625367	1330379	1400471	1533925	1941851	1735064	1454111	1342879	1299240	1056123	1933106	1480835	1167276	2315790	1392503	817921
A345R	0	0	0	0	0	0	0	0	0	0	0	0	0	0	0	0	0	0	0	0	0	0	0	0	0	0	0	0	0
A345N	0	2	1	0	0	0	0	0	0	0	0	2	0	1	0	0	0	0	0	0	0	0	0	1	0	1	0	0	0
A345D	2959	2644	2006	2426	1039	1194	506	1436	493	657	310	634	421	1251	196	184	1029	1336	400	941	1148	548	219	1508	718	263	1800	863	243
A345C	2	0	0	0	0	0	0	0	0	0	0	0	0	0	0	0	0	0	0	0	0	0	0	0	0	0	0	0	0
A345E	20	12	16	3	2	6	2	12	4	0	0	12	1	15	1	1	14	13	3	15	6	5	3	13	12	6	19	4	1
A345Q	0	0	0	0	0	0	0	0	0	0	0	0	0	0	0	0	0	0	0	0	0	0	0	0	0	0	0	0	0
A345G	866	758	645	670	321	429	220	505	235	250	85	202	119	352	95	66	327	383	62	288	366	230	60	468	93	81	525	124	80
A345H	1	0	0	0	0	0	0	0	0	0	0	0	0	0	0	1	0	0	0	0	0	0	0	1	0	0	0	0	0
A345I	8	15	8	11	2	0	0	4	0	0	1	0	0	8	0	0	8	10	0	0	11	3	1	6	2	0	8	22	0
A345L	0	1	4	2	1	0	0	0	0	0	0	0	0	0	0	1	2	1	0	0	1	0	0	0	0	0	3	0	0
A345K	0	0	0	0	0	0	0	0	0	0	0	0	0	0	0	0	0	0	0	0	0	0	0	0	0	0	0	0	0
A345M	0	0	0	0	0	0	0	0	0	0	0	0	0	0	0	0	0	0	0	0	0	0	0	0	0	0	0	0	0
A345F	1	1	1	0	0	0	0	0	0	0	0	0	0	0	0	1	1	0	0	3	0	0	0	0	0	1	0	0	0
A345P	734	763	520	623	250	285	105	386	284	223	277	185	62	343	53	37	286	368	71	288	291	146	47	394	113	59	464	588	71
A345S	4732	4527	3476	3474	7478	5965	2801	5438	4421	3855	2434	3193	4403	2060	1328	1574	1607	2342	4270	1642	1301	794	269	2200	1782	557	2872	3214	1308
A345T	6495	5857	4500	5221	2311	2677	1176	3496	894	1910	1494	2618	630	2839	493	472	2386	2987	689	2299	2293	1279	409	3352	1423	557	4182	2083	475
A345W	0	0	0	0	0	0	0	0	0	0	0	0	0	0	0	0	0	0	0	0	0	0	0	0	0	0	0	0	0
A345Y	0	0	0	0	3	0	0	1	0	0	0	0	1	0	0	0	0	1	0	1	2	3	0	1	0	0	0	0	0
A345V	10078	8873	6693	8058	2760	2940	1414	4434	2959	1965	1960	2751	832	4239	582	625	3454	4317	818	3314	3472	2723	442	5005	3330	515	6227	3991	663
A345X	0	0	0	0	0	0	0	0	0	0	0	0	0	0	0	0	0	0	0	0	0	0	0	0	0	0	0	0	0
A345B	0	0	0	0	0	0	0	0	0	0	0	0	0	0	0	0	0	0	0	0	0	0	0	0	0	0	0	0	0
R346A	0	0	0	0	0	0	0	1	0	0	0	0	0	0	0	0	0	0	0	1	0	0	0	2	0	0	0	0	0
R346R	3631636	3403878	2637198	2934280	4270307	4447429	2854777	6003759	3048290	2978769	3400025	3655641	1645962	1616990	1329140	1399483	1525835	1932811	1736018	1447012	1333797	1291972	1054471	1922272	1472659	1166253	2302644	1382700	817905
R346N	7	7	9	8	3	3	1	3	2	0	0	0	2	4	4	0	3	2	1	1	6	0	1	4	2	0	8	5	0
R346D	1	0	0	1	0	0	0	0	0	0	0	0	0	0	0	0	0	0	0	0	0	0	0	0	1	0	1	0	0
R346C	14777	13564	9798	11614	2119	2385	1119	3987	2701	1984	2183	3702	677	5990	450	398	5409	6199	590	4757	5619	4036	282	7471	4483	332	9488	8057	415
R346E	0	0	0	0	0	0	0	0	0	0	0	0	0	0	0	0	0	0	0	0	0	0	0	0	0	0	0	0	0
R346Q	4	2	2	5	1	1	0	0	0	1	0	0	0	2	1	0	2	0	1	3	1	0	0	2	1	0	1	1	0
R346G	228	149	150	192	85	42	12	55	22	52	34	90	10	78	9	6	77	104	15	99	85	24	5	90	44	9	103	20	8
R346H	18966	17279	13668	15992	9790	10538	6775	15159	6589	6409	6529	9496	3016	8341	2733	2737	7211	8934	3328	6696	7833	5722	2429	9934	7571	2215	12106	8652	1932
R346I	7	4	6	3	2	3	0	3	1	1	3	4	0	2	0	0	3	3	0	2	6	0	0	5	1	1	6	0	0
R346L	5449	4821	3624	4062	1599	1467	1132	3573	1682	1254	2464	4985	841	2217	473	555	1934	2410	1052	1734	1805	907	164	2627	1512	225	3231	1716	298
R346K	0	0	0	0	0	0	0	0	0	0	0	0	0	0	0	0	0	0	0	0	0	0	0	0	0	0	0	0	0
R346M	0	0	0	0	0	0	0	0	0	0	0	0	0	0	0	0	0	0	0	0	0	0	0	0	0	0	0	0	0
R346F	13	6	12	5	1	0	0	1	0	0	0	2	0	6	0	0	2	4	0	2	7	2	0	2	1	1	10	17	0
R346P	1143	1091	853	969	147	218	161	433	194	288	164	546	61	478	56	35	447	545	80	425	451	195	43	637	184	42	754	981	32
R346S	5305	4964	3875	4563	1436	1186	492	1640	1606	815	680	1647	248	2350	260	218	2101	2584	292	2153	2143	2109	178	2986	1836	237	3517	1234	171
R346T	0	1	0	1	0	0	0	0	0	0	1	0	0	0	0	0	1	0	0	0	0	0	0	0	1	0	0	0	0
R346W	0	0	0	0	0	0	0	0	1	0	0	0	1	0	0	0	0	0	0	0	0	0	0	0	0	0	0	0	0
R346Y	27	17	17	32	0	4	1	11	14	1	3	6	1	13	1	1	11	10	0	15	13	4	0	18	11	1	14	8	1
R346V	0	0	0	0	0	0	0	0	0	0	0	0	0	0	0	0	0	0	0	0	0	0	0	0	0	0	0	0	0
R346X	9	15	4	7	0	0	1	0	0	0	0	1	0	4	0	0	3	3	0	2	4	0	0	5	1	0	7	1	0
R346B	0	0	0	0	0	0	0	0	0	0	0	0	0	0	0	0	0	0	0	0	0	0	0	0	0	0	0	0	0
M347A	184	202	108	130	27	65	21	66	2	2	42	5	4	76	5	2	64	83	18	80	42	13	8	72	32	4	132	159	6
M347R	1334	1248	1001	1184	789	878	308	1082	634	372	333	579	240	645	142	140	529	660	255	466	476	447	96	818	332	159	947	929	194
M347N	8	8	10	8	1	3	0	5	0	6	1	10	1	6	0	1	10	15	2	7	6	12	0	5	1	0	9	0	1
M347D	0	0	0	0	0	0	0	0	0	0	0	0	0	0	0	0	0	0	0	0	0	0	0	0	0	0	0	0	0
M347C	0	0	0	0	0	0	0	0	0	0	0	0	0	0	0	0	0	0	0	0	0	0	0	0	0	0	0	0	0
M347E	45	43	17	56	4	13	1	12	0	0	0	0	8	25	1	0	23	41	4	13	20	2	2	27	9	4	50	23	2
M347Q	0	0	0	3	0	0	0	1	0	0	0	0	0	1	0	0	0	0	0	0	0	0	0	0	0	0	1	1	0
M347G	2	13	3	3	2	0	1	2	0	0	1	1	1	6	0	1	1	4	0	4	0	0	1	3	0	0	1	0	0
M347H	0	0	0	0	0	0	0	0	0	0	0	0	0	0	0	0	0	0	0	0	0	0	0	0	0	0	0	0	0
M347I	7747	7303	5356	6244	3399	3700	1579	4169	1672	1964	1769	3123	847	3451	659	744	3069	3892	923	2984	2742	2770	504	3992	1682	635	5221	2395	568
M347L	11688	11063	8131	9652	6695	6116	3326	7523	1665	2895	1969	2927	2389	5107	1852	2257	4387	5477	2579	4172	4606	3600	937	6029	3989	1360	7813	3251	1048
M347K	11598	10376	7714	9138	4479	4776	2231	6285	2769	2885	1876	3723	1302	5045	1107	1100	4518	5644	1380	4103	4495	7694	735	6002	5008	936	7731	6020	794
M347M	3607796	3381315	2622637	2916440	4253599	4429232	2848894	5986418	3045216	2972215	3399447	3653940	1640846	1606476	1325370	1394665	1516125	1918881	1730835	1438259	1326426	1277515	1052952	1910652	1468536	1163206	2285347	1378070	814973
M347F	0	1	2	0	1	0	1	1	0	0	0	1	0	0	0	0	0	0	0	1	1	0	0	0	0	1	0	0	0
M347P	7	13	1	8	2	0	0	2	1	9	0	0	2	6	0	0	4	4	0	3	0	1	0	11	0	0	2	0	0
M347S	72	65	29	65	62	38	17	51	1	58	14	23	28	45	19	13	24	30	8	30	32	95	4	31	55	5	56	2	5
M347T	21182	19796	14299	16587	9973	11149	5020	13893	5522	5864	4452	7973	3245	9098	2611	2775	8389	11251	3357	7593	7385	7007	1443	10584	4986	1883	14302	7664	1962
M347W	12	9	6	12	35	1	4	21	0	0	1	0	7	6	3	0	1	3	4	1	6	4	2	6	26	1	8	0	8
M347Y	0	0	0	0	0	0	0	0	0	0	0	0	0	0	0	0	0	0	0	0	0	0	0	0	0	0	0	0	0
M347V	15834	14304	9868	12162	6420	7291	3066	9085	3614	3295	2175	3815	1899	6470	1358	1734	5881	7599	2012	5172	5510	5796	886	7789	3652	1122	10252	4877	1197
M347X	1	0	0	1	0	0	0	0	0	0	0	0	0	0	0	0	0	0	0	0	0	1	0	0	0	0	0	0	0
M347B	62	39	34	41	2	14	2	9	6	9	6	0	0	12	0	1	14	25	0	14	23	14	3	34	0	0	18	1	4
A348A	3644728	3415851	2646680	2945439	4264132	4441508	2853862	6002938	3029865	2963270	3392206	3649415	1644252	1622166	1329313	1399539	1530808	1938021	1734399	1451888	1339788	1296301	1055000	1929622	1479597	1165425	2310224	1393001	816853
A348R	0	0	0	0	0	0	0	0	0	0	0	0	0	0	0	0	0	0	0	0	0	0	0	0	0	0	0	0	0
A348N	7	12	6	14	0	0	0	2	0	0	0	8	0	5	0	0	4	8	0	5	6	1	0	8	0	0	17	1	0
A348D	4223	4131	2857	3079	2398	2465	992	2677	1492	663	734	830	1220	1898	334	399	1473	2242	1242	1376	1401	1295	298	2073	1470	585	2834	1088	550
A348C	0	0	1	0	0	0	0	0	0	0	0	0	0	0	0	0	0	0	0	0	0	0	0	0	0	0	0	0	0
A348E	17	6	11	1	1	3	0	6	0	0	0	2	1	10	3	0	10	8	3	4	0	2	2	10	3	2	7	6	0
A348Q	0	0	0	0	0	0	0	0	0	0	0	0	0	0	0	0	0	0	0	0	0	0	0	0	0	0	0	0	0
A348G	1095	1108	873	900	378	461	217	588	291	113	78	914	120	518	70	75	389	518	87	371	429	387	60	535	188	69	800	457	95
A348H	0	0	0	0	1	0	0	0	0	0	0	0	0	0	0	0	0	0	0	0	0	0	0	0	0	0	0	0	1
A348I	29	20	10	21	21	13	15	18	3	4	1	3	3	12	3	1	16	8	3	8	11	2	1	15	18	3	13	1	3
A348L	4	7	3	7	0	1	1	3	0	0	0	0	0	5	0	0	4	2	0	0	0	1	0	2	0	0	0	0	0
A348K	0	0	0	0	0	0	0	0	0	0	0	0	0	0	1	0	0	0	1	1	0	0	0	0	0	0	0	0	0
A348M	0	0	0	0	0	0	0	0	0	0	0	0	0	0	0	0	0	0	0	0	0	0	0	0	0	0	0	0	0
A348F	1	3	1	0	0	0	1	1	3	0	0	1	0	1	0	1	2	0	0	1	0	1	0	1	0	0	4	0	0
A348P	1143	1167	774	973	766	804	498	997	384	394	339	453	352	503	256	379	462	574	242	409	392	533	172	601	388	139	821	468	136
A348S	2536	2447	1755	2139	1437	1274	646	1497	731	384	439	1283	295	1171	215	276	1101	1391	303	1069	934	1068	169	1338	623	248	1734	834	201
A348T	8324	7165	5251	6276	3477	3541	1670	4489	1908	1738	1336	2231	943	3676	789	762	3317	4110	985	2977	2917	1817	553	4147	2397	1039	5410	2286	622
A348W	0	0	0	0	0	0	0	0	0	0	0	0	0	0	0	0	0	0	0	0	0	0	0	0	0	0	0	0	0
A348Y	0	2	1	3	15	1	1	7	0	0	0	2	2	0	0	0	2	0	3	1	1	0	0	4	0	1	1	0	0
A348V	15465	13879	10993	12882	12864	13205	6568	15402	26425	23008	16953	20978	3631	6510	2143	2001	5451	6727	4109	4792	5891	3563	1318	7699	3624	1805	10025	5250	2301
A348X	0	0	0	0	0	0	0	0	0	0	0	0	0	0	0	0	0	0	0	0	0	0	0	0	0	0	0	0	0
A348B	0	0	0	0	0	0	0	0	0	0	0	0	0	0	0	0	0	0	0	0	0	0	0	0	0	0	0	0	0
P349A	160	166	167	167	111	62	77	111	35	59	77	44	19	129	21	17	94	127	24	64	86	53	21	120	164	29	117	91	16
P349R	477	444	352	374	196	199	95	272	109	103	89	464	58	279	31	39	200	253	29	201	201	66	31	239	56	23	340	78	16
P349N	4	14	10	0	1	3	4	2	2	0	1	1	1	4	2	0	1	16	9	9	5	3	1	12	6	1	3	13	1
P349D	0	0	0	0	0	0	0	1	0	0	0	0	0	0	0	0	0	0	0	0	0	0	0	0	0	0	0	1	0
P349C	0	0	0	0	0	1	0	0	0	0	0	0	0	0	0	1	0	0	0	0	0	0	0	0	0	0	0	0	0
P349E	0	0	0	0	0	0	0	0	0	0	0	0	0	0	0	0	0	0	0	0	0	0	0	0	0	1	0	0	0
P349Q	15	9	18	1	1	1	8	6	2	0	0	0	1	17	3	2	7	5	14	2	5	9	1	6	7	6	10	17	4
P349G	0	0	0	0	0	0	0	0	0	0	0	0	0	0	0	0	0	0	1	0	0	0	0	0	0	0	0	0	0
P349H	5194	5137	3860	4290	9082	10302	6961	6347	2266	4117	9339	12412	2341	2549	1335	827	2115	2908	4137	2035	1840	1648	510	2629	1616	1158	3468	7556	1787
P349I	17	3	9	5	3	2	2	3	0	0	0	0	0	4	1	0	2	5	0	9	1	0	0	6	1	1	6	2	1
P349L	8222	7484	5509	6528	3270	3168	1926	4220	1711	1944	1868	2317	1047	3605	1064	1282	3230	3713	963	2782	2959	2414	574	4090	1789	764	5330	3346	616
P349K	0	0	0	0	0	0	0	0	0	0	0	0	0	0	0	0	0	0	0	0	0	0	0	0	0	0	0	0	0
P349M	0	0	0	0	0	0	0	0	0	0	0	0	0	0	0	0	0	0	0	0	0	0	0	0	0	0	0	0	0
P349F	22	22	14	18	6	7	0	11	1	9	1	0	1	7	0	0	3	4	3	7	2	1	0	7	1	2	18	0	1
P349P	3653198	3423204	2651746	2951563	4267730	4444213	2853099	6012129	3054873	2981592	3398307	3658044	1646056	1625313	1329682	1400276	1533346	1941822	1734875	1453765	1342577	1298083	1055734	1933384	1481038	1166354	2316135	1387710	817494
P349S	7950	7090	5521	6643	2988	3092	1479	3765	1491	1198	1807	1945	870	3434	706	754	3024	3473	885	2860	2912	1996	475	4161	3181	616	4973	4091	539
P349T	2302	2217	2004	2140	2096	2220	814	1747	611	552	591	891	424	1132	278	232	1013	1279	435	1162	1176	694	226	1386	441	357	1485	485	285
P349W	0	0	0	0	0	0	0	0	0	0	0	0	0	0	0	0	0	0	0	0	0	0	0	0	0	0	0	0	0
P349Y	10	8	6	4	6	4	6	10	1	0	6	1	0	2	4	3	4	4	2	6	6	4	0	15	8	4	5	2	2
P349V	1	0	0	1	0	2	0	1	0	0	0	1	1	0	0	0	0	0	0	0	0	0	0	0	0	0	0	0	0
P349X	0	0	0	0	0	0	0	0	0	0	0	0	0	0	0	0	0	0	0	0	0	0	0	0	0	0	0	0	0
P349B	0	0	0	0	0	0	0	0	0	0	0	0	0	0	0	0	0	0	0	0	0	0	0	0	0	0	0	0	0
E350A	1125	1214	760	964	344	384	200	649	264	259	280	615	83	526	86	67	507	624	104	422	433	353	84	622	390	66	801	103	77
E350R	40	25	23	36	4	23	2	33	0	36	1	8	1	20	2	2	15	18	0	10	12	7	3	17	7	4	17	4	1
E350N	5	7	9	6	0	0	0	1	3	0	0	0	0	3	0	0	3	3	0	2	4	0	0	5	0	2	3	3	0
E350D	4142	3789	2981	3308	1741	1716	859	2092	1173	1286	1090	970	437	1821	373	333	1644	2180	457	1730	1461	1646	223	2119	1199	302	2593	983	284
E350C	0	0	0	0	0	0	0	0	0	0	0	0	0	0	0	0	0	0	0	0	0	0	0	0	0	0	0	0	0
E350E	3627392	3398478	2633617	2931223	4266259	4442430	2854620	6001381	3043243	2969986	3394904	3655074	1644859	1613668	1328529	1398729	1522928	1927970	1735286	1444138	1333482	1288735	1054656	1920446	1475346	1165770	2299579	1386866	817168
E350Q	334	299	259	303	206	275	132	258	126	289	188	167	52	154	36	66	132	180	31	127	163	212	31	179	111	65	217	52	58
E350G	16934	16720	12184	13841	5367	6042	3100	8841	3699	5003	4436	6567	1809	7672	1637	1675	6907	8822	1936	6179	6199	4244	932	8713	3834	1119	11212	6366	1084
E350H	0	0	1	0	0	0	0	0	0	0	0	0	0	1	0	0	0	0	0	0	0	0	0	0	0	0	0	0	0
E350I	0	0	0	0	0	0	0	0	0	0	0	0	0	0	0	0	0	0	0	1	0	0	0	0	0	0	0	0	0
E350L	33	34	28	6	0	12	5	17	36	2	1	0	0	12	1	0	13	14	4	19	5	16	4	22	13	4	11	6	2
E350K	9399	8326	6615	7412	5673	6205	2506	6351	5565	6227	4225	5688	1611	4251	1011	1043	3776	4550	1642	3463	3319	2751	719	4760	2410	946	5889	3219	1059
E350M	14	12	14	22	6	19	1	20	1	14	3	5	4	9	3	0	8	18	0	17	12	4	1	13	0	3	14	2	2
E350F	0	0	0	0	0	0	0	0	0	0	0	0	0	0	0	0	0	0	0	0	0	0	0	2	0	0	0	0	0
E350P	16	17	8	11	3	9	4	3	1	9	17	1	2	4	0	0	15	7	2	4	6	2	2	6	12	2	3	0	0
E350S	0	1	3	1	2	0	2	1	0	1	0	0	0	3	0	0	2	3	0	1	0	1	0	2	3	0	1	0	0
E350T	14	4	3	4	2	4	0	1	0	0	0	0	0	0	0	0	0	2	0	3	0	0	0	0	0	0	7	2	0
E350W	12	12	8	9	0	2	3	2	1	0	0	0	7	15	1	0	4	11	0	11	4	1	2	7	10	1	5	1	0
E350Y	1	1	6	1	1	0	2	6	1	0	0	0	0	1	0	0	0	3	0	0	1	1	1	2	0	0	9	1	0
E350V	14111	13001	9699	11128	4502	4856	2342	7156	6101	5683	6185	5842	1662	6392	1117	1181	5371	7219	1502	5016	5050	6362	702	6950	4362	819	8999	5324	877
E350X	3	2	3	4	1	1	0	3	0	0	0	0	0	0	0	0	1	1	0	1	0	0	1	2	0	0	0	0	0
E350B	3997	3856	2995	3455	1379	1298	693	1810	888	779	756	1183	292	1923	331	337	1713	1984	413	1758	1619	636	212	2188	611	213	2530	460	150
E351A	800	889	514	718	194	300	121	385	201	258	128	435	50	421	42	44	331	434	59	314	298	134	23	412	109	43	594	141	29
E351R	8	14	6	11	1	12	1	2	1	21	13	16	0	2	0	1	2	3	0	3	7	1	1	6	0	0	10	0	0
E351N	0	5	2	3	1	0	1	0	1	0	0	2	0	6	0	0	2	1	0	3	1	0	1	1	0	1	0	0	0
E351D	3405	3399	2527	2765	1256	1480	627	1914	1261	772	594	906	422	1606	282	254	1465	1911	511	1442	1152	777	221	1797	1290	337	2175	998	273
E351C	0	0	0	0	0	0	0	0	0	0	0	0	1	0	0	0	0	0	0	0	0	0	0	0	0	0	0	0	0
E351E	3645752	3415261	2646621	2946061	4273304	4449964	2858716	6012257	3041293	2969674	3395481	3653109	1647582	1622279	1330431	1400769	1530289	1937270	1737528	1450997	1340768	1297286	1055780	1930118	1478532	1166946	2311738	1393661	818626
E351Q	98	75	86	122	71	79	20	84	54	79	28	59	13	57	16	12	49	54	13	42	25	13	4	38	15	6	83	30	4
E351G	11599	10932	8342	9311	2989	3452	1359	4518	2203	3201	1861	4020	870	5161	636	553	4615	5872	927	4210	4062	2535	461	5889	3617	520	7325	2763	503
E351H	1	0	0	0	0	0	0	0	0	0	0	0	0	0	0	0	0	1	0	0	0	0	0	0	0	0	0	0	0
E351I	0	0	0	0	0	0	0	0	0	0	0	0	0	0	0	0	0	0	0	0	0	0	0	0	0	0	0	0	0
E351L	6	3	6	0	0	0	1	3	7	0	0	2	1	7	0	0	4	6	2	4	1	1	1	5	2	0	7	0	0
E351K	3384	3386	2429	2821	1311	1520	729	1917	3291	3622	5299	3566	299	1588	315	408	1315	1635	494	1227	1132	684	187	1659	557	253	2171	1532	261
E351M	15	11	10	6	1	14	0	0	51	1	1	0	1	1	0	0	7	2	1	5	2	0	1	10	0	1	4	0	0
E351F	0	0	0	0	0	0	0	0	0	0	0	0	0	0	0	0	0	0	0	0	0	0	0	0	0	0	0	0	0
E351P	0	0	0	0	0	0	0	0	0	0	0	0	0	0	0	0	0	0	0	0	0	0	0	0	0	0	0	0	0
E351S	1	3	1	0	0	0	0	0	1	0	0	0	0	0	0	0	1	2	0	0	0	0	0	1	0	0	1	0	0
E351T	0	0	0	0	0	0	0	0	0	0	0	0	0	0	0	0	0	0	0	0	0	0	0	0	0	0	0	0	0
E351W	4	2	2	3	0	0	0	1	0	0	0	0	0	0	0	0	3	1	0	2	2	0	0	2	10	0	4	1	0
E351Y	1	2	1	0	0	0	0	2	1	0	1	1	0	1	0	0	1	2	1	0	0	0	0	1	0	2	1	1	0
E351V	10685	10155	7347	8444	5441	5708	2510	6395	11838	11033	7877	12778	1346	4513	1210	1209	4185	5370	1507	3888	3732	3116	758	5253	3472	1038	6682	2529	961
E351X	0	1	0	0	0	0	3	0	0	0	0	0	0	2	0	0	1	1	0	0	0	1	0	1	0	0	0	0	0
E351B	1813	1660	1322	1469	921	747	383	1147	899	913	803	1226	234	831	195	183	769	1044	334	765	588	423	135	862	704	169	1095	1736	105
I352A	29	17	30	30	6	5	1	10	0	1	1	1	1	5	0	1	10	13	0	22	17	7	1	17	37	1	25	4	2
I352R	3	3	3	0	0	0	0	2	0	0	0	0	0	2	0	0	1	1	0	3	0	2	0	1	0	0	0	1	0
I352N	9296	8766	6164	7199	1652	1840	726	2972	1465	1763	1314	1984	517	3994	372	376	3474	4581	439	3354	3099	1914	182	4526	1733	266	5733	3753	315
I352D	12	9	7	18	0	1	3	11	1	0	0	0	1	3	0	1	1	4	0	10	11	4	1	5	0	0	12	0	1
I352C	0	0	0	0	0	0	0	0	0	0	0	0	0	1	0	0	1	0	0	0	0	0	0	0	0	0	0	0	0
I352E	0	0	0	0	0	0	0	0	0	0	0	0	0	0	0	0	0	0	0	0	0	0	0	0	0	0	0	0	0
I352Q	0	0	0	0	0	0	0	0	0	0	0	0	0	0	0	0	0	0	0	0	0	0	0	0	0	0	0	0	0
I352G	2	0	1	3	0	0	0	0	0	0	0	0	0	0	0	0	2	0	0	0	1	0	0	0	0	0	0	0	3
I352H	0	0	0	0	0	0	1	0	0	0	0	0	0	0	0	0	0	0	0	0	0	0	0	0	0	0	0	0	0
I352I	3633959	3404103	2639049	2936998	4270514	4446328	2856950	6004878	3046747	2976022	3401989	3657784	1644721	1616814	1329319	1399554	1525574	1930963	1735051	1446913	1336994	1292217	1055769	1924208	1469745	1166654	2304109	1388457	817691
I352L	814	764	579	634	2433	2479	987	2017	3197	1720	846	1507	1599	430	441	467	346	451	1537	262	238	127	53	365	130	233	531	1093	519
I352K	18	14	13	0	0	1	0	1	4	0	0	0	2	14	0	1	7	19	0	10	4	4	0	15	2	2	3	3	0
I352M	136	151	126	134	53	71	39	82	60	54	56	40	29	124	8	19	67	106	8	62	58	44	12	64	37	16	101	53	7
I352F	8276	8094	5577	6748	3005	3649	1381	4559	3072	3252	1463	3110	1024	3624	720	762	3288	4173	967	2895	2836	1911	399	4005	9592	607	5223	2569	627
I352P	1	23	4	2	3	4	0	2	0	1	0	2	1	2	0	0	1	5	0	2	1	1	0	4	0	0	3	0	0
I352S	841	1016	675	753	106	217	98	320	83	218	129	128	54	432	39	32	387	518	72	353	357	610	26	527	137	39	572	268	29
I352T	10567	10145	7655	8726	3261	3487	1692	5451	2266	1928	2104	3787	920	4753	855	826	4426	5567	1032	4207	3915	2614	486	5408	2829	653	6742	2521	564
I352W	0	0	0	0	0	0	0	0	0	0	0	0	0	0	0	0	0	0	0	0	0	0	0	0	0	0	0	0	0
I352Y	16	13	15	8	3	6	0	13	0	5	0	1	0	3	1	0	6	5	0	4	4	0	0	11	6	0	12	0	1
I352V	13602	12680	9318	10481	4454	5188	2593	8307	4207	4610	4184	7776	1950	6274	1372	1394	5448	7203	2271	4805	4235	5516	644	6899	4060	845	8824	4670	1003
I352X	0	0	0	0	0	0	0	0	0	0	0	0	0	0	0	0	0	0	0	0	0	0	0	0	0	0	0	0	0
I352B	0	0	0	0	0	0	0	0	0	0	0	0	0	0	0	0	0	0	0	0	0	0	0	0	0	0	0	0	0
I353A	82	56	67	60	4	12	3	33	59	7	7	6	2	28	0	4	22	46	6	25	27	29	0	35	6	2	56	5	2
I353R	0	0	5	0	0	0	0	0	0	0	0	0	0	1	0	0	2	3	0	1	0	0	0	0	0	0	0	0	0
I353N	10622	10244	7584	8641	1496	1879	745	3300	2449	2246	2135	2503	524	4795	364	358	4366	5480	495	3971	3923	3931	242	5524	3012	273	7109	3023	344
I353D	48	71	32	48	0	39	8	4	0	0	0	0	2	24	2	3	21	23	7	32	19	8	0	39	0	0	42	1	0
I353C	4	2	1	2	0	0	0	2	0	0	0	0	0	2	0	0	2	5	0	3	0	0	0	1	0	0	5	0	0
I353E	0	0	0	0	0	0	0	0	0	0	0	0	0	0	1	0	0	0	0	1	0	0	0	0	0	0	0	0	0
I353Q	0	0	0	0	0	0	0	0	0	0	0	0	0	0	0	0	0	0	0	0	0	0	0	0	0	0	0	0	0
I353G	9	7	1	7	0	1	0	1	0	0	0	0	0	7	0	0	4	7	0	4	1	0	0	11	0	0	2	16	0
I353H	5	4	3	0	0	1	0	0	0	0	0	0	0	2	0	0	3	1	0	1	1	0	0	1	0	0	1	0	0
I353I	3627326	3398125	2633492	2931233	4269769	4446271	2856304	6004952	3040063	2969763	3396209	3657435	1645090	1613367	1329335	1399118	1522491	1927207	1735275	1443676	1333002	1290674	1055337	1920482	1474088	1166456	2299184	1382046	817386
I353L	1331	1240	954	1082	338	363	199	590	141	356	172	777	139	612	86	60	599	755	77	507	469	358	52	736	200	74	862	241	79
I353K	9	11	21	5	0	0	1	1	3	1	0	0	0	7	0	1	5	15	0	9	5	4	0	11	10	2	5	2	0
I353M	771	738	523	551	145	150	70	295	330	319	33	272	67	419	21	48	330	372	44	256	275	127	19	349	280	17	493	567	37
I353F	6199	5682	4324	4899	991	1225	461	1958	809	1142	914	1162	310	2891	263	245	2510	3293	325	2416	2285	1150	184	3176	1595	208	3945	3281	207
I353P	22	7	5	6	0	0	1	2	0	0	0	0	0	4	0	0	0	8	0	2	2	0	0	2	2	0	6	0	0
I353S	917	739	642	784	176	228	84	330	116	137	176	199	67	397	41	33	379	423	58	370	360	149	24	484	292	34	582	198	36
I353T	14892	14355	10485	11898	6181	5961	3535	8275	12994	10552	9586	9957	2934	6933	1602	2246	6129	7984	3367	5864	5523	5308	763	7471	3939	1018	9755	8244	1322
I353W	0	0	0	0	0	0	0	0	0	0	0	0	0	0	0	0	0	0	0	0	0	0	0	0	0	0	0	0	0
I353Y	30	16	7	24	5	2	18	6	0	0	4	1	3	12	0	0	9	20	1	5	8	11	1	10	0	0	15	0	0
I353V	15305	14501	11070	12494	6385	7144	3042	8876	4138	5051	2850	3808	1681	6974	1412	1317	6167	7967	1722	5759	5870	3222	951	7723	4884	1232	9828	5768	1349
I353X	0	0	0	0	0	0	0	0	0	0	0	0	0	0	0	0	0	0	0	0	0	0	0	0	0	0	0	0	0
I353B	0	0	0	0	0	0	0	0	0	0	0	0	0	0	0	0	0	0	0	0	0	0	0	0	0	0	0	0	0
M354A	158	124	72	110	25	12	11	43	1	16	40	16	5	64	10	6	53	52	7	45	51	182	4	52	23	8	68	99	4
M354R	1230	1189	836	889	126	154	106	312	53	201	36	222	38	508	59	27	494	664	34	491	454	129	33	541	135	43	763	398	28
M354N	51	43	33	22	3	4	1	11	0	3	0	1	0	30	0	1	19	26	1	19	15	9	0	21	1	0	21	2	0
M354D	0	0	0	0	0	0	0	0	0	0	0	0	0	0	0	0	0	0	0	0	0	0	0	0	0	0	0	0	0
M354C	0	0	0	0	0	0	0	0	0	0	0	0	0	0	0	0	0	0	0	0	0	0	0	0	0	0	0	0	0
M354E	31	21	25	27	7	6	3	6	2	0	0	17	0	14	1	1	15	8	0	12	15	12	1	21	5	2	18	3	0
M354Q	8	13	3	7	0	9	1	0	0	0	0	0	2	7	1	0	1	9	3	3	1	2	0	6	1	1	5	0	0
M354G	132	161	62	71	6	10	14	23	16	11	0	31	2	56	3	3	38	79	2	38	25	12	1	72	4	0	113	4	2
M354H	0	0	0	0	0	0	0	0	0	0	0	0	0	0	0	0	0	0	0	0	0	0	0	0	0	0	0	0	0
M354I	9949	9101	6966	8170	5470	5641	2526	6263	3084	3520	3113	3279	1358	4519	1295	1384	4079	5072	1452	3854	3382	2041	887	4905	2793	1013	6230	3362	948
M354L	16390	15268	11266	12792	7146	8432	3197	8767	5654	5564	5235	5167	2081	7356	1538	1405	6377	8349	2282	6124	5762	5096	967	8211	4535	1317	10214	5830	1463
M354K	62934	57551	57917	60217	7709	9281	4664	22114	7059	8912	6274	12363	2261	30814	1941	1165	27224	30924	1885	19685	21530	11663	1251	34511	7819	1395	35901	8140	1406
M354M	3549108	3326705	2566475	2859318	4251594	4425154	2847243	5970679	3030774	2957510	3385151	3636091	1639290	1576388	1324785	1395825	1489872	1888961	1729821	1418575	1307307	1274579	1052791	1879175	1462987	1163360	2254470	1370597	814175
M354F	3	7	5	3	8	14	8	15	0	16	0	8	9	2	2	4	1	5	17	4	3	1	1	6	20	0	3	1	2
M354P	19	12	17	12	0	3	0	2	0	1	0	1	0	9	0	2	0	10	0	6	5	1	0	8	2	0	7	0	0
M354S	49	30	17	25	5	3	3	4	43	20	6	0	0	14	0	3	13	18	1	9	4	5	1	36	22	1	28	374	2
M354T	19761	18680	13677	15857	3436	3357	1978	7416	3314	4952	5695	9158	1834	8828	952	900	7912	10081	1860	7389	7005	6900	401	9899	5569	498	12788	7868	705
M354W	7	4	1	1	0	0	0	2	0	0	0	0	0	0	0	0	2	5	1	3	3	0	0	3	0	0	4	0	0
M354Y	0	0	0	0	0	0	0	0	0	0	0	0	0	0	0	0	0	0	0	0	0	0	0	0	0	0	0	0	0
M354V	17698	16863	11816	14184	9952	11193	4716	12962	11102	8848	6530	9747	3937	7853	2540	2707	6922	9335	4010	6629	6182	4324	1234	8570	4389	1678	11229	6712	2025
M354X	0	0	0	0	0	0	0	0	0	0	0	0	0	0	0	0	0	0	0	0	0	0	0	0	0	0	0	0	0
M354B	44	26	28	29	3	3	0	6	0	0	6	19	2	13	0	0	17	11	1	16	26	15	1	18	3	0	28	2	2
D355A	1110	996	709	847	127	144	111	305	99	301	76	132	25	447	20	40	422	511	23	395	296	130	22	542	197	21	726	188	23
D355R	3	0	1	0	0	0	0	0	0	0	0	0	1	2	1	0	0	1	0	1	3	0	0	1	0	0	0	0	0
D355N	7173	6478	4979	5694	2316	2565	1026	3186	2462	3169	2567	3229	769	3189	541	522	2885	3524	816	2667	2367	4661	244	3433	3706	352	4184	4294	473
D355D	3634537	3404836	2639340	2937824	4277070	4453896	2859792	6011800	3052111	2979118	3403030	3661357	1647373	1616430	1330922	1401281	1525598	1931206	1738229	1446900	1336609	1291162	1056354	1924660	1474876	1167706	2305071	1384965	819003
D355C	14	11	13	13	2	0	0	7	1	1	0	6	0	13	0	0	10	6	0	7	5	12	0	15	0	0	8	2	1
D355E	3790	3772	2613	2563	913	772	624	1677	1917	695	666	975	543	2153	251	257	1599	2152	311	1493	1359	902	194	1870	757	300	2360	1047	150
D355Q	0	0	0	0	0	0	0	0	0	0	0	0	0	0	0	0	0	0	0	0	0	0	0	0	0	0	0	0	0
D355G	17049	16558	11818	13650	2606	3276	1511	6332	2710	3338	2892	4806	1069	7840	773	695	6883	9113	1068	6277	6099	4164	405	8595	4414	482	10768	7710	638
D355H	288	243	214	239	73	56	74	165	72	92	87	88	10	146	25	22	102	135	24	92	80	29	13	131	51	15	171	72	6
D355I	13	17	9	11	1	4	0	2	0	1	0	0	0	8	0	0	4	5	1	5	4	0	1	8	0	1	4	2	0
D355L	0	0	0	0	0	0	0	1	0	0	0	1	0	3	0	0	0	0	0	0	0	0	0	0	0	0	1	0	0
D355K	2	3	1	2	1	0	0	0	0	0	0	1	0	4	0	0	1	3	0	3	1	2	0	1	0	0	0	0	0
D355M	0	0	0	0	0	0	0	0	0	0	0	0	0	0	0	0	0	0	0	0	0	0	0	0	0	0	0	0	0
D355F	10	13	10	6	0	0	1	1	0	0	1	0	0	8	1	0	10	8	0	4	6	5	0	13	6	1	10	3	3
D355P	0	0	0	0	0	0	0	0	0	0	0	0	0	0	0	0	0	0	0	0	0	0	0	0	0	0	0	0	0
D355S	21	39	15	36	4	4	2	15	0	1	0	8	0	14	0	2	12	15	0	6	9	1	0	12	6	1	13	2	0
D355T	0	0	1	0	0	1	0	0	0	0	0	0	0	0	0	0	1	0	0	0	0	0	0	0	7	0	0	0	0
D355W	0	0	0	0	0	0	0	0	0	0	0	0	0	0	0	0	0	0	0	0	0	0	0	0	0	0	0	0	0
D355Y	3709	3497	2723	3015	875	810	510	1411	565	607	421	1053	172	1729	164	136	1547	1967	218	1428	1381	909	156	1837	1417	172	2212	1050	122
D355V	9848	9330	6769	7834	1502	1748	820	3722	1165	2251	2346	4461	857	4489	429	477	3965	4963	687	3622	3551	2994	184	4936	2871	265	6362	4057	343
D355X	3	1	0	0	0	0	0	0	0	0	0	1	0	0	0	0	0	0	0	0	0	0	0	1	0	0	0	0	0
D355B	2	4	1	0	0	0	0	1	0	0	0	2	0	0	0	1	0	0	0	2	0	0	0	0	0	0	0	0	0
R356A	0	0	0	0	0	0	0	0	0	0	0	0	0	0	0	0	0	0	0	0	0	0	0	1	0	0	0	0	0
R356R	3636908	3407057	2640278	2939453	4277945	4455083	2860781	6014384	3053016	2982091	3406877	3666601	1648353	1618274	1331288	1401510	1526717	1932724	1739125	1447639	1336870	1291071	1056387	1925519	1479847	1168007	2306122	1390586	819395
R356N	10	8	8	5	4	0	2	1	0	0	0	0	0	2	0	0	0	1	0	1	2	0	0	0	0	1	4	49	0
R356D	0	0	0	0	0	0	0	0	0	0	0	0	0	0	0	0	0	0	0	0	0	0	0	0	0	0	0	0	0
R356C	2	4	7	6	6	1	2	4	0	0	5	0	0	1	0	1	2	5	0	4	2	0	1	5	1	0	4	0	0
R356E	11	20	17	12	4	5	1	3	0	0	0	0	0	9	0	0	8	15	0	3	15	3	1	4	52	0	15	0	0
R356Q	0	0	0	2	0	1	0	0	0	0	0	0	0	0	0	0	0	0	0	0	1	0	0	0	0	0	0	1	0
R356G	15534	15022	11034	12222	3113	3193	1389	5570	1897	2703	2238	4191	901	6975	645	672	6142	8063	825	5714	5656	4917	444	7701	4485	511	10028	7421	499
R356H	0	0	0	0	0	0	0	0	0	0	0	0	0	0	0	0	0	0	0	0	0	0	0	0	0	0	0	0	0
R356I	3648	3636	2620	2863	1007	802	544	1649	692	1129	566	1045	284	1710	238	229	1495	2004	325	1367	1121	863	143	1849	730	211	2225	1228	138
R356L	12	5	5	3	0	0	1	3	4	0	1	0	0	6	1	0	5	8	0	4	1	2	0	8	2	0	3	1	0
R356K	3567	3433	2603	2937	1238	1439	614	1691	1973	1012	774	1176	349	1608	286	332	1452	1823	292	1259	1408	1521	185	1942	895	213	2371	801	218
R356M	18	30	17	27	2	5	5	7	0	0	0	0	2	24	1	0	8	11	2	8	11	9	1	12	2	1	44	10	0
R356F	0	0	0	0	0	0	0	0	0	0	0	0	0	0	0	0	0	0	0	0	0	0	0	0	0	0	0	0	0
R356P	0	0	0	0	0	0	0	0	0	0	0	0	0	0	0	0	0	0	0	0	0	0	0	0	0	0	0	0	0
R356S	4939	4682	3433	3884	991	1031	456	1754	742	1160	897	1068	342	2062	310	341	1900	2531	335	1698	1621	984	141	2326	957	181	3049	1272	242
R356T	151	142	143	139	45	37	27	103	15	64	21	59	16	64	6	12	64	96	8	50	53	25	9	58	32	9	96	19	5
R356W	30	40	22	27	3	6	1	12	2	0	0	6	2	14	1	0	15	12	0	14	16	4	0	12	1	0	19	1	2
R356Y	0	0	0	0	0	0	0	0	0	0	0	0	0	0	0	0	0	0	0	0	0	0	0	0	0	0	0	0	0
R356V	7	11	7	5	3	1	0	0	0	0	0	0	0	7	0	0	4	4	0	0	3	3	0	4	0	3	7	0	4
R356X	12735	11708	9022	10149	1129	1672	648	3444	2761	1415	707	1974	570	5719	351	336	5227	6312	465	5141	4990	5569	261	6614	1304	179	7903	2003	259
R356B	0	0	0	0	0	0	0	0	0	0	0	0	0	0	0	0	0	0	0	0	0	0	0	0	0	0	0	0	0
P357A	1077	1060	752	803	185	201	99	402	311	202	127	239	72	526	59	81	410	533	59	403	320	405	26	531	413	33	698	305	30
P357R	653	588	452	494	130	157	91	298	197	566	108	124	44	332	43	44	275	335	19	244	198	71	15	322	667	29	406	100	19
P357N	11	3	7	0	0	0	0	2	3	0	0	0	0	1	0	0	4	6	0	2	1	2	0	4	7	2	6	1	0
P357D	3	1	2	0	0	0	0	1	0	0	0	0	0	1	0	0	1	1	2	0	0	0	0	2	3	0	2	1	0
P357C	0	0	0	0	0	0	0	0	0	0	0	0	0	0	0	0	0	0	0	0	0	0	0	0	0	0	0	0	0
P357E	0	0	0	0	0	0	0	0	0	0	0	0	0	0	0	0	0	0	0	0	0	0	0	0	0	0	0	0	0
P357Q	19	19	23	15	0	0	1	5	0	0	0	16	0	21	2	1	6	16	1	8	7	17	2	13	20	2	8	2	0
P357G	0	0	0	0	0	0	0	0	0	0	0	0	0	1	0	0	0	0	0	0	0	0	0	0	0	0	0	0	0
P357H	4703	4879	3587	4091	1470	1344	515	1734	1171	760	742	2166	272	2213	234	217	2025	2583	375	1870	1641	1249	206	2515	2851	249	3052	887	164
P357I	8	3	4	1	1	0	0	0	1	0	0	0	0	3	0	1	6	5	0	3	2	4	0	6	2	0	6	1	0
P357L	6904	6679	4959	5628	856	1110	477	2177	979	1060	1035	1494	296	3133	239	262	2895	3391	302	2627	2441	1816	179	3289	1694	132	4430	2436	187
P357K	0	0	0	0	0	0	0	0	0	0	0	0	0	0	0	0	0	0	0	0	0	0	0	0	0	0	0	0	0
P357M	0	0	0	0	0	0	0	0	0	0	0	0	0	0	0	0	0	0	0	0	0	0	0	0	0	0	0	0	0
P357F	9	3	5	9	0	3	0	1	0	0	0	0	1	4	0	0	12	8	0	3	6	0	2	9	0	0	8	0	0
P357P	3656546	3425462	2654172	2954771	4280820	4458235	2862330	6020712	3056169	2985536	3409022	3670168	1649588	1626784	1332102	1402388	1534492	1942935	1740070	1455008	1344542	1299444	1056893	1935894	1480907	1168509	2318559	1397310	820010
P357S	6625	6133	4510	5222	1672	1913	725	2740	1853	1257	923	1665	472	2911	372	371	2506	3164	461	2329	2289	1802	178	2985	1108	262	4164	2173	301
P357T	990	957	729	690	355	312	232	550	417	193	128	248	74	536	76	68	401	618	88	401	315	156	72	480	636	97	546	176	51
P357W	0	0	0	0	0	0	0	0	0	0	0	0	0	0	0	0	0	0	0	0	0	0	0	0	0	0	0	0	0
P357Y	3	8	10	5	1	0	1	3	1	0	1	0	0	4	0	0	6	5	0	3	7	5	0	4	0	1	3	0	0
P357V	21	3	4	5	0	1	0	0	0	0	0	0	0	5	0	0	0	9	0	1	1	0	0	1	0	0	2	0	0
P357X	0	0	0	0	0	0	0	0	0	0	0	0	0	0	0	0	0	0	0	0	0	0	0	0	0	0	0	0	0
P357B	0	0	0	0	0	0	0	0	0	0	0	0	0	0	0	0	0	0	0	0	0	0	0	0	0	0	0	0	0
F358A	2	0	5	1	0	0	0	0	0	0	0	0	0	1	0	0	2	0	0	2	3	0	1	3	13	0	0	0	1
F358R	0	0	2	1	0	0	0	0	0	0	0	0	2	1	0	0	0	5	0	1	1	0	1	4	0	0	1	0	0
F358N	40	34	27	34	0	6	1	8	0	0	3	8	0	14	0	0	12	18	0	2	7	3	0	22	8	1	24	0	5
F358D	0	2	1	0	0	0	0	0	0	0	0	0	0	1	0	0	0	1	0	0	0	0	0	1	0	0	2	1	0
F358C	1038	1185	829	919	151	125	57	300	175	219	74	358	42	558	35	33	452	607	31	395	396	218	16	557	255	23	758	258	29
F358E	0	0	0	0	0	0	0	0	0	0	0	0	0	0	0	0	0	0	0	0	0	0	0	0	0	0	0	0	0
F358Q	0	0	0	0	0	0	0	0	0	0	0	0	0	1	0	0	0	1	0	0	0	0	0	0	0	0	0	0	0
F358G	0	0	0	0	0	0	0	0	0	0	0	0	0	0	0	0	0	0	0	0	0	0	0	0	0	0	0	0	0
F358H	36	20	24	16	3	0	4	3	0	1	4	0	0	21	5	1	19	16	0	18	4	2	0	11	0	0	14	16	0
F358I	9391	8854	6855	7705	977	1206	601	2623	1114	1369	1041	4431	358	4304	301	274	3984	5018	353	3523	3301	2256	176	4778	2581	187	6229	3360	269
F358L	19765	19274	14199	16283	3376	3762	1739	7066	2895	3354	3425	5585	1282	9606	932	877	8193	10944	1236	7788	6916	4254	562	10276	5652	673	12946	7249	690
F358K	0	0	0	0	0	0	0	0	0	0	0	0	0	0	0	0	0	0	0	0	0	0	0	0	0	0	0	0	0
F358M	0	0	0	0	0	0	0	0	0	0	0	0	0	0	0	0	0	0	0	0	0	0	0	0	0	0	0	0	0
F358F	3619901	3389850	2628044	2924696	4276569	4452647	2859849	6008765	3051123	2980097	3403594	3657940	1647290	1609639	1330807	1401001	1518934	1921952	1737991	1440685	1331519	1289683	1056183	1916621	1471926	1167624	2294348	1380949	818839
F358P	32	45	34	29	1	4	0	9	0	1	1	12	0	18	1	2	20	19	0	15	24	4	0	26	158	0	23	29	0
F358S	16476	15942	11468	13042	2224	3051	1236	5827	3922	2565	2638	5260	1163	7417	597	769	6915	8984	1133	6305	5694	6135	375	8220	4385	431	10495	6577	506
F358T	24	25	18	17	1	7	0	10	0	0	0	0	1	16	0	2	5	15	0	15	9	2	0	18	0	0	20	19	2
F358W	0	0	0	0	0	0	0	0	0	0	0	0	0	0	0	0	0	1	0	0	0	0	0	0	0	0	0	0	0
F358Y	9500	9283	6742	8007	1823	2135	870	3232	1128	1261	981	1905	483	4273	372	357	4018	5199	427	3670	3520	2057	238	4882	2945	327	6182	4285	356
F358V	1347	1266	952	978	364	333	111	777	744	707	325	621	197	594	76	116	475	805	206	470	371	356	21	622	375	50	841	639	65
F358X	20	18	16	6	1	0	3	5	1	0	0	0	0	10	1	1	10	24	0	13	5	1	0	14	10	0	7	10	0
F358B	0	0	0	0	0	0	0	0	0	0	0	0	1	1	0	0	0	0	0	0	0	0	0	0	0	0	0	0	0
L359A	0	0	0	0	0	0	0	0	0	0	0	0	0	1	0	0	1	0	0	0	0	0	0	0	0	0	0	0	0
L359R	602	561	450	540	45	71	32	154	58	214	39	63	27	272	3	18	198	349	24	271	229	71	9	321	388	12	356	74	5
L359N	2	1	4	1	0	0	0	0	0	0	0	0	1	5	0	0	2	6	0	4	0	0	0	1	0	0	2	0	1
L359D	0	0	0	1	0	0	0	0	0	0	0	0	0	1	0	0	0	0	0	0	0	0	0	0	0	0	0	0	0
L359C	0	0	0	1	0	0	0	0	0	0	0	1	0	1	0	0	0	1	0	0	1	0	0	0	0	0	0	0	0
L359E	0	0	0	0	0	0	0	0	0	0	0	0	0	0	0	0	0	0	0	0	0	0	0	0	0	0	0	0	0
L359Q	11	14	4	0	1	0	10	1	1	0	0	0	1	8	1	0	1	4	0	3	3	1	2	7	1	0	3	1	0
L359G	0	0	0	0	0	0	0	0	0	0	0	0	0	0	0	0	0	0	0	0	0	0	0	0	0	0	0	0	0
L359H	5938	5700	4339	4794	1359	1362	515	2104	828	1433	791	2275	408	2714	270	304	2422	3187	445	2183	2076	1672	167	2999	1117	194	3877	1577	255
L359I	2277	2248	1792	2005	1400	1250	485	1374	884	743	514	639	266	1179	213	226	939	1266	398	1066	904	429	176	1292	421	240	1486	746	178
L359L	3648516	3417994	2649190	2948423	4278858	4456174	2861308	6014039	3052996	2982727	3406610	3663554	1647797	1622959	1331415	1401129	1531265	1937996	1738320	1452113	1342721	1297680	1056779	1931844	1482050	1168308	2313241	1394300	819426
L359K	0	0	0	0	0	0	0	0	0	0	0	0	0	0	0	1	0	0	0	0	0	0	0	0	0	0	0	0	0
L359M	0	0	0	0	0	0	0	0	0	0	0	0	0	0	0	0	0	0	0	0	0	0	0	0	0	0	0	0	0
L359F	8116	7699	5031	6067	2158	2437	1244	6615	3838	2494	2815	6307	1690	3778	712	1281	3272	4467	1564	2624	1694	2997	151	3333	1629	263	5260	4022	571
L359P	11832	11319	8189	9656	1535	1846	817	4200	2419	1887	1250	3201	600	5415	490	451	4809	6176	601	4531	4020	2081	273	6095	2648	273	7491	2637	306
L359S	38	27	28	32	5	5	0	9	1	8	0	0	1	17	0	0	16	17	0	20	27	3	0	22	4	1	25	1	1
L359T	8	4	2	2	0	1	0	0	0	6	0	0	0	2	1	0	0	6	0	5	5	0	0	2	0	1	5	0	0
L359W	0	0	0	0	0	0	0	0	0	0	0	0	0	0	0	0	0	0	0	0	0	0	0	0	0	0	0	0	0
L359Y	2	0	2	1	0	0	0	0	0	0	0	1	0	0	0	0	0	0	0	0	0	0	1	1	2	0	1	0	0
L359V	230	231	185	211	129	130	60	129	77	62	67	79	28	123	22	23	114	134	25	82	90	37	15	138	48	24	143	34	19
L359X	0	0	0	0	0	0	0	0	0	0	0	0	0	0	0	0	0	0	0	0	0	0	0	0	0	0	0	0	0
L359B	0	0	0	0	0	0	0	0	0	0	0	0	0	0	0	0	0	0	0	0	0	0	0	0	0	0	0	0	0
F360A	6	9	7	2	0	5	0	6	0	0	0	0	0	5	0	0	1	2	0	0	2	0	0	6	0	3	6	0	0
F360R	52	67	39	36	13	11	6	16	0	8	0	0	7	47	1	3	9	37	7	15	7	0	2	22	0	0	29	1	0
F360N	54	37	40	31	7	7	0	15	4	0	0	4	0	12	3	0	14	28	0	15	25	22	2	26	6	0	28	2	4
F360D	2	2	1	0	0	0	0	0	0	0	0	0	0	0	0	0	0	0	0	0	0	0	0	0	0	0	1	0	0
F360C	1116	1081	755	874	231	247	121	483	103	710	309	190	117	533	48	48	479	580	69	384	342	253	36	531	312	30	739	472	41
F360E	0	0	0	0	0	0	0	0	0	0	0	0	0	0	0	0	0	0	0	0	0	0	0	0	0	0	0	0	0
F360Q	0	0	0	0	0	0	0	0	0	0	0	0	0	0	0	0	0	0	0	0	0	0	0	0	0	0	0	0	0
F360G	0	0	0	0	0	0	0	0	0	0	0	0	0	0	0	0	0	0	0	0	0	0	0	0	0	0	0	0	0
F360H	29	30	20	35	3	0	2	11	0	1	1	2	3	11	0	0	13	18	0	18	11	5	0	14	4	0	27	1	0
F360I	18273	17244	12334	14118	5150	5765	2683	11060	6815	5003	5107	8669	2651	8115	1260	1863	7337	9650	2450	6432	5163	6669	514	8481	4140	743	11672	6497	1225
F360L	25781	24513	17997	20347	5156	6148	2575	10096	6911	5801	4425	7459	1741	11824	1405	1279	10411	13551	1548	9842	8809	6753	716	13040	6897	955	16436	7590	1013
F360K	0	0	0	0	0	0	0	0	0	0	0	0	0	0	0	0	0	0	0	0	0	0	0	0	0	0	0	0	0
F360M	12	7	4	5	0	3	0	1	0	0	0	35	4	1	0	0	3	4	0	3	4	2	0	0	0	0	10	0	1
F360F	3605215	3376475	2618546	2914263	4270394	4445926	2856532	5996727	3042538	2972853	3398268	3650557	1644159	1603058	1329223	1398947	1513466	1915085	1735489	1435873	1327802	1283634	1055642	1910186	1469970	1166797	2285211	1377755	817567
F360P	25	27	24	28	2	1	2	8	0	0	13	2	0	20	0	1	9	13	1	20	11	1	3	13	12	1	22	1	1
F360S	14044	14037	10120	11513	2249	2540	1509	5887	2620	2873	2274	5875	1393	6855	747	794	5926	7811	1224	5539	5075	4338	358	7195	4079	395	9421	6394	501
F360T	15	40	19	22	0	5	2	4	0	17	2	1	6	27	1	0	19	36	0	18	9	16	1	18	6	0	25	2	4
F360W	0	0	0	0	0	0	0	0	0	0	0	0	0	0	0	0	0	0	0	0	0	0	0	0	0	0	0	0	0
F360Y	11728	11048	8401	9441	2009	2275	873	3823	1915	2028	1553	2652	654	5443	397	437	4843	6152	513	4300	4044	3086	271	5845	2781	348	7443	4418	337
F360V	1166	1162	890	1002	274	339	166	476	196	256	134	666	82	510	42	58	500	628	75	435	458	192	28	657	99	44	803	253	68
F360X	52	19	17	13	2	1	0	9	0	3	0	8	2	13	0	3	7	11	1	8	7	0	0	20	2	0	16	6	0
F360B	2	0	2	4	0	3	0	3	0	21	0	0	0	1	0	0	2	3	0	0	1	0	0	1	0	0	1	0	0
V361A	16748	16082	11810	13585	4756	5769	2623	8283	4140	4132	3785	6487	1448	7155	1131	1207	6755	8566	1441	6257	5963	5289	656	8344	3943	911	10848	4686	880
V361R	1	0	1	3	0	0	0	0	0	0	0	0	0	0	0	0	1	1	0	0	1	0	0	2	0	0	0	0	0
V361N	0	0	0	0	0	0	0	0	0	0	0	0	0	0	0	0	0	0	0	0	0	0	0	0	0	0	0	0	0
V361D	9	8	11	16	0	2	6	4	0	1	5	0	0	1	3	0	7	8	0	4	4	2	0	5	5	0	8	2	11
V361C	0	0	0	0	0	0	0	0	0	0	0	0	0	0	0	0	0	0	0	0	0	0	0	0	0	0	0	0	0
V361E	15556	14064	10696	12164	2429	2645	1295	6090	2502	4195	2937	5904	1318	7008	603	822	6254	7745	1194	5685	4868	3816	283	7363	3925	347	10180	5183	569
V361Q	0	0	0	0	0	0	0	0	0	0	0	0	0	0	0	0	0	0	0	0	0	0	0	0	0	0	0	0	0
V361G	1998	1954	1378	1678	257	314	194	663	206	325	215	557	84	967	79	54	824	1041	64	845	762	968	51	1068	836	52	1364	300	60
V361H	0	0	0	0	0	0	0	0	0	0	0	0	0	0	0	0	0	0	0	0	0	0	0	0	0	0	0	0	0
V361I	11	7	11	8	4	0	0	2	0	0	0	1	1	6	0	0	7	3	2	5	4	0	1	4	1	0	5	0	0
V361L	1101	976	791	802	844	919	436	856	792	959	478	548	209	517	151	109	472	672	238	474	387	283	121	562	280	151	719	164	169
V361K	6	12	11	10	2	0	0	6	0	1	0	2	0	2	0	0	3	6	0	6	2	1	1	2	0	1	6	1	1
V361M	6756	6294	4916	5404	2152	2670	1101	3087	2117	2801	1345	2528	551	3191	453	469	2829	3495	584	2621	2367	2140	303	3396	2297	391	4174	1664	460
V361F	0	0	0	0	0	0	0	0	0	0	0	0	0	1	0	0	0	1	0	0	0	0	0	0	0	0	0	0	0
V361P	0	0	0	0	0	0	0	0	0	0	0	0	0	0	1	0	1	0	0	0	2	0	0	0	0	0	0	0	0
V361S	10	6	6	3	2	1	0	4	3	0	0	2	0	8	1	1	0	7	0	5	1	3	1	12	3	3	16	4	0
V361T	13	17	4	14	1	0	0	3	0	0	0	0	2	1	2	0	2	2	0	2	4	10	0	8	0	0	8	2	0
V361W	0	0	0	1	0	0	0	0	0	0	0	0	0	0	0	0	0	0	0	0	0	0	0	0	0	0	0	0	0
V361Y	0	0	0	0	0	0	0	0	0	0	0	0	0	0	0	0	0	0	0	0	0	0	0	0	0	0	0	0	0
V361V	3635360	3406377	2639581	2938043	4275043	4450956	2858816	6009627	3051342	2977160	3403321	3660091	1647206	1617617	1330703	1400771	1525883	1932058	1737854	1446997	1337404	1292458	1056155	1925289	1477017	1167460	2304560	1391386	818612
V361X	0	0	0	0	0	0	0	0	0	0	0	0	0	0	0	0	0	0	0	0	0	0	0	0	0	0	0	0	0
V361B	3	1	0	3	0	0	0	0	0	0	0	0	0	1	0	0	1	4	0	1	1	1	1	0	1	0	2	0	0
V362A	67200	61933	60522	63828	8386	10154	5310	24013	7967	10105	6354	13703	2802	32919	2147	1511	28968	33359	2359	21447	23632	11832	1417	37047	9514	1494	38881	10239	1526
V362R	0	0	0	0	0	0	0	0	0	0	0	0	0	0	0	0	0	0	0	0	0	0	0	0	0	0	0	0	0
V362N	11	4	6	8	1	3	0	3	0	0	0	0	0	4	0	0	1	3	0	2	1	3	1	3	3	0	3	0	0
V362D	10765	9785	7566	8700	1291	1733	672	3203	1447	2135	1488	2290	515	4813	347	285	4286	5398	424	4012	3757	2169	208	5461	3425	204	6781	4210	269
V362C	0	0	2	0	0	0	0	0	1	0	0	0	0	0	0	0	0	0	0	0	0	0	0	0	0	0	0	0	0
V362E	34	26	16	20	2	0	1	5	1	1	1	0	0	15	0	0	13	11	0	10	5	14	4	15	0	1	13	5	0
V362Q	0	0	0	0	0	0	0	0	0	0	0	0	0	0	0	0	0	0	0	0	0	0	0	0	0	0	0	0	0
V362G	838	847	657	768	113	139	47	300	1248	210	98	148	50	403	32	45	359	486	45	332	334	85	19	490	249	26	608	307	36
V362H	0	1	0	0	0	0	0	0	0	0	0	0	0	0	0	0	0	0	0	0	0	0	0	0	0	0	0	0	0
V362I	6825	6450	4643	5469	2756	3189	1527	4174	2008	3367	2683	3588	961	2944	675	630	2819	3517	883	2453	2475	3953	465	3571	2939	510	4279	1304	505
V362L	474	469	376	379	74	92	85	151	26	67	68	192	20	211	31	28	180	287	38	159	180	172	19	256	44	26	334	98	11
V362K	0	0	0	0	0	0	0	0	0	0	0	0	0	0	0	0	0	0	0	0	0	0	0	0	0	0	0	0	0
V362M	14	7	6	4	4	2	0	3	0	0	0	0	0	3	0	0	2	2	0	4	2	0	0	2	0	0	2	0	0
V362F	1766	1805	1462	1546	653	563	342	1100	298	295	389	1237	87	798	108	103	683	990	137	680	594	358	94	897	491	92	1131	750	61
V362P	2	2	3	1	0	0	0	0	0	0	1	0	0	0	0	0	1	0	0	0	2	1	0	0	0	0	0	0	0
V362S	65	59	64	24	4	1	6	12	6	1	0	5	1	37	0	0	24	51	0	23	10	15	0	41	8	3	30	8	1
V362T	55	59	38	43	20	6	0	17	3	3	2	4	2	26	1	1	20	38	0	17	12	3	0	23	0	2	28	4	4
V362W	0	0	0	0	0	0	0	0	0	0	0	0	0	0	0	0	0	0	0	0	0	0	0	0	0	0	0	0	0
V362Y	16	12	8	4	0	0	1	5	0	0	0	1	0	4	0	0	13	2	0	2	1	1	0	6	0	0	8	2	0
V362V	3589507	3364339	2593847	2890940	4272186	4447394	2856480	5995639	3048097	2973390	3401002	3654952	1646381	1594298	1329786	1400830	1505670	1909465	1737491	1433761	1320765	1286365	1055346	1898243	1471635	1166958	2279792	1386465	818349
V362X	0	0	0	0	0	0	0	0	0	0	0	0	0	0	0	0	0	0	0	0	0	0	0	0	0	0	0	0	0
V362B	0	0	0	0	0	0	0	0	0	0	0	0	0	0	0	0	0	0	0	0	0	0	0	0	0	0	0	0	0
R363A	0	3	1	0	0	0	0	0	0	0	0	0	0	0	0	0	1	0	0	0	0	0	0	0	0	0	1	0	0
R363R	3643573	3414008	2645085	2944535	4275019	4452383	2859387	6013610	3052206	2978967	3405785	3664580	1647922	1621289	1330603	1400696	1529082	1936937	1738467	1450311	1339358	1296562	1056012	1928982	1477258	1167426	2310568	1390398	818886
R363N	0	0	1	1	0	0	0	0	1	0	0	4	0	1	0	0	0	1	0	1	0	0	0	0	0	0	0	1	0
R363D	0	0	0	0	0	0	0	0	0	0	0	0	0	0	0	0	0	0	0	0	0	0	0	0	0	0	0	0	0
R363C	16	15	14	8	0	9	3	2	41	1	2	6	4	7	2	1	6	6	6	1	10	0	0	9	0	1	11	2	6
R363E	0	0	1	3	0	2	0	0	0	0	0	0	0	0	0	0	0	1	0	0	0	0	0	0	0	0	0	0	0
R363Q	11024	10264	7702	8819	3390	3851	1589	4784	2843	4027	1983	3486	781	4944	725	715	4504	5307	878	4016	3942	2793	491	5596	4629	645	6815	5679	577
R363G	1634	1549	1132	1299	305	304	186	823	576	396	389	1014	206	790	95	134	624	819	169	574	482	300	40	739	274	48	1027	832	73
R363H	35	16	24	4	8	1	3	11	3	0	3	2	1	11	0	2	11	17	0	14	11	10	0	20	12	1	9	12	3
R363I	0	0	1	0	0	0	0	1	0	0	0	0	2	0	0	0	0	0	0	1	0	0	0	0	0	0	0	0	0
R363L	8077	7683	5854	6446	3184	2815	1596	4080	2409	2879	1851	3245	975	3605	919	1103	3325	4071	996	3170	2980	2744	514	4061	2701	620	5117	2203	571
R363K	194	176	99	116	116	89	57	173	164	71	139	268	105	91	31	35	75	91	47	51	24	71	3	56	86	11	98	100	17
R363M	12	5	16	8	1	2	2	4	0	3	3	1	0	5	0	0	1	8	0	4	6	3	0	5	3	0	2	1	2
R363F	0	0	0	0	0	0	0	0	0	0	0	0	0	0	0	0	0	0	0	0	0	0	0	0	0	0	0	0	0
R363P	1216	1222	933	1087	221	234	138	395	121	359	199	376	55	555	43	47	515	595	58	514	533	341	30	651	234	31	842	157	38
R363S	3	6	6	5	1	1	2	3	2	0	0	2	0	1	1	1	1	3	0	1	0	0	0	3	0	0	0	1	0
R363T	0	0	0	0	1	0	0	0	0	0	0	0	0	0	0	2	0	0	0	0	1	0	0	0	0	0	0	0	0
R363W	11641	10724	8254	9274	3199	3555	1487	4686	2731	2864	1730	3124	766	5117	708	688	4836	5698	755	4182	4384	2111	483	5862	3100	531	7283	4000	582
R363Y	0	0	0	0	0	0	0	0	0	0	0	0	0	0	0	0	0	0	0	0	0	0	0	0	0	0	0	0	0
R363V	2	1	1	3	0	0	1	1	0	0	0	1	0	0	0	0	1	2	0	0	1	0	0	1	0	0	2	0	0
R363X	113	103	81	100	38	23	11	45	4	6	2	11	2	54	0	8	51	40	1	47	25	13	0	51	8	1	99	6	4
R363B	32	23	11	26	7	7	9	7	1	1	0	0	0	5	0	1	6	13	0	15	13	23	0	19	3	1	16	0	3
H364A	0	0	0	0	0	0	0	0	0	0	0	0	0	0	0	0	0	1	0	0	0	1	0	0	0	0	0	0	0
H364R	14841	14687	10551	11956	1984	2436	954	4131	2070	2331	1885	3747	588	6578	400	428	5924	7631	614	5515	5411	4579	326	7572	3320	331	9601	4533	406
H364N	2660	2544	1853	1986	1073	831	427	1239	565	428	385	451	275	1206	184	184	1083	1473	225	1087	917	622	144	1482	656	236	1660	800	123
H364D	1038	974	796	895	207	230	144	411	233	254	103	223	84	540	59	64	453	567	93	388	404	288	38	614	246	58	740	781	40
H364C	93	114	72	76	3	22	11	23	2	0	13	4	3	40	4	2	32	62	6	23	30	106	1	43	9	0	50	10	5
H364E	0	1	1	0	0	0	0	0	0	0	0	0	0	1	0	0	0	0	0	0	0	0	0	0	0	0	0	1	0
H364Q	842	918	652	569	378	338	228	579	482	205	421	294	152	472	88	91	367	600	111	372	289	180	67	435	211	109	516	200	33
H364G	1	5	4	6	0	1	0	1	0	0	0	0	1	4	0	3	1	4	1	4	1	1	0	3	0	0	7	0	0
H364H	3633628	3404044	2638483	2937707	4277288	4454463	2860224	6013433	3052520	2980861	3405579	3664418	1648078	1617109	1331218	1401385	1525550	1931347	1738788	1446780	1336156	1293489	1056336	1923698	1475708	1167813	2304108	1385613	819307
H364I	3	3	4	4	1	0	0	1	0	0	0	0	0	5	0	0	3	2	0	1	3	1	0	4	5	0	2	0	0
H364L	10776	9705	7131	8021	1378	1505	595	2946	2234	1990	922	1836	361	4564	352	316	4261	5188	470	3865	3828	2232	197	5326	3195	207	6500	3604	270
H364K	8	7	0	0	1	1	2	4	8	1	0	1	7	5	1	1	0	4	1	3	1	1	0	2	3	3	8	4	0
H364M	0	0	0	0	0	0	0	0	0	0	0	0	0	0	0	0	0	0	0	0	0	0	0	0	0	0	0	0	0
H364F	21	7	11	13	20	0	0	2	0	0	21	1	0	7	0	0	6	11	1	7	5	1	0	4	1	0	12	0	0
H364P	1496	1383	923	1053	155	224	88	509	51	338	238	611	129	755	50	58	602	871	165	516	418	297	27	701	175	37	903	587	25
H364S	10	11	16	5	2	0	4	5	0	0	0	3	0	12	1	2	6	7	0	8	6	7	0	15	6	1	10	6	0
H364T	3	3	0	0	0	0	0	1	0	0	0	0	0	0	0	0	0	2	0	1	0	0	0	1	0	0	0	0	0
H364W	0	0	0	0	0	0	0	0	0	0	0	0	0	0	0	0	0	0	0	0	0	0	0	0	0	0	0	0	0
H364Y	12151	11385	8715	9443	2999	3224	1792	5340	2935	3166	2518	4531	1141	5176	770	899	4751	5839	902	4331	4298	3166	437	6153	4773	521	7768	7252	553
H364V	0	0	0	0	0	0	0	0	0	0	0	0	0	0	0	0	0	0	0	0	0	0	0	0	0	0	1	0	0
H364X	1	7	3	0	1	1	1	0	2	0	1	0	0	1	0	0	0	0	0	1	2	0	0	2	0	0	4	1	0
H364B	0	0	1	0	0	0	1	0	0	0	0	0	0	0	0	0	0	0	0	0	1	0	0	0	0	0	0	0	0
N365A	1	0	0	0	0	0	0	0	0	0	0	0	0	0	0	0	0	0	0	0	0	0	0	0	0	0	0	0	0
N365R	28	12	21	18	0	0	5	7	3	0	1	1	0	11	0	1	6	18	0	9	5	7	0	7	6	0	19	13	0
N365N	3629858	3400726	2636235	2934804	4277160	4454042	2860296	6010717	3053335	2977726	3404615	3660533	1647385	1614992	1331065	1401136	1523993	1928788	1738194	1445301	1335299	1292240	1056387	1921876	1475384	1167868	2301200	1385964	819108
N365D	11402	10906	8200	9468	2157	2344	1160	5236	1744	2836	2653	5223	1007	5178	591	695	4589	5950	998	4230	4231	3176	308	5910	3137	388	7487	4672	497
N365C	11	14	17	21	5	2	0	6	0	0	0	3	0	8	0	0	6	13	0	9	6	0	0	14	0	0	10	2	0
N365E	7	2	4	5	11	0	2	1	0	0	0	0	1	0	2	0	3	2	0	0	4	0	0	2	1	0	3	0	2
N365Q	0	0	0	0	0	0	0	0	0	0	0	0	0	0	0	0	0	0	0	0	0	0	0	0	0	0	0	0	0
N365G	40	59	31	46	2	7	5	17	0	0	2	3	1	29	3	4	17	16	0	14	20	4	2	27	7	1	37	21	0
N365H	1542	1450	1006	1104	254	329	106	450	267	317	34	512	100	687	74	56	618	823	62	534	497	194	26	724	159	48	928	132	52
N365I	6904	6247	4687	5445	1235	1210	404	2210	1315	1788	836	1902	432	3024	218	231	2716	3456	352	2551	2630	1185	188	3388	2429	168	4291	2103	173
N365L	0	0	0	0	0	0	0	0	0	0	0	0	0	0	0	0	0	0	0	0	0	0	0	0	0	0	1	0	0
N365K	2735	2607	2035	2165	618	586	368	1097	542	589	445	572	194	1239	108	108	1241	1433	173	1051	1026	625	123	1398	952	171	1707	546	79
N365M	3	2	2	3	0	0	0	1	0	1	0	0	0	3	0	0	0	1	0	0	2	0	0	1	0	0	0	0	0
N365F	14	14	7	10	0	0	0	6	0	0	1	0	1	0	0	0	0	0	0	1	2	5	0	5	4	0	2	0	2
N365P	0	0	1	1	0	0	0	0	0	0	0	0	0	0	0	0	0	0	0	0	0	0	0	0	0	0	0	0	0
N365S	16020	15248	10711	11561	2799	3145	1506	6074	2999	4367	2668	4965	1182	7188	744	884	6156	8363	1152	5802	4955	4116	378	8139	3840	472	10530	5897	603
N365T	768	784	618	707	131	152	85	315	90	245	146	115	35	407	24	20	335	463	21	334	335	160	24	454	256	23	533	182	25
N365W	0	0	0	0	0	0	0	0	0	0	0	0	0	0	0	0	0	0	0	0	0	0	0	0	0	0	0	0	0
N365Y	8219	7719	5636	6362	1113	1459	534	2488	807	1687	685	2291	481	3706	297	298	3357	4275	425	3063	2750	3259	137	4100	2131	176	5133	3860	221
N365V	12	3	1	13	2	0	0	0	0	0	0	0	0	1	1	0	1	5	0	3	3	0	0	6	0	1	3	0	0
N365X	5	4	4	1	3	0	0	0	0	18	0	0	0	2	0	0	0	3	0	0	3	0	0	3	2	0	4	0	0
N365B	3	1	0	0	0	0	0	0	0	0	0	0	0	0	0	0	1	0	0	0	2	0	0	1	0	0	2	0	0
P366A	1165	1110	890	1046	280	395	129	508	343	293	151	272	80	587	53	71	524	626	67	402	383	112	73	620	263	60	690	434	56
P366R	428	411	316	343	133	115	70	203	74	35	74	54	48	204	25	51	154	200	30	187	179	145	25	249	102	31	287	99	17
P366N	18	27	16	5	2	1	10	12	11	0	0	6	3	10	12	4	20	17	27	15	4	20	3	20	10	8	11	12	6
P366D	2	10	3	0	0	0	1	0	3	0	0	0	1	1	0	0	2	4	1	1	0	0	0	1	2	0	3	1	0
P366C	0	0	0	0	0	0	0	0	0	0	0	0	0	1	0	0	0	0	0	0	0	0	0	1	0	0	0	0	0
P366E	0	0	0	0	0	0	0	0	0	0	0	0	0	0	0	0	0	0	0	0	0	0	0	0	0	0	0	0	0
P366Q	9	11	20	7	0	1	3	5	2	0	0	0	0	7	0	3	10	5	4	11	3	2	0	20	8	2	10	5	1
P366G	0	0	0	0	0	0	0	0	0	0	0	0	0	0	0	0	0	0	0	0	0	0	0	0	0	0	0	0	0
P366H	5157	5073	4071	4473	2045	1868	1269	3295	1084	1266	1587	2403	952	2486	424	621	2255	2874	742	2372	1851	1249	205	2514	1052	320	3077	1384	276
P366I	13	10	4	4	2	4	1	5	0	1	0	0	0	9	0	0	6	13	3	6	6	5	2	3	6	1	9	0	0
P366L	8467	8064	5738	6742	1930	2226	871	3207	1514	1509	1451	1995	634	3580	460	411	3475	4194	516	2975	2775	1532	232	4222	2596	308	5218	2385	385
P366K	0	0	0	0	0	0	0	0	0	0	0	0	0	0	0	0	0	0	0	0	0	0	0	0	0	0	0	0	0
P366M	0	0	0	0	0	0	0	0	0	0	0	0	0	0	0	0	0	0	0	0	0	0	0	0	0	0	0	0	0
P366F	14	4	4	4	4	1	0	6	0	0	1	0	0	8	4	0	3	2	1	5	5	2	1	5	0	0	5	0	0
P366P	3645895	3415577	2646738	2946171	4260881	4443881	2851873	6007880	3045450	2971353	3385018	3654327	1638047	1622234	1327317	1399362	1530139	1937581	1726210	1450939	1341072	1297394	1056310	1930448	1478406	1166709	2312082	1391065	815675
P366S	7613	7021	5189	5912	2282	2235	887	3097	1783	1826	1276	2356	627	3244	428	490	2992	3769	674	2634	2497	1490	231	3698	2119	409	4843	1711	417
P366T	8774	8465	6205	7022	17931	12548	9357	10402	10836	13291	22528	14706	10426	4102	4404	2419	3452	4318	13101	3344	2988	3017	491	4245	3740	1466	5653	6294	3929
P366W	0	0	0	0	0	0	0	0	0	0	0	0	0	0	0	0	0	0	0	0	0	0	0	0	0	0	0	0	0
P366Y	17	14	17	5	0	1	0	3	2	0	0	1	1	2	0	1	6	5	1	11	5	3	0	8	4	2	1	2	0
P366V	0	1	5	0	0	0	0	2	0	0	0	0	0	0	0	0	1	1	0	0	2	0	0	0	0	0	1	0	0
P366X	0	0	0	0	0	0	0	0	0	0	0	0	0	0	0	0	0	0	0	0	0	0	0	1	0	0	0	0	0
P366B	0	0	0	0	0	0	0	0	0	0	0	0	0	0	0	0	0	0	0	0	0	0	0	0	0	0	0	0	0
T367A	15687	14812	10971	12120	2094	2659	1232	4751	3621	3865	2111	3352	888	6939	558	562	6342	8068	905	5929	5606	4195	330	7790	4023	357	9762	5169	463
T367R	965	883	710	745	152	154	74	388	77	243	64	198	77	461	64	43	407	524	62	346	317	145	23	447	165	24	535	146	27
T367N	13	5	14	7	8	0	0	0	0	18	1	1	0	4	0	0	4	7	2	5	5	4	0	5	4	0	3	6	0
T367D	0	0	0	0	0	0	0	0	0	0	0	0	0	0	0	0	0	0	0	0	0	0	0	0	0	0	0	0	0
T367C	0	0	0	0	0	0	0	0	0	0	0	0	0	0	0	0	0	0	0	0	0	0	0	0	0	0	0	0	0
T367E	18	8	11	0	0	2	1	1	1	0	0	1	0	5	0	0	5	8	0	7	4	5	0	8	2	1	5	1	0
T367Q	1	0	0	0	0	0	0	0	0	0	0	0	0	0	0	0	0	0	0	0	0	0	0	0	0	0	0	0	0
T367G	1	4	0	0	0	0	0	0	0	0	0	0	0	1	0	0	1	0	0	0	1	0	0	1	0	0	1	0	0
T367H	0	0	0	0	0	0	0	0	0	0	0	0	0	0	0	0	0	0	0	0	0	0	0	0	0	0	0	0	0
T367I	7554	6905	5171	5752	1409	1422	850	2382	1162	1845	1048	1910	486	3276	287	293	2838	3635	464	2656	2465	2387	168	3535	2790	177	4544	2295	308
T367L	8	21	7	20	1	0	0	3	1	1	1	33	1	4	0	0	4	6	0	4	4	1	0	8	0	0	11	1	0
T367K	1120	1177	879	785	401	333	581	600	495	126	219	339	147	612	110	107	474	690	131	505	373	271	60	577	231	149	766	263	36
T367M	22	18	24	18	4	3	1	6	0	0	0	0	1	13	0	0	7	12	0	10	13	2	0	16	0	0	12	0	0
T367F	0	0	0	0	0	0	0	0	0	0	0	0	0	0	0	0	0	0	0	0	0	0	0	0	0	0	0	0	0
T367P	2606	2588	1950	2335	332	392	145	802	281	340	203	557	89	1268	73	82	1224	1534	114	1128	958	566	47	1438	438	71	1687	846	65
T367S	15874	14768	11363	12513	7079	6843	3962	9060	7822	7734	7572	6418	2110	7135	1855	1858	6528	8184	2311	6102	5642	4346	937	8069	5031	1337	9907	5475	1246
T367T	3633663	3404582	2638083	2937395	4274002	4451466	2857617	6010611	3047639	2975400	3400858	3663311	1647020	1616732	1330180	1400487	1525187	1930908	1737385	1446186	1336372	1293049	1056007	1924146	1475612	1167199	2304634	1389189	818617
T367W	0	0	0	0	0	0	0	0	0	0	0	0	0	0	0	0	0	0	0	0	0	0	0	0	0	0	0	0	0
T367Y	0	0	0	0	0	0	0	0	0	0	0	0	0	0	0	0	0	0	0	0	0	0	0	0	0	0	0	0	0
T367V	13	14	18	28	3	1	7	12	0	2	0	0	0	15	0	0	11	17	0	16	7	0	0	7	5	1	15	1	0
T367X	27	13	15	16	5	1	1	9	3	0	9	0	0	10	0	1	7	16	3	8	3	0	1	8	7	0	8	0	0
T367B	0	0	0	0	0	0	0	0	0	0	0	0	0	0	0	0	0	0	0	0	0	0	0	0	0	0	0	0	0
G368A	149	187	147	150	130	176	83	119	54	55	34	190	38	106	18	15	55	80	43	69	52	27	17	65	106	26	119	56	17
G368R	5010	4865	3697	4169	2913	2839	1354	3133	4292	3422	2197	2326	1911	2376	693	787	2159	2701	2252	2030	1761	1330	220	2732	2939	329	3227	2898	546
G368N	0	0	0	0	0	0	0	0	0	0	0	0	0	0	0	0	0	0	0	0	0	0	0	0	0	0	0	0	0
G368D	6	7	2	4	5	0	0	3	0	1	0	0	1	0	0	1	0	3	0	4	1	0	0	0	3	1	3	0	0
G368C	7	3	10	3	5	3	1	2	0	0	1	0	0	4	0	0	2	6	0	5	3	0	0	4	1	0	4	0	0
G368E	5097	4908	3422	3803	1999	2352	804	2262	1424	1587	992	1544	496	2243	316	294	1999	2541	542	1633	1630	1267	217	2480	1199	279	3290	1430	401
G368Q	0	0	2	0	0	0	0	0	2	0	0	0	0	0	0	0	0	2	0	1	0	0	0	0	0	0	0	0	1
G368G	3658317	3427098	2655088	2955705	4278508	4455866	2861319	6019633	3053605	2983050	3407524	3669947	1647993	1627700	1331729	1401966	1535035	1943472	1738076	1455484	1344870	1300557	1056841	1936233	1482312	1168353	2319659	1396881	819508
G368H	0	0	0	0	0	0	0	0	0	0	0	0	0	0	0	0	0	0	0	0	0	0	0	0	0	0	0	0	0
G368I	11	4	4	2	3	0	1	8	5	0	1	1	0	4	0	2	3	8	5	1	1	0	0	5	6	1	5	4	0
G368L	15	10	16	0	0	0	1	4	0	0	1	0	0	11	0	0	13	17	0	11	9	2	0	16	8	3	12	5	0
G368K	28	14	17	22	15	28	4	16	9	4	13	14	1	12	2	2	6	7	3	7	4	1	0	11	0	2	12	0	3
G368M	0	0	0	0	0	0	0	0	0	0	0	0	0	0	0	0	0	0	0	0	0	0	0	0	0	0	0	0	0
G368F	0	0	0	0	0	0	0	0	0	0	0	0	0	0	0	0	1	0	0	0	0	0	0	0	0	0	0	0	0
G368P	2	0	0	1	0	0	0	0	0	0	0	0	0	1	0	0	0	0	0	0	0	0	0	1	0	0	2	0	0
G368S	11	7	8	2	0	0	0	2	0	1	0	0	0	10	0	1	2	11	1	3	2	1	0	7	0	0	9	0	0
G368T	0	0	0	0	0	0	0	1	0	0	0	1	0	0	0	0	0	0	0	0	0	0	0	0	0	0	0	0	0
G368W	33	25	13	21	1	3	3	8	0	0	1	1	0	7	0	0	11	15	2	7	6	3	1	14	17	0	21	2	1
G368Y	0	0	0	0	0	0	0	0	0	0	0	0	0	0	0	0	0	0	0	0	0	0	0	0	0	0	0	0	0
G368V	2098	1995	1585	1773	611	609	360	1060	813	295	311	592	127	860	112	128	854	1061	168	856	724	370	83	977	617	130	1208	641	69
G368X	6788	6675	5205	6079	1300	1400	541	2374	898	1159	1011	1504	252	3141	257	237	2899	3685	285	2791	2707	1413	194	3510	1100	192	4319	1475	216
G368B	0	0	0	0	0	0	0	0	0	0	0	0	0	0	0	0	0	0	0	0	0	0	0	0	0	0	0	0	0
T369A	19251	17909	13345	14377	10094	10542	5572	16738	8967	11536	11067	18052	4325	8825	2821	2849	7769	10150	4618	7103	6124	7119	1153	9503	4801	1697	12431	9103	1997
T369R	522	453	361	373	96	91	83	174	117	82	122	107	14	267	13	14	192	294	23	175	161	619	9	247	369	18	289	466	21
T369N	3	4	1	0	1	0	0	2	3	0	0	1	0	3	0	0	1	1	0	3	0	2	0	3	1	0	2	1	0
T369D	0	0	0	0	0	0	0	0	0	0	0	0	0	0	0	0	0	0	0	0	0	0	0	0	0	0	0	0	0
T369C	0	0	0	0	0	0	0	0	0	0	0	0	0	0	0	0	0	0	0	0	0	0	0	0	0	0	0	0	0
T369E	22	10	11	2	3	3	3	5	9	0	0	2	1	8	1	3	8	12	4	12	1	15	1	23	16	2	8	8	0
T369Q	0	0	0	0	0	0	0	2	0	0	0	0	0	0	0	0	0	0	0	0	0	0	0	0	0	0	0	0	0
T369G	3	1	2	0	0	0	0	0	0	1	0	1	1	1	0	0	0	0	0	1	0	0	0	1	0	0	0	0	0
T369H	0	0	0	0	0	0	0	0	0	0	0	0	0	0	0	0	0	0	0	0	0	0	0	0	0	0	0	0	0
T369I	6223	5459	4010	4581	2040	2212	937	2911	1733	1569	1186	1779	559	2450	453	434	2324	2957	487	2199	2043	1158	290	2981	2419	368	3685	1654	355
T369L	14	4	5	10	0	1	3	3	0	0	1	1	0	2	1	0	5	6	0	5	3	0	0	5	0	0	4	1	0
T369K	645	894	563	327	422	312	340	850	766	87	187	564	169	545	92	96	281	749	142	370	248	305	96	340	346	204	402	228	46
T369M	12	6	10	10	1	3	0	6	0	7	0	2	1	0	0	1	2	3	1	5	7	0	1	7	4	1	8	8	1
T369F	0	0	0	0	0	0	0	0	0	0	0	0	0	0	0	0	0	0	0	0	0	0	0	0	0	0	0	0	0
T369P	852	800	583	721	90	75	52	212	51	143	127	140	28	415	21	23	343	480	31	342	394	324	20	456	97	13	548	225	11
T369S	6774	6367	4698	5474	2010	2354	931	3059	1551	1713	1538	2209	647	3149	492	447	2810	3520	592	2575	2731	1285	268	3443	1679	417	4383	2309	521
T369T	3643199	3413851	2645598	2945827	4270728	4447680	2856549	6004647	3047902	2974436	3397857	3653244	1645071	1620791	1329225	1399563	1529285	1935425	1735479	1450092	1340046	1294141	1055735	1929023	1478573	1166591	2310104	1389387	817807
T369W	0	0	0	0	0	0	0	0	0	0	0	0	0	0	0	0	0	0	0	0	0	0	0	0	0	0	0	0	0
T369Y	0	0	0	0	0	0	0	0	0	0	0	0	0	0	0	0	0	0	0	0	0	0	0	0	0	0	0	0	0
T369V	49	40	27	32	5	3	1	16	2	0	1	18	3	18	8	3	16	12	0	19	11	2	0	22	1	5	25	2	3
T369X	3	0	2	0	0	0	0	0	1	0	0	0	0	1	0	0	1	0	0	1	1	1	0	1	2	0	1	0	0
T369B	0	0	0	0	0	0	0	0	0	0	0	0	0	0	0	0	2	0	0	0	0	0	0	0	0	0	0	0	0
V370A	11625	11029	8315	9727	2601	2814	1351	4733	2123	2456	2083	2956	788	5363	640	610	4796	6245	746	4301	4213	2875	402	6253	3109	499	7500	3034	488
V370R	0	0	0	0	0	0	0	0	0	0	0	0	0	0	0	0	0	0	0	0	0	0	0	0	0	0	0	0	0
V370N	244	262	150	137	82	123	96	266	65	67	101	286	104	92	23	51	93	118	47	69	30	96	1	96	4	2	145	132	20
V370D	7237	6543	4975	5946	1352	1425	644	2639	1581	1869	936	1617	375	3317	291	275	2918	3774	425	2767	2574	2929	192	3644	1775	211	4610	2350	302
V370C	0	1	1	0	0	0	0	0	0	0	0	0	0	0	0	0	0	0	0	0	0	0	0	0	0	0	0	0	0
V370E	9	6	5	0	0	0	0	3	3	0	0	0	1	4	1	0	1	6	0	5	1	4	1	6	7	0	4	1	0
V370Q	0	0	0	0	0	0	0	0	0	0	0	0	0	0	0	0	0	0	0	0	0	0	0	0	0	0	0	0	0
V370G	1090	1031	690	729	177	162	127	496	225	267	296	604	138	403	53	73	426	560	121	358	249	196	18	420	263	27	637	458	34
V370H	0	0	1	0	0	0	0	3	0	0	0	0	0	0	0	0	0	0	0	1	0	0	0	0	0	0	0	0	0
V370I	6924	6088	4349	4779	4024	4283	1904	4516	6210	4086	3067	3915	1614	2936	897	880	2611	3346	1504	2316	2130	3590	473	3071	950	581	4120	2760	720
V370L	491	473	412	390	636	553	217	565	557	279	354	234	272	213	107	119	196	247	239	208	219	60	64	261	108	75	358	130	149
V370K	0	0	0	0	0	0	0	0	0	0	0	0	0	0	0	0	0	0	0	0	0	0	0	0	0	0	1	1	0
V370M	0	0	0	0	0	0	0	0	0	0	0	2	0	0	0	0	0	0	0	0	0	0	0	0	0	0	0	0	0
V370F	1861	1888	1437	1499	672	708	376	1061	498	415	315	939	141	964	125	145	714	1151	174	738	554	489	123	973	376	156	1178	236	126
V370P	1	0	3	0	0	0	0	0	0	0	0	0	0	0	0	0	0	1	0	0	0	1	0	1	0	0	0	0	0
V370S	14	10	12	3	1	0	2	1	0	0	0	3	0	5	0	0	3	9	0	7	4	3	0	13	4	1	5	2	1
V370T	19	6	10	11	10	9	1	5	0	0	0	0	4	12	3	3	5	9	1	6	6	1	0	8	0	0	14	8	9
V370W	0	0	0	0	0	0	0	0	0	0	0	0	0	0	0	0	0	0	0	0	0	0	0	0	0	0	0	0	0
V370Y	1	1	0	1	0	0	0	0	0	0	0	0	0	2	0	0	1	0	0	3	0	0	0	3	0	0	3	1	0
V370V	3648056	3418460	2648856	2948512	4275935	4453199	2859753	6014337	3049840	2980135	3404934	3665564	1647382	1623164	1330987	1401277	1531275	1938143	1738120	1452123	1341790	1294727	1056299	1931306	1481712	1167764	2313315	1394279	818913
V370X	0	0	0	0	0	0	0	0	0	0	0	0	0	0	0	0	0	0	0	0	0	0	0	0	0	0	0	0	0
V370B	0	0	0	0	0	0	0	0	0	0	0	0	0	0	0	0	0	0	0	0	0	0	0	0	0	0	0	0	0
L371A	1	1	1	0	0	0	0	1	1	0	0	0	0	4	0	0	0	1	0	1	0	0	0	0	0	0	0	0	0
L371R	1275	1222	946	1051	153	164	88	393	39	270	140	631	72	639	42	46	509	716	52	450	545	317	25	631	264	30	768	215	27
L371N	2	7	4	0	0	6	0	1	2	0	0	0	0	2	0	1	1	4	0	4	1	4	0	5	0	0	3	1	1
L371D	1	0	1	0	0	0	0	1	0	0	0	0	0	0	0	0	0	0	0	0	0	0	0	1	0	0	0	0	0
L371C	2	8	0	1	0	0	0	1	0	0	1	0	0	0	0	0	0	0	0	2	0	0	0	0	0	0	0	0	0
L371E	0	0	0	0	0	0	0	0	0	0	0	0	0	0	0	0	0	0	0	0	0	0	0	0	0	0	0	0	0
L371Q	14	2	3	8	0	0	0	0	0	0	0	0	1	4	0	0	2	3	1	2	2	0	0	2	0	1	1	0	0
L371G	0	1	0	0	0	0	0	0	0	0	0	0	0	0	0	0	0	1	0	0	0	1	0	0	0	0	0	0	0
L371H	6215	6070	4534	5071	850	1038	337	1791	733	1551	1005	1771	288	2804	183	210	2538	3182	323	2362	2321	1041	112	3213	1221	160	4075	1694	165
L371I	3323	4379	2606	1832	1242	1028	1468	2816	4144	586	561	731	1637	2734	504	439	1563	2798	429	1546	1165	1203	473	1492	1015	899	2539	1085	344
L371L	3648994	3416812	2648337	2949776	4279777	4457197	2860352	6015168	3052608	2982984	3399537	3661966	1646888	1621767	1331218	1401465	1530944	1937252	1738695	1451676	1341601	1297274	1056481	1931625	1476433	1167493	2313258	1383054	819474
L371K	0	0	0	0	0	0	0	0	0	0	0	0	0	0	0	0	0	0	0	0	0	0	0	0	0	0	0	0	0
L371M	11	6	0	1	0	9	1	2	1	0	0	0	0	1	0	0	2	7	1	1	1	0	0	4	0	0	6	1	0
L371F	3890	3681	2766	2984	796	811	392	1533	921	937	481	1525	199	1795	170	191	1599	1937	235	1450	1270	928	92	1985	966	186	2268	1977	143
L371P	13621	13339	9755	10834	2481	2834	1594	6648	2369	3220	9997	8948	1543	6197	880	833	5689	7405	1458	5218	4762	3946	315	6949	8339	433	8808	15282	563
L371S	7	7	5	3	2	0	0	2	0	0	0	0	0	4	0	0	0	2	1	3	1	0	0	10	1	0	2	0	0
L371T	17	24	11	15	0	6	1	2	9	1	8	0	3	8	1	0	7	11	0	8	5	14	0	12	4	0	19	5	0
L371W	0	0	0	0	0	0	0	0	0	0	0	0	0	0	0	0	0	0	0	0	0	0	0	0	0	0	0	0	0
L371Y	0	0	0	3	0	0	0	2	0	0	0	1	0	1	0	0	1	2	0	1	0	7	0	3	0	0	2	0	0
L371V	199	239	247	155	189	183	238	264	275	25	356	547	188	515	129	248	184	288	182	178	96	236	75	123	65	114	141	78	45
L371X	0	0	0	0	0	0	0	0	0	0	0	0	0	0	0	0	0	0	0	0	0	0	0	0	0	0	0	0	0
L371B	0	0	0	0	0	0	0	0	0	0	0	0	0	0	0	0	0	0	0	0	0	0	0	0	0	0	0	0	0
F372A	4	1	1	1	0	2	0	2	0	0	0	0	1	0	0	0	3	1	0	0	1	1	0	1	0	0	4	1	0
F372R	5	2	5	6	2	0	0	0	0	0	0	0	0	4	0	0	2	6	0	0	0	0	0	0	0	0	5	0	0
F372N	4	5	8	9	0	3	0	4	0	0	0	0	0	2	0	0	4	1	0	4	4	2	0	6	0	0	3	0	0
F372D	3	3	2	7	1	0	0	0	0	0	10	0	0	5	0	0	0	0	0	1	1	1	0	1	6	0	7	0	0
F372C	789	775	547	580	317	345	123	331	179	361	209	125	57	369	24	40	337	400	48	295	317	143	23	425	225	38	473	453	54
F372E	0	0	0	0	0	0	0	0	0	0	0	0	0	0	0	0	0	0	0	0	0	0	0	0	0	0	0	0	0
F372Q	0	0	0	0	0	0	0	0	0	0	0	0	0	0	0	0	0	0	0	0	0	0	0	0	0	0	0	0	0
F372G	0	0	0	0	0	0	0	0	0	0	0	0	0	0	0	0	0	0	0	0	0	0	0	0	0	0	0	0	0
F372H	23	14	16	16	5	0	1	13	0	0	1	0	0	6	0	1	9	10	0	13	17	2	0	10	0	1	16	2	0
F372I	16214	15674	12741	15239	7359	9129	3308	11600	5289	7466	5217	6179	1919	7515	1420	1478	6005	8792	2022	5780	4749	3529	775	8116	4586	1114	10366	3127	1455
F372L	20416	19700	12960	16555	12791	13344	5813	15705	15976	14614	9858	12356	4001	8558	2835	2893	8268	11090	3916	7536	6998	11099	1533	10140	5441	2150	12830	7995	2486
F372K	0	0	0	0	0	0	0	0	0	0	0	0	0	0	0	0	0	0	0	0	0	0	0	0	0	0	0	0	0
F372M	0	0	0	0	0	0	0	0	1	0	0	0	0	0	0	0	0	0	0	0	0	0	0	0	0	0	0	0	0
F372F	3610155	3381150	2622181	2915181	4259248	4433664	2852205	5988727	3031256	2958935	3391329	3646405	1642243	1606458	1327247	1397167	1516228	1917216	1732931	1438155	1329896	1282625	1054482	1912854	1470256	1165017	2289543	1378942	815659
F372P	49	63	36	42	7	9	6	7	3	5	5	1	1	26	2	2	28	28	0	23	30	2	0	35	5	1	38	23	1
F372S	15847	14947	10972	12526	3179	3506	1600	6549	3723	4443	3226	6293	1310	7106	848	1061	6327	8452	1281	5864	5092	3367	412	7724	4296	529	9734	5688	588
F372T	49	41	17	26	33	3	1	26	0	1	1	8	0	21	4	0	16	18	0	17	8	1	0	16	1	0	17	34	0
F372W	0	1	0	0	0	0	0	0	0	0	0	0	0	0	0	1	0	0	0	0	0	0	0	0	0	0	0	0	0
F372Y	12641	12122	8786	10439	2050	2891	1160	4905	3989	3443	1664	4065	1086	5804	603	659	5217	6850	1036	4688	4248	3913	282	6072	2982	391	8045	5413	453
F372V	1356	1283	923	1105	498	380	254	751	680	306	566	688	201	591	144	131	590	729	141	514	406	278	65	645	504	75	798	1711	66
F372X	17	15	20	1	0	0	0	5	3	0	0	0	0	10	0	0	5	14	2	12	3	8	1	10	6	0	11	3	0
F372B	0	2	1	1	0	0	0	0	3	0	0	0	0	0	0	0	0	2	0	0	0	0	0	0	0	0	0	0	0
M373A	43	54	36	52	9	16	15	25	115	3	4	30	5	28	2	8	22	25	1	16	18	6	2	24	2	4	33	2	4
M373R	1115	1070	819	879	139	134	43	308	23	158	130	170	41	539	29	23	455	559	67	458	481	421	23	580	148	27	676	211	28
M373N	10	24	12	13	3	1	3	2	0	2	1	1	3	9	0	0	10	13	0	9	8	8	1	14	9	1	8	1	0
M373D	0	0	0	0	0	0	0	0	0	0	0	0	0	0	0	0	0	0	0	0	0	0	0	0	0	0	0	0	0
M373C	0	0	0	0	0	0	0	0	0	0	0	0	0	0	0	0	0	0	0	0	0	0	0	0	0	0	0	0	0
M373E	56	47	40	55	2	2	2	10	1	0	2	7	0	28	0	0	18	27	1	20	14	6	1	17	12	1	42	23	5
M373Q	3	10	8	1	9	0	0	0	0	0	2	0	1	4	0	1	2	3	0	3	1	0	0	1	0	0	7	1	0
M373G	15	16	10	21	0	1	0	5	0	0	0	1	0	5	4	1	7	13	2	3	3	4	0	5	9	0	5	11	0
M373H	0	0	0	0	0	0	0	0	0	0	0	0	0	0	0	0	0	0	0	0	0	0	0	0	0	0	0	0	0
M373I	7838	7440	6131	6670	8648	8046	3667	8036	6749	5409	3827	5698	2105	3600	1142	1144	3178	4030	2010	3437	2978	2118	735	4144	3252	1049	4634	2046	1382
M373L	10239	9519	7094	8087	5571	5970	2455	6461	7032	7819	4448	5759	2161	4807	1286	1378	4138	5292	2601	3826	3540	4190	654	5118	3797	969	6590	2896	1167
M373K	14202	13265	9827	11046	2358	2870	1328	6295	3427	4339	4480	6645	1378	6508	757	919	5896	7682	1289	5207	4179	5282	258	6955	3736	319	8931	7149	672
M373M	3613461	3384738	2623977	2921050	4252568	4428401	2848276	5986140	3031701	2958869	3383043	3643163	1638181	1606907	1324738	1394065	1517007	1919729	1728531	1438656	1330218	1283494	1053459	1914326	1469473	1163962	2291202	1375985	814269
M373F	1	4	3	5	3	1	0	1	1	0	1	2	0	1	0	0	2	2	1	1	1	0	1	0	0	2	1	0	0
M373P	0	1	0	2	0	0	0	2	0	0	0	0	0	0	0	0	1	5	0	0	1	0	0	0	6	0	1	0	0
M373S	16	23	23	39	6	4	1	21	1	1	0	3	3	11	1	0	18	26	1	10	9	3	0	21	1	0	20	4	0
M373T	14223	14025	10091	11146	5805	6047	3996	8762	3324	5239	11590	6257	2619	6348	2822	3543	5878	7594	2908	5475	4928	4394	1395	7072	3194	1399	9182	9012	1224
M373W	39	23	29	29	5	10	2	13	0	0	2	4	2	35	1	1	13	21	1	24	5	1	2	13	0	0	22	0	0
M373Y	0	0	0	0	0	0	0	0	0	0	0	0	0	0	0	0	0	0	0	0	0	0	0	0	0	0	0	0	0
M373V	16282	15524	11097	12605	10358	11771	4681	12535	8728	7727	4520	8374	4320	7630	2341	2350	6375	8562	3964	5744	5374	5042	1042	7755	4652	1583	10513	5747	2011
M373X	0	0	0	0	0	0	0	0	0	0	0	0	0	0	0	0	0	0	0	0	0	0	0	0	0	0	0	0	0
M373B	29	15	19	34	6	2	2	9	0	8	36	6	0	15	4	0	19	26	0	13	12	2	0	10	17	0	23	304	0
G374A	627	605	421	510	169	173	93	311	93	396	118	201	51	291	34	32	293	318	49	224	174	162	22	332	94	22	397	270	42
G374R	635	692	465	611	119	140	67	253	139	135	48	104	66	310	23	39	242	371	44	258	231	93	31	341	100	24	460	98	17
G374N	6	13	11	12	13	17	0	8	3	4	6	7	3	7	0	1	5	2	0	4	10	0	1	4	0	0	12	13	0
G374D	11964	10862	8308	9676	3888	4275	2512	6547	2806	2940	3651	4770	1062	5034	940	906	4652	5649	1081	4196	4342	3778	696	5807	4448	625	7333	6529	653
G374C	6539	6178	4687	5264	1409	1451	667	2294	1074	1236	1591	1481	355	3009	262	315	2632	3347	369	2531	2251	2425	218	3199	1658	250	3959	2261	221
G374E	7	7	9	2	0	1	0	2	2	0	1	0	0	5	0	0	3	6	0	3	1	2	0	6	2	0	4	3	0
G374Q	0	0	0	0	0	0	0	0	0	0	0	0	0	0	0	0	0	0	0	0	0	0	0	0	0	0	0	0	0
G374G	3645722	3416297	2647040	2946110	4277113	4454284	2859845	6014492	3053551	2981247	3404660	3665051	1648404	1622398	1331280	1401586	1530323	1937698	1738975	1451331	1340668	1296156	1056295	1930351	1477331	1168003	2312038	1389315	819369
G374H	0	0	0	1	0	1	0	0	0	0	0	0	0	0	0	0	1	1	0	0	0	0	0	1	0	0	3	0	0
G374I	11	15	7	6	0	4	1	3	3	0	0	0	0	7	0	0	7	9	1	3	3	2	0	10	7	0	5	4	0
G374L	3	0	0	0	0	0	0	0	0	0	0	0	0	1	0	0	1	2	0	1	0	0	0	2	2	0	0	0	0
G374K	0	0	0	0	0	0	0	0	0	0	0	0	0	0	0	0	0	0	0	0	0	0	0	0	0	0	0	0	0
G374M	0	0	0	0	0	0	0	0	0	0	0	0	0	0	0	0	0	0	0	0	0	0	0	0	0	0	0	0	0
G374F	18	9	7	4	0	1	1	0	2	0	1	0	0	6	0	1	4	12	2	6	4	3	0	11	4	0	7	2	0
G374P	0	1	0	0	0	0	0	0	0	0	0	0	0	0	0	0	0	0	0	1	0	0	0	0	0	0	0	0	0
G374S	8834	8137	6156	7070	1753	2072	847	3378	2532	2830	1473	3080	664	3995	405	358	3636	4544	568	3115	3021	1828	200	4448	3046	262	5691	3390	298
G374T	2	1	1	0	1	2	0	1	1	0	0	0	0	0	0	0	0	1	0	0	0	0	0	2	4	0	0	0	0
G374W	1	1	0	0	0	0	0	0	0	1	0	0	0	1	0	0	0	1	0	1	0	0	0	0	0	0	1	0	0
G374Y	54	76	33	27	5	9	7	17	0	0	2	5	0	39	2	0	25	32	0	19	10	15	1	32	6	2	45	9	7
G374V	3144	2898	2069	2438	1020	846	431	1319	896	785	535	1420	213	1368	181	195	1215	1614	288	1209	1055	507	109	1509	1602	128	1935	1498	155
G374X	5	6	2	3	0	0	0	0	0	0	0	1	1	4	0	0	0	2	0	0	0	0	0	0	4	0	0	0	0
G374B	0	0	0	0	0	0	0	0	0	0	0	0	0	0	0	0	0	0	0	0	0	0	0	0	0	0	0	0	0
Q375A	0	0	0	0	0	0	0	0	0	0	0	0	0	0	0	0	0	0	0	0	0	0	0	0	0	0	0	0	0
Q375R	16241	15361	11073	12667	3553	3981	1913	7027	2886	4382	3338	4835	1270	7262	828	869	6482	8413	1221	5843	5672	7181	569	8108	5386	656	10129	5659	743
Q375N	5	7	2	2	0	0	0	1	2	0	0	0	0	6	2	0	2	11	0	1	2	0	0	4	0	0	3	0	0
Q375D	0	1	1	1	0	0	0	0	0	0	0	0	0	0	0	0	1	0	0	0	1	0	0	0	0	0	1	0	0
Q375C	0	0	0	0	0	0	0	0	0	0	0	0	0	0	0	0	0	0	0	0	0	0	0	0	0	0	0	0	0
Q375E	546	449	356	370	136	155	77	395	641	202	111	326	105	300	34	75	205	315	99	160	136	1081	10	201	77	51	296	213	24
Q375Q	3617623	3389173	2627219	2924830	4268397	4444856	2856614	6002155	3046690	2972808	3398415	3655531	1645567	1609456	1329228	1399524	1518762	1922531	1735926	1440336	1329781	1280554	1055305	1915858	1471839	1166419	2294056	1383053	817451
Q375G	0	1	3	1	0	0	0	1	1	0	0	1	0	1	0	0	0	0	0	0	2	1	0	1	0	0	1	0	0
Q375H	18008	17062	12430	13684	6740	7480	2797	8363	5156	4887	4262	5396	1672	8006	1396	1238	7265	9247	1689	6767	6105	8358	806	8851	3516	1061	11168	5923	1352
Q375I	11	6	2	12	11	5	0	4	0	0	0	5	0	1	0	0	0	1	0	2	1	1	0	3	2	0	9	0	1
Q375L	12216	11232	8601	9558	3757	3840	1696	5277	3281	4163	3712	4709	1219	5409	1031	1045	4989	6241	1367	4515	4348	3327	506	6187	2723	696	7796	5207	731
Q375K	2103	2302	1588	1827	1115	961	389	1087	631	461	383	715	207	1158	147	147	918	1222	252	876	775	354	108	1121	769	191	1389	354	82
Q375M	0	0	0	0	0	0	0	0	0	0	0	0	0	1	0	0	0	0	0	0	0	0	0	0	0	0	0	0	0
Q375F	0	0	0	0	0	0	0	0	0	0	0	0	0	0	0	0	0	0	0	0	0	0	0	0	0	0	0	0	0
Q375P	3359	3202	2414	2701	829	831	424	2032	1054	1791	1167	2642	521	1508	259	339	1363	1950	508	1327	1911	1741	88	1717	1085	106	2336	2184	189
Q375S	14	19	16	17	0	1	0	6	0	1	0	0	0	4	0	2	17	3	0	29	27	4	0	26	0	0	12	0	6
Q375T	0	0	0	0	1	0	0	0	0	0	1	0	0	0	0	0	1	2	0	1	0	0	0	1	1	0	1	0	0
Q375W	0	0	0	0	0	0	0	0	0	0	0	0	0	0	0	0	0	0	0	0	0	0	0	0	0	0	0	0	0
Q375Y	16	7	11	13	0	5	0	7	1	0	6	2	0	9	0	0	8	10	0	10	4	6	0	14	8	1	12	0	0
Q375V	1	0	0	1	0	0	0	0	0	0	0	0	0	0	0	0	1	0	0	0	0	0	0	0	0	0	1	0	0
Q375X	7408	6963	5488	6034	949	1159	561	2268	759	879	690	1958	258	3341	202	193	3016	3652	315	3030	2996	2359	181	3956	2902	135	4669	797	183
Q375B	21	13	12	16	2	2	0	2	0	0	1	0	0	13	0	1	9	11	0	5	9	4	0	7	0	0	11	2	0
V376A	15151	14326	10508	11722	2463	2695	1213	5620	2690	3548	2443	4051	976	6701	647	656	5952	7899	907	5914	5245	3125	339	7761	3875	388	9568	5125	569
V376R	1	0	1	1	0	0	0	0	0	0	0	6	0	0	0	0	1	4	0	0	5	1	0	1	0	0	0	0	0
V376N	0	0	0	0	0	0	0	0	0	0	0	0	0	0	0	0	0	0	0	0	0	0	0	0	0	0	0	0	0
V376D	13	12	9	16	0	1	0	2	0	17	0	0	0	4	0	0	4	8	0	3	4	0	0	4	0	0	4	5	0
V376C	0	0	0	0	0	0	0	0	0	0	0	0	0	0	0	0	0	0	0	0	0	0	0	0	0	0	0	0	0
V376E	9581	8761	6456	7460	1137	1428	565	2493	894	1492	696	2556	336	4313	256	229	3906	4821	350	3649	3202	1506	213	4855	3394	174	5942	2080	227
V376Q	0	0	0	0	0	0	0	0	0	0	0	0	0	0	0	0	0	0	0	0	0	0	0	0	0	0	0	0	0
V376G	1372	1312	1035	1064	204	197	73	324	269	294	113	220	49	606	21	26	500	750	55	467	449	161	33	701	293	24	826	198	44
V376H	0	0	0	0	0	0	0	0	0	0	0	0	0	0	0	0	0	0	0	0	0	0	0	0	0	0	0	0	0
V376I	3	4	4	2	5	2	0	2	2	0	1	0	0	1	4	0	1	1	0	1	3	1	0	2	0	2	3	0	0
V376L	2997	2783	2183	2183	1427	1247	1274	2945	920	2076	2804	2006	768	1351	540	549	1240	1702	930	1131	938	2033	214	1479	949	358	1859	2055	292
V376K	9	6	9	10	1	0	0	1	0	0	0	2	0	2	0	0	7	6	0	2	0	4	0	7	0	0	4	0	0
V376M	4787	4456	3374	3996	1420	1490	710	2153	757	1460	1169	1665	376	2143	294	324	1994	2425	417	1754	1650	1037	208	2482	1610	248	3181	1642	292
V376F	0	1	1	1	0	2	0	0	1	0	1	0	0	1	0	0	4	2	2	0	0	2	1	2	1	1	2	0	0
V376P	0	0	0	0	0	0	0	0	0	0	0	1	1	0	0	1	0	0	0	0	2	1	0	0	0	0	0	0	0
V376S	40	34	21	13	4	4	8	7	2	0	1	0	0	14	2	0	11	31	1	12	6	7	0	20	8	0	11	8	2
V376T	19	13	17	9	3	10	8	7	0	0	0	19	0	6	0	0	6	4	0	3	8	1	1	11	0	0	7	0	0
V376W	0	0	0	0	0	0	0	0	0	0	0	0	0	0	0	0	0	0	0	4	0	0	0	0	0	0	0	0	0
V376Y	0	0	0	0	0	0	0	0	0	0	0	0	0	0	0	0	0	0	0	0	0	0	0	0	0	0	0	0	0
V376V	3643585	3414082	2645589	2945250	4278826	4456200	2860619	6015071	3055567	2980686	3404858	3665594	1648313	1621331	1331363	1401648	1529410	1935949	1738715	1449956	1340257	1297092	1056564	1928727	1478173	1168121	2310479	1392279	819336
V376X	0	0	0	0	0	0	0	0	0	0	0	0	0	0	0	0	0	0	0	0	0	0	0	0	0	0	0	0	0
V376B	14	8	9	7	0	0	1	0	0	1	0	0	0	2	0	0	3	7	0	6	1	0	0	3	5	0	4	0	0
M377A	109	87	43	65	9	9	14	33	19	2	14	32	7	82	5	3	28	47	3	35	32	4	3	49	119	3	51	18	4
M377R	827	782	590	730	137	142	50	270	71	228	78	150	35	431	33	19	341	469	39	362	333	137	21	451	130	29	591	178	19
M377N	4	4	1	3	7	1	0	2	0	0	7	0	5	5	2	0	1	5	0	2	0	0	0	3	2	1	2	0	1
M377D	0	0	0	0	0	0	0	0	0	0	0	0	0	0	0	0	0	0	0	0	0	0	0	0	0	0	0	0	0
M377C	0	0	0	0	0	0	0	0	0	0	0	0	0	0	0	0	0	0	0	0	0	0	0	0	0	0	0	0	0
M377E	51	66	30	46	31	18	7	14	6	7	8	16	2	17	1	1	21	35	6	16	14	3	0	37	9	1	43	9	4
M377Q	2	5	1	3	1	0	0	0	0	0	0	0	2	6	0	0	1	0	0	2	3	0	0	3	0	0	4	0	0
M377G	1	6	2	3	0	0	0	0	0	0	2	0	0	2	0	0	0	1	0	2	1	0	0	6	4	0	1	0	0
M377H	0	0	0	0	0	0	0	0	0	0	0	0	0	0	0	0	0	0	0	0	0	0	0	0	0	0	0	0	0
M377I	8653	8062	5936	6929	5141	5140	2888	8999	4344	6726	8253	13273	2712	3823	1308	1510	3420	4493	2531	3315	2857	4182	335	4333	2937	736	5638	5245	926
M377L	12312	11771	8314	9433	3301	3808	1677	5587	3148	3699	3322	3755	1194	5592	817	777	4836	6404	1367	4438	4130	2798	389	5993	2454	564	8044	4347	718
M377K	6407	5709	4433	5062	1258	1300	558	2141	1450	1198	950	2120	387	3049	307	259	2556	3420	294	2441	2166	1144	167	3235	1410	189	4139	1279	211
M377M	3616589	3388211	2626962	2924012	4265146	4442104	2853265	5992546	3042971	2966077	3383792	3640142	1642580	1608783	1327487	1397595	1518787	1921757	1733105	1440011	1330694	1285086	1055086	1915497	1458713	1165763	2292546	1380971	816749
M377F	6	13	7	2	2	0	0	0	0	0	0	0	0	4	0	1	1	6	0	1	3	0	0	3	1	0	8	0	0
M377P	2	0	2	2	0	3	0	2	0	0	0	1	0	0	0	0	2	1	0	1	4	0	0	0	0	0	0	1	0
M377S	66	44	48	60	10	11	11	61	12	1	3	11	19	34	9	20	24	28	16	27	28	9	10	27	45	4	48	235	6
M377T	16008	15550	11396	12966	4807	4999	2203	7724	3466	4612	3799	5326	1343	7406	1161	1078	6490	8319	1258	6242	5926	4858	762	8120	3756	897	10478	4132	909
M377W	5	4	3	1	0	0	0	0	0	0	0	2	3	2	0	0	1	2	1	2	4	8	0	2	0	0	2	0	0
M377Y	0	0	0	0	0	0	0	0	0	0	0	0	0	0	0	0	0	0	0	0	0	0	0	0	0	0	0	0	0
M377V	16516	15467	11422	12393	5640	5738	3798	11229	5615	7024	11858	11291	2529	7228	1995	2168	6523	8602	2757	5985	5561	6706	800	8265	18728	1128	10276	6977	1215
M377X	0	0	0	0	0	0	0	0	0	0	0	0	0	0	0	0	0	0	0	0	0	0	0	0	0	0	0	0	0
M377B	14	17	26	24	0	3	0	17	0	0	0	1	1	11	2	2	7	20	0	20	14	36	0	31	0	1	19	0	0
E378A	1190	1140	892	1064	333	342	222	652	293	189	201	248	70	622	65	67	443	666	90	404	410	358	56	593	251	79	827	321	58
E378R	26	40	29	27	4	5	2	16	2	0	1	1	0	7	1	1	7	16	4	13	10	6	1	10	5	1	20	0	0
E378N	18	10	7	14	3	4	0	10	6	3	1	1	2	1	0	0	3	10	1	4	5	0	1	8	0	0	11	0	0
E378D	7092	6775	4885	5855	4401	5021	2087	5216	2058	3374	4968	3529	1318	3198	1175	1384	2880	3663	1341	2551	2537	1931	707	3414	1240	834	4586	1888	920
E378C	0	0	0	0	0	0	0	0	0	0	0	0	0	0	0	0	0	0	0	0	0	0	0	0	0	0	0	0	0
E378E	3633145	3403348	2638348	2936133	4267222	4444992	2856219	6004729	3046974	2974882	3398659	3659417	1642697	1616580	1329106	1398771	1525164	1930766	1733412	1446741	1336647	1292403	1055818	1924155	1478151	1166887	2303469	1386783	817315
E378Q	223	187	135	159	93	70	45	82	80	42	32	81	25	88	11	7	75	105	17	66	62	71	6	92	7	8	126	33	6
E378G	17261	16455	11874	13237	3220	3545	1519	6900	3574	4247	2576	5063	1272	7920	830	954	7042	8947	1360	6578	5799	5615	445	8563	4123	490	10967	6796	648
E378H	0	0	0	0	0	0	0	0	0	0	0	0	0	0	0	0	0	0	0	0	0	0	0	0	0	0	0	0	0
E378I	7	14	9	6	0	2	0	5	1	0	0	1	0	5	0	0	12	2	2	3	4	2	0	4	5	0	11	2	0
E378L	10	4	5	0	0	0	1	4	0	0	0	0	0	4	0	0	3	3	2	6	1	3	0	6	2	3	9	6	0
E378K	5478	5321	3765	4538	1746	2196	1023	2561	1876	1027	1463	2657	587	2285	295	322	2143	2679	444	1874	1854	1345	138	2722	1345	225	3485	1683	180
E378M	0	0	0	0	0	0	0	0	0	0	0	0	0	0	0	0	0	0	0	0	0	0	0	0	0	0	0	0	0
E378F	0	0	0	0	0	0	0	0	0	0	0	0	0	0	0	0	0	0	0	0	0	0	0	0	0	0	0	0	0
E378P	0	0	0	0	0	0	0	0	0	0	0	0	0	0	0	0	0	0	0	0	0	0	0	0	0	0	0	0	0
E378S	0	0	1	1	0	0	0	1	1	0	0	0	0	3	0	0	1	2	0	3	0	0	0	0	3	0	1	0	1
E378T	3	0	1	0	1	0	0	2	0	0	0	0	0	2	0	0	0	1	0	1	1	0	0	6	0	0	0	1	0
E378W	0	0	0	0	0	0	0	0	0	0	0	0	0	0	0	0	0	0	0	0	0	0	0	0	0	0	0	0	0
E378Y	0	1	3	0	0	0	0	0	0	0	1	0	0	1	0	0	1	1	0	1	2	0	0	2	0	0	2	0	0
E378V	11165	10519	7716	8965	8057	6668	3104	7831	5908	5620	3990	4802	4760	4871	1577	1855	4404	5637	4592	3825	3565	2723	322	5354	3052	693	7031	5713	1573
E378X	1952	1982	1543	1735	410	431	249	614	329	190	194	320	88	886	67	72	860	1105	111	832	873	514	79	1124	124	96	1345	166	61
E378B	2	2	3	0	0	0	0	2	0	0	0	0	0	2	0	0	1	6	1	0	0	0	0	2	0	0	0	0	0
P379A	1170	1197	910	891	237	237	270	527	364	203	111	225	148	845	79	93	516	697	109	456	418	967	48	606	499	118	710	546	55
P379R	686	597	500	551	99	92	78	206	131	83	52	137	44	363	20	21	309	375	27	230	249	205	12	375	132	21	490	99	24
P379N	17	14	12	0	1	0	0	2	2	0	0	0	0	5	0	0	5	6	0	4	7	2	0	11	6	1	7	6	1
P379D	5	2	1	1	0	0	0	0	0	0	0	0	0	3	0	0	2	0	1	1	0	3	0	0	1	0	1	0	0
P379C	0	1	0	0	0	0	0	0	0	0	0	0	0	1	0	0	1	1	0	1	0	5	0	0	1	0	0	0	0
P379E	0	0	0	0	0	0	0	0	0	0	0	0	0	0	0	0	0	0	0	0	0	0	0	0	0	0	0	0	0
P379Q	33	17	35	6	0	1	34	22	23	1	0	2	16	20	12	9	14	24	63	16	8	9	1	36	27	8	17	14	3
P379G	0	2	0	0	0	0	0	0	0	0	0	0	0	0	0	0	0	1	0	0	0	0	0	0	0	0	1	0	0
P379H	6818	6413	5003	5446	1183	1190	607	2056	1132	1026	707	1698	321	3323	273	239	2682	3406	334	2560	2475	1310	187	3386	1581	246	4158	2189	179
P379I	5	11	8	0	1	0	1	1	1	20	0	1	0	11	0	2	3	1	0	3	7	8	1	2	1	1	6	1	0
P379L	5733	5120	4044	4786	1315	1503	649	1944	717	1657	1046	1334	303	2374	274	223	2217	2642	284	1903	1945	1633	201	2691	1621	232	3640	1452	232
P379K	0	0	0	0	0	0	0	0	0	0	0	0	0	0	0	0	1	0	0	0	0	0	0	0	0	0	0	0	0
P379M	0	0	0	0	0	0	0	0	0	0	0	0	0	0	0	0	0	0	0	0	0	0	0	0	0	0	0	0	0
P379F	1	5	2	3	0	1	1	0	0	0	1	0	0	1	1	0	1	2	0	0	5	1	0	1	0	0	2	0	2
P379P	3654864	3424214	2652749	2953910	4281376	4458841	2861717	6020190	3055908	2985384	3408876	3671088	1648950	1625486	1332061	1402463	1534048	1941893	1740000	1454739	1343883	1298086	1056798	1934928	1481623	1168096	2317633	1395375	819929
P379S	6898	6271	4818	5467	936	1099	489	2209	1037	976	1171	1347	324	2878	216	181	2566	3219	298	2341	2320	2026	155	3392	2106	178	4190	2538	196
P379T	1330	1921	1123	664	342	311	624	1455	1787	200	122	287	712	1160	188	202	669	1332	261	640	453	713	170	619	708	415	1027	1165	140
P379W	0	0	0	0	0	0	0	0	0	0	0	0	0	0	0	0	0	0	0	0	0	0	0	0	0	0	0	0	0
P379Y	11	12	7	3	0	0	0	3	0	0	0	0	1	4	0	0	4	5	0	6	0	3	0	7	2	0	7	7	1
P379V	1	1	4	6	0	1	1	10	0	24	0	1	0	1	3	0	1	5	0	2	0	0	0	1	0	0	1	0	0
P379X	0	0	0	0	0	0	0	0	0	0	0	0	0	0	0	0	0	0	0	0	0	0	0	0	0	0	0	0	0
P379B	0	0	0	0	0	0	0	0	0	0	0	0	0	0	0	0	0	0	0	0	0	0	0	0	0	0	0	0	0
