rowname	Input	Input.1	Input.2	Input.3	uPA	uPA.1	uPA.2	uPA.3	FXIIa	FXIIa.1	FXIIa.2	FXIIa.3	uPA.4	Input.4	uPA.5	uPA.6	Input.5	Input.6	uPA.7	Input.7	Input.8	TMPRSS2	uPA.8	Input.9	TMPRSS2.1	uPA.9	Input.10	TMPRSS2.2	uPA.10
D29A	319	288	281	270	59	52	43	44	37	163	52	44	16	181	31	27	132	170	19	240	246	98	29	179	251	24	243	7	45
D29R	1	2	0	1	0	0	0	0	0	0	0	0	0	0	0	0	0	0	0	0	2	0	0	0	0	0	1	0	0
D29N	4623	4364	4030	4415	1568	1014	1232	960	753	1703	1441	608	313	2149	667	387	1767	2136	347	2428	3351	3252	584	2237	1657	572	3466	2140	1442
D29D	4112900	3760107	3794991	3697651	5272798	3320387	5676089	3150659	2893712	4627075	4639028	2487365	2071636	1928041	2660205	2175385	1666456	1932441	1894154	2284398	2857633	2628718	2885474	2152408	2773434	2496508	2940219	2847654	4429548
D29C	6	3	5	4	0	1	0	0	1	0	2	1	0	3	0	2	2	6	0	2	8	5	0	0	0	2	4	4	3
D29E	1662	1462	1474	1369	609	405	525	457	364	491	255	183	185	765	245	170	545	698	124	763	1057	856	286	808	1455	292	1137	331	518
D29Q	0	0	0	0	0	0	0	0	0	0	0	0	0	0	0	0	0	0	0	0	0	0	0	0	0	0	0	0	0
D29G	15152	13674	12518	12698	5493	3671	4091	3224	4130	7821	5985	3606	2277	7473	2187	2111	6089	7392	1902	7809	10191	11332	1862	7157	6078	1922	11352	13770	4941
D29H	397	377	400	408	118	125	143	94	40	161	128	77	47	171	51	42	151	145	35	195	264	86	60	234	88	38	303	43	90
D29I	4	6	5	3	1	2	0	2	0	0	0	0	0	0	0	0	0	4	0	1	1	5	0	7	1	0	5	0	4
D29L	1	0	0	1	0	0	0	2	0	0	0	0	0	0	0	0	0	1	0	0	0	0	0	0	1	0	1	0	0
D29K	0	0	3	0	1	0	0	0	0	0	0	0	0	1	1	0	1	1	0	1	1	0	0	2	0	0	1	0	0
D29M	0	0	0	0	0	0	0	0	0	0	0	0	0	0	0	0	0	0	0	0	0	0	0	0	0	0	0	0	0
D29F	19	16	18	0	0	0	0	4	1	0	0	0	0	12	0	0	6	9	0	11	3	11	1	4	14	0	8	8	1
D29P	0	0	0	0	0	0	0	0	0	0	0	0	0	0	0	0	0	0	0	0	0	0	0	0	0	0	0	0	0
D29S	21	36	22	22	3	7	0	3	3	1	5	0	0	14	1	4	8	1	1	8	18	1	2	10	1	0	21	3	3
D29T	1	0	0	1	0	0	0	0	0	0	0	0	0	0	0	0	1	0	0	0	0	0	0	0	0	0	1	0	0
D29W	0	0	0	0	0	0	0	0	0	0	0	0	0	0	0	0	0	0	0	0	0	0	0	0	0	0	0	0	0
D29Y	2458	2270	2093	1960	630	464	866	707	551	731	721	791	221	1183	374	321	924	1157	318	1217	1281	879	385	995	584	334	1593	865	599
D29V	8010	7535	6888	6966	1149	996	1039	1078	911	1595	1497	1009	415	3699	401	296	3076	3890	236	3988	5283	2636	459	3747	4302	429	5977	4339	1107
D29X	23	5	6	4	0	8	1	1	0	0	0	0	0	3	0	0	4	3	0	1	7	0	0	2	0	0	3	0	4
D29B	0	0	0	0	0	0	0	0	0	0	0	0	0	0	0	0	0	0	0	0	0	0	0	0	0	0	0	0	0
R30A	0	0	0	0	0	0	0	0	0	0	0	0	0	0	0	0	0	0	0	0	0	0	0	0	0	0	0	0	0
R30R	4099458	3749200	3782966	3685538	5264724	3315580	5669916	3147057	2888641	4619286	4633063	2485208	2069494	1922790	2656875	2172576	1661162	1927140	1892392	2277405	2847673	2623526	2882166	2145344	2766911	2493818	2930246	2847335	4423178
R30N	8	11	11	10	6	1	8	3	0	3	0	1	0	6	0	5	8	1	7	14	11	15	0	4	1	1	12	0	4
R30D	0	0	0	1	0	0	0	0	0	0	0	0	0	0	1	0	2	0	0	0	0	0	0	2	0	0	0	0	0
R30C	14149	12458	12423	12842	4301	2895	3373	2559	2257	4155	2939	2023	1154	6592	1494	1304	5570	6472	922	7427	10050	6899	1646	7094	8443	1420	11041	8639	3517
R30E	0	0	0	0	0	0	0	0	0	0	0	0	0	0	0	0	0	0	0	0	0	0	0	0	0	0	0	0	0
R30Q	7	1	3	3	1	0	1	0	0	1	0	0	1	5	0	2	0	2	0	0	1	1	0	2	0	0	3	0	1
R30G	300	269	253	277	98	61	107	69	61	45	64	110	42	149	57	27	128	136	17	135	198	58	48	137	99	54	215	214	105
R30H	18595	16515	15801	15848	8502	5271	6959	4716	5458	9446	9284	4165	3047	8256	3781	3477	7131	8396	2315	9323	12482	8651	3647	9095	6355	3165	13363	6520	6961
R30I	2	0	6	10	0	0	0	0	1	0	0	0	0	3	1	0	3	4	0	6	9	1	0	0	1	0	7	1	0
R30L	5728	4980	4859	4742	2299	1404	1703	1274	2151	3104	1989	1161	651	2539	894	602	2298	2540	800	2983	4100	3945	659	2766	2326	660	4153	3210	2230
R30K	0	0	0	0	0	0	0	0	0	0	0	0	0	0	0	0	0	0	0	0	0	0	0	0	0	0	0	0	0
R30M	0	0	0	0	0	0	0	0	0	0	0	0	0	0	0	0	0	0	0	0	0	0	0	0	0	0	0	0	0
R30F	126	133	103	105	7	17	3	14	41	59	1	7	2	67	5	5	40	67	3	49	58	35	5	37	1	3	100	2	4
R30P	1461	1408	1284	1356	255	237	197	187	116	736	348	184	78	688	110	69	601	687	63	716	943	224	79	702	1394	96	1199	388	305
R30S	5706	5129	4997	4985	2234	1656	1756	1346	1774	2905	1426	825	641	2565	941	677	2208	2600	616	2979	3788	4519	891	2588	2275	903	3967	2852	1994
R30T	0	0	0	0	0	0	0	0	0	1	0	0	0	0	0	0	0	0	0	1	0	0	0	0	0	0	2	0	0
R30W	3	0	0	2	0	0	0	2	0	0	0	0	0	2	0	0	0	1	0	0	3	0	0	1	0	0	1	0	0
R30Y	45	33	23	51	2	10	6	8	2	0	0	0	0	29	4	1	11	5	1	20	29	4	0	17	57	0	23	2	4
R30V	3	0	0	0	0	0	0	0	0	0	0	0	0	0	0	0	0	0	0	1	0	0	0	0	0	0	1	0	0
R30X	6	7	3	3	0	0	0	0	1	0	0	0	0	4	0	0	0	3	0	3	1	1	1	1	3	1	2	1	2
R30B	0	1	2	0	0	0	0	0	0	0	0	0	0	0	0	0	0	0	0	0	0	0	0	0	0	0	0	0	0
N31A	5	5	4	5	8	3	3	4	0	0	0	5	11	1	2	0	1	0	0	0	0	1	0	1	0	3	4	0	1
N31R	38	21	23	15	4	0	3	3	2	1	0	1	0	27	2	2	12	23	2	10	5	10	2	14	9	0	24	27	2
N31N	4090836	3740283	3775519	3678083	5273542	3321146	5676561	3149989	2893856	4625292	4639749	2485922	2072126	1918131	2660063	2175941	1657942	1922621	1894754	2273209	2842642	2623493	2885642	2141131	2761051	2497139	2924230	2838167	4430201
N31D	18311	16415	15654	15845	3483	2242	3005	2654	2264	5736	4010	2827	1350	8319	1506	1183	7021	8392	967	8965	11630	7891	1215	8857	8114	983	13243	9673	3114
N31C	17	3	17	16	1	0	5	3	0	0	1	0	0	8	1	0	5	7	0	12	13	5	1	12	0	0	8	19	1
N31E	11	10	10	8	0	0	0	1	2	0	0	0	1	8	0	0	3	11	0	6	3	5	3	7	5	0	11	0	0
N31Q	0	1	1	0	0	0	0	0	0	0	0	0	0	0	0	0	0	0	0	0	0	0	0	1	0	0	0	0	0
N31G	75	56	50	68	4	2	4	5	1	0	1	8	1	24	1	8	32	38	1	30	44	63	3	31	21	0	49	1	6
N31H	744	648	575	627	93	55	57	72	44	80	49	58	14	367	46	31	279	300	8	389	564	238	28	398	330	30	566	210	76
N31I	8394	7595	7133	7376	894	660	801	895	585	1877	1589	1115	336	3849	398	243	3298	3834	221	4367	5975	4404	367	4073	3846	334	6040	3357	967
N31L	1	0	2	4	0	0	0	2	0	1	0	0	0	2	0	0	2	1	0	0	1	0	0	2	0	0	0	0	0
N31K	1976	1965	1732	1514	422	279	416	353	450	599	266	308	101	860	252	171	662	994	169	914	1033	754	231	894	3438	308	1367	901	311
N31M	0	0	0	0	0	0	0	0	0	0	0	0	0	0	0	0	0	0	0	0	0	0	0	0	0	0	0	0	0
N31F	8	4	4	7	0	0	0	0	14	0	0	0	0	2	0	0	2	1	0	1	4	0	0	3	3	0	1	0	0
N31P	0	0	0	0	0	0	0	0	0	0	0	0	0	0	0	0	0	0	0	0	0	0	0	0	0	0	0	0	0
N31S	14370	13030	12473	12837	2916	1954	2247	2188	2415	4459	2124	2175	878	6800	1404	857	5559	6707	784	7481	10051	6224	1136	7146	6065	985	10752	6649	2585
N31T	811	718	742	712	153	85	99	127	45	181	122	180	30	438	53	41	329	365	32	372	591	207	53	403	864	37	591	258	114
N31W	0	0	0	0	0	0	0	0	0	0	0	0	0	0	0	0	0	0	0	0	0	0	0	0	0	0	0	0	0
N31Y	9932	9311	8738	8572	905	704	822	924	825	1487	1201	1082	262	4808	431	264	3977	4726	195	5245	6748	4569	458	4788	4118	300	7409	9887	922
N31V	18	22	19	44	0	0	0	7	0	0	1	3	0	17	0	2	13	14	2	36	9	11	2	11	2	1	11	0	2
N31X	34	46	29	34	4	2	6	7	0	0	0	0	0	28	4	2	19	15	1	21	18	0	1	12	0	0	21	1	3
N31B	16	12	9	6	0	0	0	1	0	28	1	0	0	6	0	0	6	5	0	4	15	4	0	6	0	1	8	14	0
V32A	21350	19471	17967	18098	4661	3437	3498	3380	3858	7249	2879	2757	1549	9785	1856	1624	7939	10211	1437	10560	13490	8616	1581	9951	9638	1423	15543	9975	4265
V32R	3	2	7	2	0	0	0	0	0	0	0	0	0	2	0	0	2	1	0	0	3	0	1	3	0	0	8	0	4
V32N	0	0	0	0	0	0	0	0	0	0	0	0	0	0	0	0	0	0	0	0	0	0	0	0	0	0	0	0	0
V32D	2	0	5	1	0	0	0	0	1	0	1	0	0	0	0	0	1	1	0	4	5	1	0	1	2	0	4	0	0
V32C	0	0	0	0	0	0	0	0	0	0	0	0	0	0	0	0	0	0	0	0	0	0	0	0	0	0	0	0	0
V32E	12090	10573	10180	10172	1617	1163	1116	1308	2031	2480	2140	1452	510	5496	466	391	4550	5391	494	5659	7305	3809	493	5449	4045	471	8797	11769	1362
V32Q	0	2	1	1	0	0	0	0	0	0	0	0	0	1	0	0	0	0	0	0	1	0	0	2	0	0	0	0	0
V32G	1653	1599	1499	1561	163	124	220	178	120	365	1219	355	35	836	99	70	704	861	40	959	1108	1420	108	918	738	53	1309	1199	230
V32H	0	0	0	0	0	0	0	0	0	0	0	0	0	0	0	0	0	0	0	0	0	0	0	0	0	0	0	0	0
V32I	29	18	18	34	27	9	13	8	1	0	0	15	1	14	3	7	11	9	1	22	16	2	5	27	0	1	26	2	12
V32L	3392	3049	3065	2992	1896	1351	1604	1067	999	1525	1136	840	452	1556	643	447	1231	1587	454	1658	2033	1823	640	1585	1010	634	2417	2165	1591
V32K	27	26	17	31	1	9	2	0	1	1	1	2	0	21	0	4	6	11	0	8	25	0	3	6	0	0	15	0	2
V32M	15788	14143	13478	13468	5020	3379	3795	3096	3485	6374	3849	3801	1780	7221	1957	1821	5990	7176	1684	7605	9486	6491	1806	7453	6495	1702	11632	7761	4712
V32F	11	8	7	4	0	0	2	1	1	0	1	0	0	3	4	2	2	1	2	4	5	7	4	3	5	3	2	5	1
V32P	1	0	0	1	0	0	1	0	0	0	0	0	0	1	0	0	1	1	0	0	0	1	0	0	0	0	0	0	1
V32S	41	24	28	3	10	0	2	3	2	1	1	0	1	13	1	1	9	25	0	13	3	20	5	24	15	4	27	11	4
V32T	26	28	31	21	7	3	9	5	13	1	0	0	0	13	5	3	12	6	0	13	17	0	1	16	2	0	20	1	36
V32W	1	2	1	1	0	0	0	0	0	0	1	0	0	1	0	0	0	0	0	1	1	0	0	0	0	0	2	0	0
V32Y	0	0	0	0	0	0	0	0	0	0	0	0	0	0	0	0	0	0	0	1	0	0	0	0	0	0	0	0	0
V32V	4091160	3741190	3776413	3679366	5269017	3317651	5673765	3148184	2889991	4621741	4637886	2484461	2070778	1918727	2659126	2174375	1658697	1922769	1893024	2274546	2845837	2625686	2884492	2142332	2765916	2495830	2924519	2836200	4426081
V32X	0	0	0	0	0	0	0	0	0	0	0	0	0	0	0	0	0	0	0	0	0	0	0	0	0	0	0	0	0
V32B	23	10	17	17	10	6	2	5	0	4	0	1	4	5	3	0	7	4	0	9	11	3	3	20	0	0	14	76	4
V33A	12736	11436	10218	10487	6771	4606	5455	3481	3234	7679	4557	3689	2230	5430	2506	2269	4326	5548	1780	5834	7374	3232	2083	5569	5574	2014	9037	6648	5394
V33R	1	0	0	0	0	0	0	0	0	0	0	0	0	0	1	0	0	0	0	0	0	0	0	0	0	0	0	0	0
V33N	0	0	1	0	0	0	0	0	0	0	0	0	0	1	0	0	0	0	0	0	1	0	0	0	0	0	0	0	0
V33D	3419	3104	2906	2919	340	299	463	378	434	884	245	514	172	1581	132	131	1289	1632	92	1631	2062	4977	172	1571	1434	122	2417	600	452
V33C	0	0	0	0	0	0	0	0	0	0	0	0	0	0	0	0	0	0	0	0	0	0	0	1	0	0	0	0	0
V33E	0	1	2	2	1	0	0	0	0	0	0	0	0	0	0	0	1	1	0	3	1	0	0	2	3	0	0	0	0
V33Q	0	0	0	0	0	0	0	0	0	0	0	0	0	0	0	0	0	0	0	0	0	0	0	0	0	0	0	0	0
V33G	817	800	722	693	214	200	166	170	248	257	441	155	64	408	131	64	330	402	38	416	572	2264	72	405	451	99	643	1174	200
V33H	1	0	0	0	0	0	0	0	0	0	0	0	0	0	0	1	0	1	0	0	0	0	0	0	0	0	0	0	0
V33I	7972	7077	6500	6584	2963	1916	2011	1674	1758	3632	3303	1638	830	3535	950	787	2847	3478	671	3873	4709	3442	890	3472	4975	871	5432	8750	2266
V33L	2065	1828	1750	1654	494	316	436	458	487	1104	367	594	245	860	292	157	637	935	165	869	994	1676	188	874	318	174	1333	678	444
V33K	0	0	0	0	0	0	0	0	0	0	0	0	0	0	0	0	0	0	0	0	0	0	0	0	0	0	0	0	0
V33M	21	10	14	10	6	0	1	2	0	0	1	0	0	2	0	1	3	1	0	5	4	0	0	3	15	0	12	0	0
V33F	1961	1800	1753	1726	556	318	634	496	322	559	357	401	115	946	242	209	607	933	164	924	1017	438	243	847	1261	222	1260	946	369
V33P	1	2	5	3	0	0	8	0	1	0	1	0	0	7	1	0	3	0	0	0	7	0	0	3	0	0	2	0	0
V33S	12	25	11	5	0	0	7	3	0	0	1	4	0	14	1	6	3	6	2	9	3	3	7	16	7	8	15	6	0
V33T	8	11	6	12	1	2	4	2	1	4	2	1	2	5	0	1	1	4	2	10	11	0	1	6	4	0	8	3	1
V33W	0	0	0	0	0	0	0	0	0	0	0	0	0	0	0	0	0	0	0	0	0	0	0	0	0	0	0	0	0
V33Y	0	1	2	4	0	0	0	0	1	0	0	0	0	4	0	1	1	1	0	1	0	2	0	1	0	0	0	0	0
V33V	4116583	3764050	3798844	3701674	5271083	3319475	5674844	3150571	2894017	4625622	4639839	2486688	2071452	1930902	2659907	2175118	1669114	1935112	1894222	2287487	2862591	2631845	2885486	2155020	2773824	2496611	2944176	2850359	4429179
V33X	0	0	0	0	0	0	0	0	0	0	0	0	0	0	0	0	0	0	0	0	0	0	0	0	0	0	0	0	0
V33B	0	0	0	0	0	0	0	0	0	0	0	0	0	0	0	0	0	0	0	0	0	0	0	0	0	0	0	0	0
F34A	5	14	2	2	0	1	0	0	0	0	1	0	9	0	0	0	1	1	0	1	0	0	0	0	0	1	4	0	0
F34R	0	0	0	0	0	0	0	0	0	0	0	0	0	0	0	0	0	0	0	0	0	0	0	0	0	0	0	0	0
F34N	1	2	0	2	0	4	0	0	0	0	0	0	0	0	0	0	0	0	2	3	6	0	2	1	0	0	0	0	0
F34D	0	0	0	0	0	0	0	0	0	0	0	1	0	0	0	0	1	0	0	0	0	0	0	1	0	0	0	0	0
F34C	596	571	551	590	187	75	116	97	36	111	78	46	25	325	44	32	209	274	22	321	414	258	37	354	139	41	460	44	137
F34E	0	0	0	0	0	0	0	0	0	0	0	0	0	0	0	0	0	0	0	0	0	0	0	0	0	0	0	0	0
F34Q	0	0	0	0	0	0	0	0	0	0	0	0	0	0	0	0	0	0	0	0	0	0	0	0	0	0	0	1	0
F34G	0	0	0	0	0	0	0	0	0	0	0	0	0	0	0	0	0	0	0	0	0	0	0	0	0	0	0	0	0
F34H	7	5	6	4	0	1	0	2	1	14	0	0	0	5	0	0	7	4	2	6	12	0	0	4	0	1	4	17	0
F34I	6887	6155	5899	5863	2509	1796	1570	1385	1865	3347	1886	1678	618	3163	855	753	2610	3158	519	3183	4594	3973	882	3224	4065	797	4980	3914	2067
F34L	15800	14137	14090	14788	6564	4216	4891	4302	5442	6713	8471	4998	1812	6857	2270	1891	6068	6981	1673	7829	9734	14450	1973	7724	7605	1941	11362	7934	5160
F34K	0	0	0	0	0	0	0	0	0	0	0	0	0	0	0	0	0	0	0	0	0	0	0	0	0	0	0	0	0
F34M	0	0	0	0	0	0	0	0	0	0	0	0	0	0	0	0	0	0	0	0	0	0	0	0	0	0	0	0	0
F34F	4098899	3747727	3781900	3684057	5268161	3317567	5672937	3147889	2889210	4622606	4632184	2481784	2070791	1922552	2658578	2173946	1661405	1926603	1893425	2278165	2850395	2614354	2884465	2145243	2759418	2495420	2930201	2841097	4427022
F34P	27	23	49	22	4	6	7	5	0	0	0	1	0	22	2	0	7	18	2	22	16	20	0	14	4	0	30	25	2
F34S	15062	13900	13161	13004	3046	1900	2314	2097	2777	4244	1954	2449	946	7046	1129	776	5602	7144	726	7534	9211	8154	867	7236	11473	903	11231	8702	2191
F34T	7	10	11	10	1	11	1	1	0	0	0	0	0	2	0	5	2	5	2	1	5	1	1	4	0	1	6	2	11
F34W	0	0	0	0	0	0	0	0	0	0	0	0	0	0	0	0	0	0	0	0	0	0	0	0	0	0	0	0	0
F34Y	6473	5781	5428	5753	1067	852	776	893	741	1446	705	1060	410	2833	451	431	2527	2902	279	3005	3815	2803	379	3079	3097	324	4769	5429	875
F34V	1792	1776	1616	1661	885	699	1416	560	430	1260	3835	1667	499	870	833	908	710	950	484	980	1141	3861	534	882	2059	692	1276	1991	833
F34X	38	44	21	16	5	4	1	4	1	0	0	0	0	20	1	3	12	14	0	12	3	4	2	24	6	0	12	8	7
F34B	3	0	0	1	0	0	0	0	0	0	0	0	0	0	0	0	1	0	0	0	0	1	0	0	0	0	0	0	0
S35A	1173	981	993	1065	269	164	219	187	1311	180	197	243	87	522	91	100	460	460	84	584	788	237	103	511	354	68	844	470	246
S35R	0	1	1	0	0	0	0	0	0	0	0	0	0	0	0	0	0	0	0	0	0	0	0	0	0	0	2	1	0
S35N	0	0	0	0	0	0	0	0	0	0	0	0	0	0	0	0	0	0	0	0	0	0	0	0	0	0	0	0	0
S35D	0	0	0	0	0	0	0	0	0	0	0	0	0	0	0	0	0	0	0	0	0	0	0	0	0	0	0	0	0
S35C	8	1	0	7	0	0	0	0	0	0	0	2	0	0	0	0	3	1	0	3	2	0	0	1	0	0	1	0	0
S35E	0	3	1	1	0	0	0	2	2	0	0	0	0	1	0	1	0	1	0	2	0	0	1	4	1	1	1	5	0
S35Q	22	24	9	12	1	0	1	2	31	0	0	2	0	10	2	2	4	10	3	8	10	2	0	8	2	0	18	53	5
S35G	0	0	0	0	0	0	0	0	0	0	0	0	0	0	0	0	0	0	0	0	0	0	0	0	0	0	0	0	0
S35H	0	0	0	0	0	0	0	0	0	0	0	0	0	0	0	0	0	0	0	0	0	0	0	0	0	0	0	0	0
S35I	13	21	9	25	0	0	3	3	0	0	0	0	0	10	0	0	5	6	0	10	16	9	1	11	0	0	20	0	0
S35L	8259	7888	6805	6337	1313	1027	950	1016	566	2887	2042	1273	519	3450	495	471	3017	3665	449	3849	4673	4687	359	3400	5861	293	5875	5545	1028
S35K	18	30	19	0	0	0	1	2	3	0	0	0	1	12	1	0	3	10	0	10	3	23	2	9	11	2	9	24	1
S35M	0	0	0	0	0	0	0	0	0	0	0	0	0	0	0	0	0	0	0	0	0	0	0	0	0	0	0	0	0
S35F	3	1	3	3	1	1	0	0	0	1	0	0	0	0	0	0	1	0	0	2	1	1	0	1	0	0	0	0	0
S35P	20213	17635	16944	17195	2481	1809	1972	2327	2477	3940	2146	2969	832	9084	1068	726	7563	9169	708	9775	12645	9311	988	9402	8283	880	14302	18503	2280
S35S	4067750	3719402	3761116	3662568	5271768	3319131	5676380	3147353	2890929	4623459	4639568	2483689	2071047	1909395	2660556	2175550	1652186	1911958	1893984	2267306	2845352	2617358	2886564	2135806	2764043	2497279	2909853	2818404	4428752
S35T	12276	11090	10511	10692	1750	1250	1306	1722	2190	2428	2222	2297	857	5526	641	668	4861	5361	585	6143	7803	10749	602	5560	4827	542	9216	18818	1693
S35W	0	1	15	8	0	0	0	0	0	0	0	0	0	3	0	0	1	3	0	0	1	0	0	0	0	1	0	0	1
S35Y	7	5	5	7	1	1	0	1	0	0	0	1	0	5	0	0	0	3	0	0	7	0	1	4	28	0	6	1	0
S35V	1	0	1	0	0	0	0	0	0	0	0	0	0	0	0	0	0	1	0	2	1	1	0	0	0	0	2	0	0
S35X	35673	32887	26179	27745	4826	3736	3190	4610	2988	6795	2939	3204	1759	15616	1303	1225	11015	17313	1320	13320	7966	5482	518	13026	4381	1051	24051	7058	4290
S35B	181	175	123	108	19	13	7	10	6	51	0	4	8	61	6	2	43	93	3	48	78	19	2	47	75	4	135	282	9
P36A	1750	1617	1532	1638	450	326	324	291	109	756	346	194	96	808	182	154	695	834	119	986	1321	1353	164	786	746	207	1250	1063	387
P36R	605	564	489	527	110	91	93	73	82	281	97	63	35	277	31	21	240	263	26	280	369	133	39	288	692	34	456	362	56
P36N	25	17	16	3	0	1	3	1	5	0	0	0	0	13	2	0	10	9	1	9	2	12	2	14	12	3	14	12	0
P36D	6	1	0	3	0	0	1	0	0	0	0	0	0	4	0	0	0	5	1	3	2	3	1	2	2	0	1	3	1
P36C	0	2	1	3	0	0	0	0	0	19	0	0	0	1	0	0	1	0	0	4	0	1	0	2	0	0	1	0	0
P36E	0	0	0	0	0	0	0	0	0	0	0	0	0	0	0	0	0	0	0	0	0	0	0	0	0	0	0	0	0
P36Q	56	82	66	10	4	0	9	9	18	0	5	5	3	43	7	8	14	36	11	42	21	41	15	36	69	18	50	116	2
P36G	0	0	0	1	0	0	0	0	0	0	0	0	0	0	0	0	0	0	0	0	0	0	0	0	0	0	0	0	0
P36H	6819	6223	5910	6471	925	694	699	980	1916	1636	1493	1842	380	3058	410	344	2818	3142	360	3622	5046	5914	505	3213	3063	395	4703	5876	779
P36I	15	8	16	2	0	0	0	1	4	0	3	0	0	11	1	0	6	7	0	6	12	12	2	7	7	2	8	7	1
P36L	6335	5825	5614	6284	1022	726	834	813	1577	2344	2385	683	396	2892	401	256	2608	3036	226	3708	5726	4614	446	3174	4238	289	4610	5372	852
P36K	1	0	0	0	0	0	0	0	0	0	0	0	0	0	0	0	0	1	0	1	0	0	0	0	1	0	0	1	0
P36M	0	0	0	0	0	0	0	0	0	0	0	0	0	0	0	0	0	0	0	0	0	0	0	0	0	0	0	0	0
P36F	5	6	5	7	0	8	1	0	0	0	1	2	0	4	1	0	3	3	3	5	8	1	0	1	21	0	3	0	0
P36P	4118716	3765674	3799207	3701257	5277440	3323694	5679936	3153177	2894780	4631710	4642431	2489012	2073479	1931388	2662073	2177150	1668493	1935596	1895728	2286644	2859802	2631694	2887036	2155232	2775463	2498276	2945444	2847449	4434068
P36S	9455	8552	8313	8070	1889	1237	1648	1489	1664	2606	1990	1411	568	4429	893	648	3677	4432	557	4851	5964	3739	672	4255	3097	651	6694	7555	1669
P36T	1796	1557	1549	1484	588	354	481	398	347	389	363	472	153	753	161	164	590	681	104	896	1073	355	259	767	449	245	1095	1337	490
P36W	0	0	0	0	0	0	0	0	0	0	0	0	0	0	0	0	0	0	0	0	0	0	0	0	0	0	0	0	0
P36Y	11	17	16	8	1	0	0	3	1	0	0	0	0	9	1	0	7	8	0	4	0	6	1	13	6	1	5	11	0
P36V	2	0	0	5	0	1	0	0	0	0	0	0	0	5	0	0	0	1	0	1	0	1	0	0	0	0	1	0	0
P36X	0	0	0	0	0	0	0	0	0	0	0	0	0	0	0	0	0	0	0	0	0	0	0	0	0	0	0	0	0
P36B	0	0	0	0	0	0	0	0	0	0	0	0	0	0	0	0	0	0	0	0	0	0	0	0	0	0	0	0	0
Y37A	0	0	0	0	0	0	0	0	0	0	0	0	0	1	0	0	0	0	0	0	0	0	0	0	0	0	0	0	0
Y37R	39	52	52	55	8	11	6	8	0	1	1	3	0	33	3	3	27	16	4	36	53	15	5	22	22	1	33	34	10
Y37N	10736	9679	8795	8635	2389	1473	2870	2293	2600	3227	5133	3721	1714	4940	1407	844	3948	4901	1463	4758	5627	9326	485	4640	5341	567	7663	6506	2634
Y37D	990	827	791	930	130	78	96	136	70	813	63	346	96	401	67	71	385	494	61	490	577	451	38	427	478	34	631	324	113
Y37C	10873	10179	9696	10117	1657	1422	1953	1925	2217	4531	2106	2371	1147	5251	1183	808	4330	5289	804	5726	7366	9127	778	5562	7078	679	7974	6742	1750
Y37E	16	8	15	4	0	0	1	0	0	0	4	0	0	4	0	0	0	3	0	4	3	0	0	5	0	0	8	0	0
Y37Q	42	44	40	41	2	5	8	4	0	1	4	12	4	21	0	1	22	27	1	19	23	1	3	24	8	2	29	1	16
Y37G	89	70	56	25	5	2	0	6	0	0	11	8	5	30	20	10	19	28	3	23	23	65	0	18	61	2	48	139	5
Y37H	12312	10490	9993	10108	2336	1618	2057	1962	3117	4331	2488	2333	921	5481	1040	808	4381	5657	879	5503	6329	9324	754	5299	5508	773	8602	15277	2204
Y37I	17	21	25	25	3	3	6	0	0	0	0	1	4	10	6	2	5	9	0	10	16	27	5	8	6	2	11	1	35
Y37L	50	38	36	43	29	8	10	9	16	17	0	0	4	28	1	5	16	22	3	30	35	1	4	26	0	8	40	1	8
Y37K	12	6	5	9	0	0	1	2	1	1	0	0	1	7	0	0	5	4	0	1	7	0	0	6	2	0	8	0	0
Y37M	0	0	0	0	0	0	0	0	0	0	0	0	0	0	0	0	0	0	0	0	0	0	0	0	0	0	0	0	0
Y37F	9192	8130	7554	7696	3471	2284	2727	2207	3175	3895	2777	2042	1099	4203	1305	1008	3383	4182	834	4290	5648	8061	1277	4065	4213	1206	6498	6929	3325
Y37P	4	9	6	7	0	0	0	0	0	0	0	0	0	1	0	2	7	4	0	1	0	0	0	1	0	0	0	0	0
Y37S	475	442	398	405	140	91	121	78	29	256	46	27	37	216	87	32	167	207	35	223	241	157	41	200	200	47	351	348	134
Y37T	0	1	0	0	0	0	0	0	0	0	0	0	0	0	0	0	0	0	0	0	1	0	0	0	0	0	0	1	0
Y37W	2	1	2	2	0	1	2	3	0	0	0	0	0	1	0	0	0	2	0	1	4	1	1	1	4	0	3	2	0
Y37Y	3962692	3626079	3685098	3580432	5253821	3306842	5662713	3131597	2877750	4596695	4623431	2469748	2063858	1864191	2653734	2170539	1620014	1862661	1888295	2228796	2821418	2591108	2884388	2096564	2744429	2493139	2838913	2800338	4410774
Y37V	1	3	3	1	0	0	0	0	1	0	0	0	0	2	0	0	2	1	0	2	3	0	0	0	0	0	2	0	0
Y37X	131845	118373	94969	102269	16977	12250	10469	16095	10262	22480	11361	12020	5762	56217	4937	4306	40193	61859	4336	48710	28863	18883	1144	48356	17741	3413	89191	25416	16092
Y37B	6210	5693	5200	4969	1461	1044	989	910	1265	3493	1689	1052	458	2657	373	306	2258	2688	418	2439	3109	1332	219	2566	2775	248	4330	7105	1205
G38A	712	697	704	795	253	234	222	154	807	1043	485	549	35	334	133	59	304	340	31	411	580	162	62	343	384	68	525	1477	240
G38R	7149	6419	6188	6170	1027	621	853	866	715	2018	1102	884	344	3261	371	299	2703	3387	226	3452	4389	2917	340	3422	3055	239	5188	4627	953
G38N	0	0	0	0	0	0	0	0	0	0	0	0	0	1	0	0	0	0	0	0	0	1	0	0	0	0	0	0	0
G38D	27	39	36	18	2	0	7	2	1	16	1	2	1	20	0	0	10	12	0	16	23	12	0	21	19	3	24	9	0
G38C	3	7	8	7	0	1	1	1	0	1	0	0	0	1	0	0	2	2	1	3	0	1	1	3	0	1	4	1	1
G38E	8485	7954	7439	7638	1292	974	993	1096	1369	2040	2158	1492	592	3950	562	293	3384	3883	398	4263	5965	5753	437	3977	3444	328	6411	4579	1220
G38Q	0	0	1	0	0	0	0	0	0	0	0	0	0	0	0	0	0	0	1	0	0	0	0	0	0	0	0	0	0
G38G	4119017	3765316	3798422	3701449	5278402	3323926	5680190	3153291	2895065	4631679	4641428	2488568	2073419	1931066	2662169	2177329	1668251	1935001	1895831	2285943	2861137	2635124	2887541	2154978	2777001	2498725	2945016	2851699	4434482
G38H	0	0	0	0	0	0	0	0	0	0	0	0	0	0	0	0	0	0	0	0	0	0	0	0	0	0	0	0	0
G38I	0	0	0	0	0	0	0	0	0	0	0	0	0	0	0	0	0	0	0	0	0	0	0	0	0	0	0	0	0
G38L	24	53	25	2	0	0	2	2	6	0	0	0	0	21	1	0	11	28	0	29	6	17	7	24	12	3	32	29	0
G38K	57	21	37	22	5	15	6	2	1	2	7	3	3	13	2	1	17	25	1	20	15	30	0	30	15	2	20	10	1
G38M	27	31	23	6	0	0	1	1	1	1	0	3	2	24	0	1	12	14	0	24	20	4	3	15	6	3	27	23	1
G38F	1	0	0	0	0	0	0	0	0	0	0	0	0	0	0	0	0	0	0	0	0	0	0	0	0	0	0	0	0
G38P	0	0	0	0	0	0	0	0	0	0	0	0	0	0	0	0	0	0	0	0	1	0	0	0	0	0	0	0	0
G38S	21	9	18	12	1	2	0	1	2	0	5	2	1	14	1	1	5	3	0	14	9	2	1	6	1	1	20	4	0
G38T	1	0	1	0	0	0	0	0	0	0	3	0	0	0	0	0	0	0	0	3	0	0	0	0	8	0	0	0	0
G38W	1807	1658	1951	1729	354	375	464	497	345	512	405	381	99	955	232	170	810	1052	132	1580	1332	489	242	938	554	240	1115	1560	314
G38Y	0	0	0	0	0	0	0	0	0	0	0	0	0	0	0	0	0	0	0	0	0	0	0	0	0	0	0	0	0
G38V	8225	7906	7855	7909	1091	984	1290	1319	2188	2429	3520	1799	614	4009	691	591	3634	4284	514	5289	5855	3341	507	4017	3357	506	5928	4890	1090
G38X	19	10	12	11	2	0	0	1	1	0	0	1	0	7	0	0	11	13	0	7	10	13	1	8	0	1	14	249	2
G38B	22	25	14	5	0	0	0	2	2	0	0	0	0	19	1	1	8	10	1	8	4	13	0	8	10	1	11	7	1
V39A	19473	17712	16747	16821	7688	5074	5599	4185	5264	9235	7127	4068	2509	8923	2949	2322	7407	9065	1909	9572	12513	12523	2262	9082	11672	2322	14218	8662	6063
V39R	4	6	3	3	0	0	0	0	0	0	0	0	0	4	0	0	2	1	0	0	2	0	0	0	0	0	0	0	0
V39N	0	0	0	0	0	0	0	0	0	0	0	0	0	0	0	0	0	0	0	0	0	0	0	0	0	0	0	0	0
V39D	5	5	4	7	0	0	1	2	0	0	0	0	0	3	0	0	8	9	0	6	5	6	0	7	1	0	3	185	0
V39C	0	0	0	0	0	0	0	0	0	0	0	0	0	0	0	0	0	0	0	0	0	0	0	0	0	0	0	0	0
V39E	11266	10493	9178	8771	1347	971	909	1271	1351	2704	1934	1622	555	4888	550	526	4086	5291	474	5047	6188	7125	459	5144	5075	420	8478	7757	1233
V39Q	1	0	1	6	0	0	0	1	0	0	0	0	0	3	0	0	0	0	0	2	2	0	0	1	0	0	4	0	13
V39G	2112	1759	1864	1836	220	230	179	251	316	280	316	344	85	1061	116	97	797	1042	86	1049	1416	885	108	961	761	86	1642	748	289
V39H	0	0	0	0	0	0	0	0	0	0	0	0	0	0	0	0	0	0	0	0	0	0	0	0	0	0	0	0	0
V39I	9	20	7	5	0	1	5	3	1	3	1	1	0	11	0	1	4	5	0	8	9	0	3	11	15	3	16	1	5
V39L	3432	2921	2762	2893	1060	652	862	713	659	1382	710	548	277	1552	353	247	1210	1507	246	1594	2092	973	428	1500	866	380	2264	1282	920
V39K	12	9	17	3	4	0	10	6	0	40	0	0	0	11	0	0	2	1	0	4	21	0	1	6	0	0	7	0	0
V39M	10989	10576	9488	9213	3773	2988	2166	1701	2245	5003	2297	1719	941	5009	981	692	4244	5251	888	5552	6748	4270	770	5022	4099	970	8368	7321	3044
V39F	2	2	0	0	0	0	0	1	1	0	0	0	0	0	0	0	0	0	0	0	1	0	0	0	0	0	0	0	0
V39P	1	4	2	1	0	0	0	0	0	0	0	0	1	0	0	0	2	0	0	0	1	0	0	2	0	0	1	0	0
V39S	27	12	12	4	3	0	4	5	7	0	0	0	0	14	1	0	5	11	1	8	6	18	2	17	33	6	19	8	0
V39T	40	46	29	49	2	5	3	4	1	0	0	4	3	11	3	3	15	18	0	24	36	24	0	28	5	0	34	0	5
V39W	7	4	3	0	0	1	0	0	0	0	0	0	0	1	0	0	0	0	0	1	0	0	0	0	0	0	0	0	0
V39Y	0	0	0	0	0	0	0	0	0	0	0	0	0	0	0	0	0	0	0	0	0	0	0	0	0	0	0	0	0
V39V	4098216	3746571	3782613	3686161	5268332	3317209	5674291	3149092	2890658	4621094	4636729	2485378	2070739	1922201	2659210	2174857	1661377	1925853	1893532	2278194	2850299	2622053	2885109	2146007	2765339	2495934	2929277	2843199	4426733
V39X	0	0	0	0	0	0	0	0	0	0	0	0	0	0	0	0	0	0	0	0	0	0	0	0	0	0	0	0	0
V39B	1	5	4	0	0	1	0	0	0	0	0	0	0	3	0	0	3	0	0	1	7	1	0	2	0	0	4	1	0
A40A	4118155	3765966	3799093	3702031	5274281	3321925	5676620	3151362	2894276	4628930	4643335	2487635	2072741	1931354	2660802	2176199	1669097	1935507	1894967	2287141	2860768	2631595	2885814	2154924	2775057	2497092	2944456	2845212	4431465
A40R	0	0	0	0	0	0	0	0	0	0	0	0	0	0	1	0	0	0	0	0	0	0	0	0	0	0	0	0	0
A40N	1	0	4	0	1	0	0	0	1	0	0	0	0	0	1	0	0	0	0	0	0	1	1	0	1	1	3	0	0
A40D	1804	1589	1410	1452	419	247	421	311	532	460	308	186	102	750	149	130	664	768	147	804	996	497	238	877	683	238	1298	676	250
A40C	0	0	0	0	0	0	0	0	0	0	0	0	0	0	0	0	0	0	0	0	0	0	0	0	0	0	0	0	0
A40E	14	12	14	2	0	0	3	3	0	0	0	0	0	16	1	1	4	16	0	10	4	5	6	8	3	5	14	3	1
A40Q	0	0	0	0	0	0	0	0	0	0	0	0	0	0	0	0	0	0	0	0	0	0	0	0	0	0	0	0	0
A40G	328	354	378	345	149	90	140	118	71	134	112	107	32	200	83	43	162	173	33	209	242	140	52	201	301	53	263	347	105
A40H	0	0	0	0	0	0	0	0	0	0	0	0	0	0	0	0	0	0	0	0	0	1	0	0	0	0	0	0	0
A40I	4	9	12	4	0	1	0	3	0	1	0	5	2	8	3	0	3	2	0	6	11	0	0	1	1	6	8	0	4
A40L	0	0	0	0	0	0	0	0	0	0	0	0	0	1	0	0	0	0	0	0	0	0	0	0	0	0	1	0	0
A40K	0	0	0	0	0	0	0	0	0	0	0	0	0	2	0	0	0	0	0	0	0	0	0	0	0	0	0	0	0
A40M	0	0	0	0	0	0	0	0	0	0	0	0	0	0	0	0	0	0	0	0	0	0	0	0	0	0	0	0	0
A40F	2	2	1	0	1	1	0	1	2	0	0	0	0	0	0	0	1	3	0	1	0	0	0	2	0	0	1	5	1
A40P	1079	984	912	976	186	110	264	226	854	416	273	297	149	511	81	85	416	566	70	526	516	773	49	460	366	45	820	614	154
A40S	2671	2338	2441	2253	1170	711	1284	856	516	1027	636	532	231	1197	506	431	980	1251	377	1431	1497	787	583	1204	1369	546	1735	1334	912
A40T	10901	9800	9646	9581	3238	2177	2105	2037	2533	4378	2077	2111	865	5025	1087	878	3980	5014	748	5447	7894	7839	1263	5271	5605	1110	8245	8814	2503
A40W	0	0	0	0	0	0	0	0	0	0	0	0	0	0	0	0	0	0	0	0	0	0	0	0	0	0	0	0	0
A40Y	6	0	0	2	0	0	0	0	0	0	0	0	0	1	0	0	1	0	0	2	0	0	0	0	0	0	0	0	0
A40V	10632	9091	8823	9127	2984	1870	3192	2318	1718	4395	2373	2811	988	4630	1449	978	3854	4754	794	5485	7418	6241	1136	4842	4480	1025	7491	12159	2910
A40X	0	0	0	0	0	0	0	0	0	0	0	0	0	0	0	0	0	0	0	0	0	0	0	0	0	0	0	0	0
A40B	0	0	0	0	0	0	0	0	0	0	0	0	0	0	0	0	0	0	0	0	0	0	0	0	0	0	0	0	0
S41A	1211	1036	1023	1133	467	421	468	394	281	778	516	185	264	570	322	554	515	495	168	647	952	511	282	600	441	204	823	849	485
S41R	13	8	6	9	3	1	0	1	0	0	0	0	0	0	0	0	2	0	0	2	4	0	1	1	0	1	6	0	0
S41N	0	0	0	0	0	0	0	0	0	0	0	0	0	0	0	0	0	0	0	0	0	0	0	0	0	0	0	0	0
S41D	0	0	0	0	0	0	0	0	0	0	0	0	0	0	0	0	0	0	0	0	0	0	0	0	0	0	0	0	0
S41C	5	0	1	4	0	0	0	0	0	0	0	0	0	2	0	0	0	2	1	0	2	0	0	2	0	0	5	0	0
S41E	4	3	4	0	0	0	0	2	0	0	0	0	0	4	1	0	6	2	0	2	2	3	6	3	2	1	2	3	0
S41Q	21	7	14	10	2	5	0	1	1	1	0	1	1	4	2	0	10	12	1	3	7	5	7	9	1	0	17	2	2
S41G	0	0	0	0	0	0	0	0	0	0	0	0	0	0	0	1	0	0	0	0	0	0	0	0	0	0	0	0	0
S41H	0	0	0	0	0	0	0	0	0	0	0	0	0	0	0	0	0	0	0	0	0	0	0	0	0	0	0	0	0
S41I	0	0	0	0	0	0	0	0	0	0	0	0	0	1	0	0	0	0	0	0	1	0	0	0	0	0	0	0	0
S41L	11128	9820	9422	10195	2987	1996	2350	2182	1832	3511	3316	2071	988	5060	1244	1076	4304	5023	765	5731	8142	6678	1172	5227	4702	1021	8123	9644	2493
S41K	55	35	45	15	1	3	15	7	14	0	0	7	1	18	2	4	11	7	1	40	19	18	11	19	65	7	35	20	2
S41M	25	13	34	28	2	1	7	2	0	2	2	14	3	10	1	3	10	6	4	15	41	1	2	7	9	0	33	0	7
S41F	21	17	17	33	3	3	1	4	1	0	0	3	0	6	0	3	5	11	0	6	3	1	2	4	1	0	21	2	1
S41P	22980	20509	18516	19264	3291	2391	3080	3355	3789	7986	5104	4208	1642	10350	1714	1468	8284	10547	1271	10631	13273	13398	996	10455	8485	1061	16773	13383	3552
S41S	4085678	3736730	3773314	3674336	5263167	3313960	5668794	3144892	2884765	4611259	4625042	2479424	2068202	1916730	2655892	2171625	1656766	1921154	1891112	2272218	2840709	2614122	2882605	2140285	2762898	2494168	2920911	2824855	4420181
S41T	13355	12227	11231	11904	4966	3516	4680	3247	5023	5828	8079	3994	1867	6044	2555	2360	5088	6022	1892	6591	9359	7301	1843	6386	6168	1839	9747	7762	4562
S41W	216	165	177	182	109	88	98	60	243	210	62	96	30	101	48	44	86	87	46	109	193	72	59	111	309	36	146	31	63
S41Y	10	7	7	15	1	1	1	1	4	1	1	0	1	0	2	3	2	0	1	10	6	1	3	0	1	1	6	2	3
S41V	1	0	3	3	0	0	0	0	0	0	11	0	0	0	0	0	3	0	0	4	5	0	0	2	0	0	1	0	0
S41X	25	29	27	46	2	6	0	12	11	22	1	0	2	25	3	0	16	25	1	8	22	14	2	8	1	1	32	0	2
S41B	10849	9539	8893	8596	7428	4740	4535	3075	4539	10143	6980	3681	2109	4770	2377	1604	4054	4661	1873	5045	6606	5754	2151	4671	4783	1781	7654	12611	6952
V42A	20180	18167	16303	17015	11680	7783	9046	5405	12264	19168	10914	4257	5825	8886	5354	3881	7223	9149	4866	9053	11379	8645	2261	8651	8637	2812	14456	13211	9254
V42R	0	0	0	0	0	0	0	0	0	0	0	0	0	0	0	0	0	4	0	0	0	0	0	1	0	0	0	0	0
V42N	0	0	0	0	0	0	0	0	0	0	0	0	0	0	0	0	0	0	0	0	0	0	0	0	0	0	1	0	0
V42D	8	1	6	1	0	0	2	0	2	0	0	0	0	0	0	1	1	3	0	5	1	2	0	4	3	0	3	1	0
V42C	0	0	0	0	0	0	0	0	0	0	0	0	0	0	0	0	0	0	0	0	0	0	0	0	0	0	0	0	0
V42E	11465	10092	9859	9815	1864	1232	1199	1417	1710	3509	2923	1824	644	5014	741	482	4173	5228	339	5596	7053	6796	587	5397	4642	577	8289	11514	1673
V42Q	0	0	0	0	0	0	0	0	0	0	0	0	0	0	0	1	0	0	0	0	0	0	0	0	0	0	1	0	0
V42G	1272	1142	1082	1247	578	262	1056	310	188	1684	2136	1158	126	551	727	964	497	573	221	644	675	3019	450	640	466	423	923	267	493
V42H	0	0	0	0	0	0	0	0	0	0	0	0	0	0	0	0	0	0	0	0	0	0	0	0	0	0	0	0	0
V42I	58	62	56	45	16	7	14	10	1	0	1	0	5	12	4	3	21	28	0	21	35	5	0	22	5	7	43	38	3
V42L	2456	2264	2191	2113	1037	706	954	828	784	1024	604	618	237	1210	435	384	891	1190	352	1297	1539	1669	484	1264	788	443	1865	1192	813
V42K	2	3	2	2	0	1	0	0	0	0	0	0	0	1	0	0	1	2	0	4	3	5	0	2	0	0	2	0	0
V42M	12000	10917	9974	10507	4843	3263	3414	2651	3634	6507	3534	3294	1794	5550	1828	1879	4534	5818	1238	5749	7366	6246	1532	5555	7636	1451	9317	5897	4163
V42F	0	1	1	1	0	0	0	0	0	0	1	0	0	0	0	0	0	0	1	1	0	1	0	0	1	0	0	0	0
V42P	0	4	1	0	0	0	0	0	0	0	0	0	0	0	0	0	0	1	0	0	0	0	0	2	0	0	0	0	0
V42S	27	30	24	2	7	3	15	2	23	3	4	5	0	20	0	2	15	16	2	21	6	14	3	30	20	12	24	26	4
V42T	16	11	9	16	0	0	0	1	1	2	1	0	0	5	2	0	10	5	0	4	7	0	1	6	10	3	5	0	1
V42W	1	0	0	0	0	0	0	0	0	0	0	2	0	0	0	0	0	0	0	0	0	0	0	1	0	0	0	0	0
V42Y	0	0	0	0	0	0	0	0	0	0	0	0	0	1	0	0	0	0	0	0	0	0	0	0	0	0	0	0	0
V42V	4098098	3747435	3783213	3684997	5262404	3313873	5668329	3146611	2881895	4607844	4628995	2482526	2066479	1922422	2655070	2171147	1661791	1926032	1890117	2278663	2851270	2621477	2883824	2146210	2765657	2494393	2929386	2837016	4421901
V42X	0	0	0	0	0	0	0	0	0	0	0	0	0	0	0	0	0	0	0	0	0	0	0	0	0	0	0	0	0
V42B	14	16	13	12	0	2	0	0	1	0	1	0	0	23	2	1	5	5	0	4	12	0	0	5	1	0	20	2	0
L43A	0	0	0	1	1	0	0	0	0	0	0	0	0	0	0	0	0	0	0	0	0	0	0	0	0	0	0	0	0
L43R	9	10	11	13	0	1	0	0	0	0	0	0	0	6	0	0	2	7	0	6	18	1	0	5	0	1	4	0	3
L43N	0	0	0	0	0	0	0	0	0	0	0	0	0	0	0	0	0	0	0	0	0	0	0	0	0	0	0	0	0
L43D	0	0	0	0	0	0	0	0	0	0	0	0	0	0	0	0	0	0	0	0	0	0	0	0	0	0	0	0	0
L43C	1	3	0	0	0	0	0	0	0	1	0	0	0	3	0	0	0	0	0	0	1	0	0	2	3	0	1	1	0
L43E	3	0	3	4	0	0	1	0	0	2	0	0	0	0	0	0	0	0	0	0	2	0	0	1	0	0	0	0	0
L43Q	201	217	185	228	27	10	23	30	13	29	2	37	2	86	12	11	60	92	2	106	118	30	7	87	45	21	143	3	11
L43G	0	2	2	0	0	0	0	0	0	0	0	0	2	3	0	1	4	7	0	2	0	0	0	0	0	0	0	0	0
L43H	0	0	0	0	0	0	0	0	0	0	0	0	0	0	0	0	0	0	0	0	0	0	0	0	0	0	0	0	0
L43I	30	29	27	33	6	6	4	6	1	0	10	5	12	19	7	3	9	10	2	17	20	20	6	11	37	3	44	0	15
L43L	4027435	3685271	3725711	3629780	5235860	3300385	5647734	3134680	2867409	4578558	4584582	2462549	2051324	1892456	2645843	2167138	1636498	1897067	1875502	2249752	2816936	2601272	2881247	2116482	2727551	2489614	2880982	2717931	4394159
L43K	6	12	8	14	1	1	0	3	0	1	0	0	1	15	0	0	11	3	1	6	12	0	1	8	0	0	14	2	1
L43M	10764	9589	8697	8912	5188	2850	3466	2522	1907	4309	2855	2066	1306	4470	1973	2128	3810	4476	1110	4989	6659	5296	1885	4641	4960	1710	7853	8916	3707
L43F	7299	6441	6084	6229	2202	1284	1610	1628	2079	4150	3497	2241	908	3216	858	753	2779	3407	678	3721	4860	4660	773	3284	2086	660	5254	2954	1683
L43P	105	79	77	110	16	2	5	20	33	3	16	14	0	56	3	6	30	57	1	55	54	4	1	59	21	1	87	15	9
L43S	23226	21060	19924	20661	24035	11653	20997	8280	13889	25712	37476	13824	16371	10416	10285	5370	8390	10566	15620	11140	14381	12086	2929	11158	12627	4816	17433	24369	25683
L43T	42	42	27	56	0	2	3	7	0	9	1	3	2	18	1	0	20	23	12	26	21	71	0	19	8	3	36	1	4
L43W	1773	1629	1453	1515	283	212	182	197	371	600	263	326	77	731	97	66	636	731	59	834	1198	300	131	787	3067	97	1240	5591	183
L43Y	36	43	32	22	2	9	1	0	1	1	1	1	0	24	0	0	11	17	1	5	14	11	1	12	35	1	8	18	0
L43V	1852	1804	1591	1601	648	575	557	491	615	1245	314	706	277	864	256	218	662	914	243	860	950	1009	149	798	976	199	1380	4638	645
L43X	158	142	113	141	26	11	9	21	1	23	9	2	9	64	6	1	72	93	1	59	49	30	0	58	79	5	147	2	24
L43B	72657	63772	58789	56453	14134	10131	9437	9350	14184	25098	20088	11910	4819	31248	4822	3050	26168	30584	3904	29484	34053	23089	2012	30378	36371	2990	49709	104723	12178
A44A	4093296	3742799	3777713	3679418	5259424	3312020	5662702	3142672	2887995	4617360	4630254	2480798	2068039	1920163	2654161	2170116	1659074	1924043	1890946	2274504	2843575	2615030	2880028	2142400	2759551	2490448	2926577	2835495	4418735
A44R	0	0	0	0	0	0	0	0	0	0	0	0	0	0	0	0	0	0	0	0	0	0	0	0	0	0	0	1	0
A44N	8	12	8	3	1	1	1	1	0	0	1	0	0	4	0	0	0	4	1	8	2	0	0	6	1	1	6	0	0
A44D	5852	5275	4762	4931	1207	791	903	888	828	1247	917	583	250	2751	511	356	2340	2744	330	2870	3240	1548	362	2636	2192	419	4302	2930	932
A44C	11	0	1	0	0	3	0	0	0	0	0	0	0	0	0	0	0	0	0	2	0	0	0	0	0	0	0	0	0
A44E	30	25	36	2	0	0	5	4	13	0	0	1	3	26	9	6	16	22	0	19	7	14	5	16	25	8	23	15	3
A44Q	0	0	0	0	0	0	0	0	0	0	0	0	0	0	0	0	0	0	0	0	0	0	0	0	0	0	0	0	0
A44G	1165	1143	1101	1072	309	238	313	227	291	415	218	286	165	630	194	206	605	701	150	752	766	715	145	602	250	137	940	507	356
A44H	3	0	1	2	0	0	0	0	0	0	0	0	2	1	0	0	0	1	0	1	1	0	0	0	1	1	0	0	0
A44I	13	6	13	19	3	1	6	4	1	35	13	2	1	2	0	2	1	8	3	8	12	0	2	17	1	2	14	0	5
A44L	6	2	1	3	0	1	0	1	0	0	0	0	0	2	1	0	1	3	0	0	2	0	0	1	0	0	3	0	0
A44K	0	0	0	0	0	0	0	0	0	0	0	0	0	0	0	0	0	0	0	0	0	0	0	0	0	0	2	2	0
A44M	0	0	0	0	0	0	0	0	0	0	0	0	0	0	0	0	0	0	0	0	0	0	0	0	0	0	0	0	0
A44F	21	14	9	19	9	3	3	4	1	0	1	8	0	8	2	0	9	10	1	10	8	2	3	3	3	1	14	2	5
A44P	2845	2460	2326	2337	451	333	372	427	459	628	394	284	274	1260	242	170	1002	1356	125	1310	1413	839	143	1205	1566	122	2158	2815	444
A44S	5777	5383	4881	5078	2616	1515	1971	1541	1823	3753	3041	1569	726	2606	1076	1052	2191	2724	639	2968	3250	8478	1019	2795	3269	1014	4395	2359	2054
A44T	18916	17247	15945	16478	7403	5207	6533	4502	3479	7385	5621	3591	2213	8229	2785	2380	6957	8331	1894	8783	12099	9970	2563	8825	8670	2721	14016	13307	6395
A44W	0	0	0	0	0	0	0	0	0	0	0	0	0	0	0	0	0	0	0	0	0	0	0	0	0	0	0	0	0
A44Y	7	3	10	10	1	0	0	0	0	0	1	0	0	5	0	0	3	4	0	1	7	2	0	7	0	1	12	1	0
A44V	17647	15776	15927	16401	11005	7019	11220	6964	5613	8918	8653	6562	3437	8008	5182	4457	6963	8103	3047	9826	14964	11281	4872	9277	12337	5246	11873	11730	9376
A44X	0	0	0	0	0	0	0	0	0	0	0	0	0	0	0	0	0	0	0	0	0	0	0	0	0	0	0	0	0
A44B	0	0	0	0	0	0	0	0	0	0	0	0	0	0	0	0	0	0	0	0	0	0	0	0	0	0	0	0	0
M45A	166	189	168	168	20	20	30	25	0	51	12	20	27	90	8	7	64	118	3	74	73	467	4	101	30	17	172	45	35
M45R	1508	1337	1206	1334	399	329	360	260	227	531	376	107	165	652	170	109	502	672	75	728	878	484	123	681	310	144	1109	371	373
M45N	4	4	5	1	0	0	0	0	4	0	0	0	0	0	1	2	1	2	0	2	0	1	0	0	0	0	3	3	1
M45D	0	0	0	0	0	0	0	0	0	0	0	0	0	0	0	0	0	0	0	0	0	0	0	0	0	0	0	0	0
M45C	0	0	0	0	0	0	0	0	0	0	0	0	0	0	0	0	0	0	0	0	0	0	0	0	0	0	0	0	0
M45E	37	33	34	47	57	10	5	6	0	0	2	1	5	11	4	4	21	17	6	19	33	0	6	12	4	4	27	0	5
M45Q	9	1	1	3	0	0	2	0	0	0	1	2	1	2	0	0	1	8	0	8	5	0	0	3	0	0	1	0	0
M45G	4	4	14	10	7	0	0	0	0	1	0	0	0	2	1	3	0	2	0	0	4	1	1	1	0	2	0	0	0
M45H	0	0	0	0	0	0	0	0	0	0	0	0	0	0	0	0	0	0	0	0	0	0	0	0	0	0	0	0	0
M45I	17153	15781	14347	14597	6238	3997	5834	5274	4811	7097	6683	7599	2875	7760	2756	2450	6351	8090	2330	8400	10694	12465	1885	8080	11827	2030	13067	11688	6179
M45L	11844	10956	10561	11046	3036	2331	2394	2224	2427	4504	3387	1613	951	5672	1318	1142	4709	5711	829	6170	8340	4600	1241	5859	5920	1261	9355	5610	2957
M45K	12629	11054	10421	10682	3473	2381	2773	2052	2993	4391	3882	2251	913	5641	1463	1250	4506	5825	830	6034	7631	5718	1236	6262	6792	1346	9416	10201	3526
M45M	4066818	3719735	3756295	3657421	5254964	3308690	5661209	3139025	2873800	4602993	4618332	2472312	2061860	1908020	2652923	2169070	1649795	1911655	1885567	2262435	2827376	2602592	2881238	2129384	2741716	2491369	2904909	2815985	4412248
M45F	5	3	7	8	0	0	1	0	1	0	2	0	0	9	0	1	0	4	0	3	2	1	0	1	0	0	4	2	1
M45P	6	10	6	3	4	0	0	0	0	0	0	1	0	7	0	1	1	4	0	3	2	0	0	5	0	1	7	0	1
M45S	327	335	220	202	48	52	14	43	0	45	5	24	22	105	10	16	79	162	7	94	101	42	8	131	594	8	237	391	35
M45T	17896	15620	14847	15440	5168	3763	3963	3390	3309	5865	6161	3470	1642	8023	1794	1565	6599	8091	1617	8385	12055	7995	1739	8938	8311	1743	13492	12743	4861
M45W	0	0	1	0	0	0	0	0	0	0	0	0	0	1	0	2	0	0	0	0	2	0	1	2	0	3	5	0	0
M45Y	0	0	0	0	0	0	0	0	0	0	0	0	0	0	0	0	0	0	0	0	0	0	0	0	0	0	0	0	0
M45V	17039	14947	14465	14683	8904	5459	7361	4891	12885	14114	10169	6228	6614	7642	3684	3103	6467	7631	5841	8638	12064	13496	1627	8268	12344	2162	12430	12090	7940
M45X	0	0	0	0	0	0	0	0	0	0	0	0	0	0	0	0	0	0	0	0	0	0	0	0	0	0	0	0	0
M45B	152	136	136	128	111	100	83	45	46	149	102	56	35	58	31	20	66	62	31	69	86	17	33	62	18	31	101	35	143
L46A	8	3	2	0	0	0	0	0	1	1	0	0	0	4	0	0	0	1	0	0	0	0	0	2	0	0	2	0	0
L46R	1111	1026	988	1063	146	91	95	114	90	99	79	236	52	591	50	31	464	535	38	577	667	184	38	556	614	36	674	1883	128
L46N	18	17	18	4	0	0	0	1	1	0	0	0	0	11	1	0	4	15	0	9	2	9	1	15	10	1	13	36	0
L46D	0	1	0	1	0	0	0	0	0	0	0	0	0	0	0	0	2	0	0	0	1	1	0	1	1	0	2	0	18
L46C	4	3	0	1	0	0	3	0	0	0	0	1	0	2	0	0	1	0	0	0	2	0	0	6	0	0	3	0	0
L46E	0	0	0	0	0	0	0	0	0	0	0	0	0	0	0	0	0	0	0	0	0	0	0	0	0	0	0	0	0
L46Q	46	35	49	5	0	2	4	6	3	0	0	1	0	23	1	0	10	19	0	23	2	26	1	8	16	1	26	27	1
L46G	0	0	0	0	0	0	0	0	0	0	0	0	0	1	0	0	0	0	0	0	0	0	0	0	0	0	0	0	0
L46H	14480	12975	11880	12331	2334	1518	1684	1902	2509	4767	1931	2790	1085	6292	736	854	5390	6621	808	6598	7572	9907	529	6287	5958	572	10655	14442	2160
L46I	2877	2638	2531	2527	1176	591	1025	701	885	702	987	438	253	1364	496	576	1043	1258	306	1417	1930	2100	530	1418	1067	431	2103	893	897
L46L	4093988	3743789	3779709	3681699	5273049	3320871	5676521	3149999	2892901	4623794	4639866	2485768	2071601	1921155	2660639	2175443	1660313	1925092	1894387	2277011	2850348	2623116	2886133	2144438	2765502	2497225	2926998	2825888	4430083
L46K	0	0	0	0	0	0	0	0	0	0	0	0	0	0	0	0	0	0	0	0	0	0	0	0	0	0	0	0	0
L46M	1	0	0	1	0	0	0	0	0	0	0	0	0	0	0	0	0	0	0	0	0	0	0	1	0	0	0	0	0
L46F	9781	8687	8437	8651	2276	1497	1600	1554	1257	2443	2387	1601	639	4443	896	636	3629	4310	529	4866	6420	4434	846	4623	2986	736	7660	8767	1995
L46P	22705	20469	18620	18985	3251	2405	2933	2814	2685	7769	3728	2692	1418	9549	1278	1145	8106	9966	1018	10254	12017	7960	975	10160	11509	1047	15705	16559	2886
L46S	35	28	36	20	3	3	0	7	32	2	1	1	2	18	2	6	11	14	0	16	11	2	3	11	24	1	33	2	3
L46T	12	8	7	8	1	1	0	0	0	2	0	0	0	6	0	2	0	12	1	4	7	1	1	0	0	1	9	1	0
L46W	0	0	0	0	0	0	0	0	0	0	0	0	0	0	0	0	0	0	0	0	0	0	0	0	0	0	0	0	0
L46Y	25	12	24	20	0	0	1	2	0	2	0	0	0	9	1	3	10	10	0	6	14	2	1	8	0	0	25	0	0
L46V	506	454	433	457	193	153	163	135	139	160	135	156	60	227	63	49	179	201	49	281	353	137	84	256	179	70	427	666	134
L46X	0	0	0	0	0	0	0	0	0	0	0	0	0	0	0	0	0	0	0	0	0	0	0	0	0	0	0	0	0
L46B	0	0	0	0	0	0	0	0	0	0	0	0	0	0	0	0	0	0	0	0	0	0	0	0	0	0	0	0	0
Q47A	0	0	0	0	0	0	0	0	0	0	0	0	0	0	0	0	0	0	0	0	0	0	0	0	0	0	0	1	0
Q47R	20897	18241	17629	18672	5961	3920	4291	3651	4065	7142	4970	5291	1885	8954	1934	1220	7742	9148	1467	9948	14330	17780	3418	9874	9764	1419	14821	10498	4869
Q47N	0	5	3	4	0	0	0	0	0	0	0	0	0	2	0	0	0	1	0	2	3	0	0	0	1	0	2	0	0
Q47D	2	2	0	2	0	2	0	0	0	0	0	0	0	0	0	0	0	1	0	4	0	0	0	0	0	0	0	0	0
Q47C	0	0	0	0	0	0	0	0	0	0	0	0	1	0	0	0	0	0	0	0	0	0	0	0	0	0	0	0	0
Q47E	441	355	369	463	115	89	123	86	39	36	74	84	25	181	32	36	182	176	26	212	335	127	49	196	96	49	310	77	85
Q47Q	4053825	3707943	3744150	3644872	5224877	3289646	5653547	3135465	2863328	4582388	4618274	2473281	2061089	1902946	2650698	2171690	1644929	1907344	1885266	2258792	2820536	2587244	2878343	2126277	2745569	2489911	2898970	2807570	4395214
Q47G	3	4	3	1	0	0	0	0	0	0	0	0	0	1	0	0	1	1	0	0	2	3	0	3	0	0	1	1	0
Q47H	9091	7804	7367	7240	1937	1354	1693	1570	1604	2630	2220	1669	718	3884	751	563	3208	4090	519	4080	5266	2390	758	3767	2962	709	5801	6162	1843
Q47I	0	0	0	0	0	0	0	0	0	0	0	0	0	0	0	0	0	0	0	0	0	0	0	0	0	0	0	0	0
Q47L	19696	17722	17900	19543	3265	2470	2479	2710	3052	5198	3972	3089	1085	9296	1243	937	7833	8775	854	10594	16876	19611	1594	10109	12541	1195	14304	16159	3313
Q47K	5078	4873	4398	4426	799	634	664	671	734	1163	1069	573	161	2385	363	215	1966	2499	187	2545	3176	1356	368	2377	2133	332	3832	1654	671
Q47M	49	50	49	56	0	10	4	5	0	1	11	2	1	19	0	2	17	16	0	30	43	17	0	27	3	0	29	2	12
Q47F	0	0	0	0	0	0	0	0	0	0	0	0	0	0	0	0	0	0	0	0	0	0	0	0	0	0	0	0	0
Q47P	3076	2777	2488	2630	392	236	269	345	902	829	314	308	104	1245	172	163	1007	1306	73	1348	1967	3484	163	1404	2012	135	2190	2303	400
Q47S	3	0	0	1	1	5	0	0	0	0	0	0	0	1	0	0	1	1	0	1	5	0	0	0	0	1	0	1	0
Q47T	0	6	1	2	0	0	1	0	1	0	0	0	0	0	0	0	1	0	0	1	1	0	0	0	1	0	1	1	0
Q47W	54	60	40	75	23	16	15	11	7	16	4	6	2	33	5	3	17	29	3	28	65	2163	13	19	108	4	65	1	15
Q47Y	36	35	17	23	7	5	1	6	20	1	0	2	0	9	1	3	11	16	2	14	9	1	0	9	29	1	26	1	2
Q47V	8	1	4	4	0	0	1	0	0	0	0	0	0	1	0	0	2	2	0	0	0	0	0	3	6	0	2	0	0
Q47X	152	110	104	116	25	10	12	10	2	3	3	2	5	62	4	4	27	65	2	55	33	5	3	41	1	2	81	1	14
Q47B	33186	30157	28212	27643	45027	28735	20929	12705	26749	40334	18203	9377	10034	14676	8960	3909	12218	14584	8737	13408	16699	13698	4433	13684	12640	6363	23900	24732	31867
L48A	1	2	1	1	1	0	0	0	0	0	0	0	0	0	0	0	3	2	0	3	6	0	1	1	1	0	4	0	9
L48R	3568	3272	2935	2833	1059	585	1058	731	919	1675	3012	2015	527	1433	556	507	1347	1608	331	1642	2016	2670	335	1556	3076	378	2598	4561	901
L48N	0	0	0	0	0	0	0	0	0	0	0	0	0	0	0	0	0	0	0	0	0	0	0	0	0	0	0	0	0
L48D	0	0	0	0	0	0	0	0	0	0	0	0	0	0	0	0	0	0	0	0	0	0	0	0	0	0	0	0	0
L48C	0	0	0	0	0	0	0	0	0	0	0	0	0	0	0	0	0	0	0	0	0	0	0	0	0	0	0	0	0
L48E	5	2	11	1	0	0	0	0	0	0	1	0	1	1	0	0	0	0	0	2	2	1	0	3	0	1	15	0	0
L48Q	18358	17233	15385	16471	6125	4238	4297	3658	3879	8226	5119	3423	1591	8507	1907	1741	6667	8580	1273	8792	10786	6537	1835	8666	8851	1977	14461	9842	5175
L48G	1	0	0	2	0	0	0	0	0	0	0	0	0	0	0	0	0	1	0	1	0	0	0	0	0	0	1	1	0
L48H	16	10	9	13	4	3	0	4	0	1	2	0	1	1	2	0	6	2	1	6	5	2	1	8	3	1	13	0	2
L48I	16	7	8	12	1	5	0	0	1	0	0	1	4	4	3	1	10	15	3	1	5	1	0	6	3	0	4	0	2
L48L	4086216	3735883	3772835	3673104	5263363	3314345	5669731	3145654	2887930	4613885	4631318	2481020	2069753	1917393	2657023	2172860	1657745	1920682	1892744	2272720	2844460	2623482	2882904	2139693	2757646	2493580	2918927	2834046	4422049
L48K	15	14	11	6	0	0	0	0	1	0	1	0	1	4	0	0	10	8	0	11	9	2	3	5	1	4	12	2	0
L48M	4853	4610	4455	4279	2141	1560	1981	1302	886	2271	2336	997	570	2351	1017	1032	1799	2397	653	2645	3185	1397	1249	2444	2856	1083	3853	2995	1928
L48F	6	10	4	3	0	2	1	1	13	0	0	1	0	3	0	0	3	2	1	1	3	1	0	5	0	0	1	1	0
L48P	31172	27737	25923	27947	9278	6065	6678	5567	6470	12950	6957	5937	2489	13458	3423	2462	11091	14080	2002	14571	18033	11850	2651	14785	15072	2909	23361	16490	7730
L48S	80	47	54	54	41	12	8	19	1	27	1	16	11	33	4	10	17	28	12	36	48	8	7	37	1	7	69	47	40
L48T	15	11	17	19	1	1	5	6	0	2	10	0	4	8	3	2	9	6	1	15	19	15	3	13	3	3	12	3	9
L48W	2	0	3	3	0	0	0	1	0	0	0	0	0	0	0	0	2	0	0	0	3	0	0	1	0	0	0	0	0
L48Y	0	0	0	0	0	0	0	0	0	0	0	0	0	0	0	0	0	0	0	0	0	0	0	0	0	0	0	0	0
L48V	1154	1206	1006	913	361	284	236	266	337	676	327	258	150	460	196	124	400	589	101	566	697	1872	143	503	324	145	915	1174	417
L48X	5	3	0	0	0	0	0	0	0	0	0	0	0	0	0	0	2	1	1	0	0	0	0	0	0	2	1	0	0
L48B	114	98	77	112	54	32	34	26	66	28	30	16	8	39	29	6	51	53	13	50	69	41	10	64	29	31	88	2	43
T49A	18691	17325	16450	17105	11687	7264	7666	5570	7097	12429	7027	5132	3922	8529	3825	3082	7307	8750	3716	9405	12635	11032	3260	8918	8865	3068	14664	12242	8862
T49R	619	512	508	543	113	71	102	90	59	189	90	70	41	302	64	57	243	264	37	310	483	293	68	300	132	37	475	206	97
T49N	6	5	6	3	14	0	1	3	4	22	0	1	0	2	0	0	3	2	0	3	2	1	0	4	2	0	0	0	0
T49D	0	0	0	0	0	0	0	0	0	0	0	0	0	0	0	1	0	0	0	0	0	0	0	0	0	0	0	0	0
T49C	0	0	0	0	0	0	0	0	0	0	0	0	0	0	0	0	0	0	0	0	0	0	0	0	0	0	0	0	0
T49E	17	27	24	10	5	0	4	7	8	0	2	1	2	22	0	1	4	21	2	15	6	24	8	23	26	8	15	12	3
T49Q	0	0	0	0	0	0	0	0	0	0	0	0	0	0	0	0	0	0	0	0	0	0	0	0	0	0	1	0	0
T49G	3	1	1	0	1	0	0	0	0	1	0	0	0	0	0	0	0	2	0	1	4	0	0	0	0	0	1	1	0
T49H	0	0	0	0	0	0	0	0	0	0	0	0	0	0	0	0	0	0	0	0	0	0	0	0	0	0	0	0	0
T49I	6451	5920	5576	5537	2113	1419	1811	1370	2498	2460	2040	1329	770	3022	840	821	2334	2927	496	3210	4655	3397	957	2933	2414	830	4821	3348	1927
T49L	9	9	8	10	1	0	2	3	0	1	0	0	0	3	1	1	1	2	0	5	6	0	0	3	1	0	7	0	1
T49K	800	888	842	590	331	217	345	235	310	293	197	153	41	409	132	96	265	441	99	425	402	333	390	415	620	230	586	574	160
T49M	24	17	10	24	6	0	17	12	3	2	2	9	23	11	22	2	13	11	0	12	26	73	12	14	1	13	12	17	11
T49F	0	0	0	0	0	0	0	0	0	0	0	0	0	0	0	0	0	0	0	0	0	0	0	0	0	0	0	0	0
T49P	1395	1177	1184	1281	417	236	307	169	351	478	218	169	118	670	135	80	512	669	76	697	1020	1390	140	666	922	127	1070	403	255
T49S	13335	11712	11092	11593	4294	2877	2813	2576	3348	4923	3207	2136	1236	5646	1531	1131	4843	5401	1099	6046	8299	6041	1262	5761	6807	1312	9250	12339	3306
T49T	4104186	3752516	3787003	3689028	5263439	3315040	5670954	3147193	2886824	4618943	4636330	2484683	2068956	1925055	2657608	2173470	1663625	1929547	1891607	2280916	2851784	2625289	2883043	2148736	2768071	2494495	2933399	2840013	4423668
T49W	0	0	0	0	0	0	0	0	0	0	0	0	0	0	0	0	0	0	0	0	0	0	0	0	0	0	0	0	0
T49Y	0	0	0	0	0	0	0	0	0	0	0	0	0	0	0	0	0	0	0	0	0	0	0	0	0	0	0	0	0
T49V	36	21	23	33	8	8	7	4	1	0	1	1	1	11	4	2	11	13	4	8	15	2	1	15	2	1	21	2	10
T49X	24	15	7	16	0	0	0	3	0	0	0	0	0	13	1	1	1	4	0	9	9	4	1	2	3	0	13	7	5
T49B	1	0	0	0	0	0	0	0	0	0	0	0	0	0	0	0	0	0	0	0	0	0	0	0	0	0	0	0	0
T50A	14308	12437	12012	12892	6498	4685	5021	3666	3515	5583	4640	2945	1807	6109	2338	1767	5143	6135	1625	6766	9801	6385	2505	6714	5667	2361	10545	7777	5981
T50R	1582	1367	1248	1328	183	131	171	171	81	151	116	187	37	680	46	41	548	632	47	689	914	303	85	623	331	54	1148	980	140
T50N	44	38	48	28	0	1	2	5	2	0	0	0	0	29	0	2	22	23	0	26	12	1	2	9	105	1	48	22	23
T50D	0	0	0	0	0	0	0	0	0	0	0	0	0	0	0	0	0	0	0	0	0	0	0	0	0	0	0	0	0
T50C	0	0	0	0	0	0	0	0	0	0	0	0	0	0	0	0	0	0	1	0	0	0	0	0	0	0	0	0	0
T50E	22	14	24	6	2	1	2	6	6	0	7	1	0	19	0	2	4	8	2	7	15	11	2	7	8	2	22	7	2
T50Q	0	0	0	0	0	0	0	0	0	0	0	0	0	0	0	0	0	0	0	1	0	0	0	1	0	0	0	0	0
T50G	4	10	7	2	0	0	0	0	0	0	0	0	1	2	0	2	2	3	0	2	1	0	0	2	0	0	0	0	0
T50H	0	0	0	0	0	0	0	0	0	0	0	0	0	0	0	0	0	0	0	0	0	0	0	0	0	0	0	0	0
T50I	5527	5323	4875	5197	1324	887	909	943	1263	1817	1231	784	320	2600	389	325	2134	2613	252	3088	4505	5075	484	2827	3960	391	4364	4709	1081
T50L	5	8	4	9	0	1	0	4	1	1	1	0	0	6	0	0	3	5	0	1	4	0	0	2	1	0	4	0	0
T50K	1656	1340	1484	1255	300	256	358	324	435	183	532	209	60	682	179	121	499	745	124	788	844	645	368	775	808	254	1064	647	202
T50M	21	28	10	22	1	1	2	0	36	10	1	2	0	15	1	0	6	7	0	12	15	4	2	16	61	1	20	1	3
T50F	0	0	0	0	0	0	0	0	0	0	0	0	0	0	0	0	0	0	0	0	1	0	0	1	0	0	0	0	0
T50P	1756	1618	1474	1606	210	185	195	209	140	172	162	194	66	779	73	61	629	858	49	796	1150	815	98	765	434	72	1375	511	282
T50S	20107	18252	17005	17240	9311	5973	6363	5115	8364	7958	7404	4076	3442	8675	3190	2780	6964	8463	2947	9069	11390	9242	2336	8829	7231	2806	13947	12863	7601
T50T	4100472	3749600	3784453	3686095	5264593	3315000	5670998	3146772	2886657	4623865	4635020	2485275	2069374	1924034	2657945	2173631	1663168	1928503	1892072	2279779	2850633	2625394	2883259	2147178	2769112	2494178	2931751	2841636	4422987
T50W	0	0	0	0	0	0	0	0	0	0	0	0	0	0	0	0	0	0	0	0	0	0	0	0	0	0	0	0	0
T50Y	0	0	0	0	0	0	0	0	0	0	0	0	0	0	0	0	0	0	0	0	0	0	0	0	0	0	0	0	0
T50V	13	12	16	15	1	3	4	2	1	0	0	4	0	8	2	6	10	12	0	13	26	1	1	7	135	1	7	9	2
T50X	80	98	74	78	6	8	4	18	2	1	0	7	3	57	0	7	30	47	17	25	35	3	0	34	13	0	40	2	1
T50B	0	0	0	0	0	0	0	0	0	0	0	0	0	0	0	0	0	0	0	0	0	0	0	0	0	0	0	0	0
G51A	354	278	311	343	167	86	131	88	109	187	124	63	35	133	28	54	131	150	24	182	264	81	76	171	83	47	249	217	132
G51R	9444	8321	8039	8443	4222	2623	3382	2756	2936	5074	2622	2430	1230	4169	2222	1616	3776	4066	946	4871	7254	10312	3493	4395	6656	2200	7011	13079	3451
G51N	0	0	0	0	0	0	0	0	0	0	0	0	0	0	0	0	0	0	0	0	0	0	0	0	0	0	0	0	0
G51D	16	19	20	35	1	2	7	4	9	0	0	4	1	10	5	0	2	12	3	10	19	7	5	14	0	5	8	1	0
G51C	61	61	42	54	27	25	6	19	2	100	74	3	3	16	6	3	22	16	3	24	36	8	5	25	3	1	51	72	13
G51E	6320	5797	5499	5816	1937	1736	1459	1245	1095	2291	1739	965	523	2809	565	537	2390	2823	463	2988	4123	4660	822	2966	2684	686	4935	2348	1793
G51Q	1	1	0	0	0	0	1	0	0	0	0	0	0	0	0	0	0	0	0	0	0	1	0	0	0	0	1	2	0
G51G	3982243	3640576	3690369	3587609	5254622	3306586	5664602	3134459	2882760	4602810	4627989	2473715	2065658	1870263	2654715	2171169	1623236	1872204	1889447	2234232	2820026	2596735	2882012	2102088	2752032	2492620	2845128	2813658	4412401
G51H	0	0	0	0	0	0	0	0	0	0	0	0	0	0	0	1	0	0	0	0	0	0	0	0	0	0	0	0	0
G51I	6	12	13	2	0	1	4	2	3	0	0	1	0	7	1	2	2	5	3	12	2	5	9	14	9	5	5	11	3
G51L	456	431	372	20	4	2	29	35	43	1	1	3	7	262	18	12	126	259	19	213	42	175	14	223	123	26	251	179	14
G51K	11	13	7	21	5	16	6	0	3	21	4	1	3	9	3	2	8	2	0	3	7	6	7	8	1	0	13	3	3
G51M	0	0	0	0	0	0	0	0	0	0	0	0	0	0	0	0	0	0	0	0	0	0	0	0	0	0	0	0	0
G51F	0	0	0	0	0	0	0	0	0	0	0	0	0	0	0	0	0	0	0	0	0	0	0	0	0	0	0	0	0
G51P	0	0	0	0	0	0	0	0	0	0	0	0	0	0	0	0	0	0	0	0	0	0	0	0	0	0	0	0	0
G51S	38	36	28	24	49	16	4	5	23	1	3	0	4	22	7	3	16	25	0	18	22	2	3	17	3	3	21	18	1
G51T	5	5	9	1	0	6	2	0	1	0	1	1	0	7	0	2	2	5	0	2	0	1	0	0	0	0	4	0	2
G51W	60	61	58	60	14	12	8	21	1	5	9	16	10	31	3	6	17	34	1	31	44	8	5	29	2	4	49	2	8
G51Y	0	0	0	0	0	0	0	0	0	0	0	0	0	0	0	0	0	0	0	0	0	0	0	0	0	0	0	0	0
G51V	3685	3338	3322	3432	1154	709	1054	978	616	1215	1087	1035	339	1753	496	404	1372	1637	368	1862	2103	3661	468	1577	975	381	2651	1929	887
G51X	142897	131196	114645	119913	20227	15312	13334	17623	12902	28036	15461	15447	7297	64204	6094	4934	48062	66816	5859	56614	45404	32217	2223	56263	25295	4143	103958	37645	19597
G51B	0	0	0	0	0	0	0	0	0	0	0	0	0	0	0	0	0	0	0	0	0	0	0	0	0	0	0	0	0
G52A	113	116	106	103	51	40	39	42	19	50	32	38	14	40	13	9	58	38	12	33	72	44	18	42	17	13	70	50	44
G52R	7743	7074	6702	7116	2263	1338	1612	1408	2368	2762	2042	1233	565	3370	765	575	3002	3581	462	3985	5630	4494	934	3689	4084	717	5825	3046	1539
G52N	0	0	0	0	0	0	0	0	0	0	0	0	0	0	0	0	0	0	0	0	0	0	0	0	0	0	0	0	0
G52D	4	2	3	12	1	0	0	0	0	0	32	0	0	4	0	2	2	0	0	7	2	0	0	2	0	0	2	0	0
G52C	48	39	33	31	4	2	0	3	0	0	3	2	0	16	1	1	14	14	0	25	26	1	1	19	15	1	23	0	1
G52E	3690	3273	2975	3181	945	824	814	760	451	1451	1055	668	327	1582	343	340	1238	1537	273	1594	2058	2160	396	1579	1547	304	2545	2147	775
G52Q	0	0	0	0	0	0	0	0	0	1	0	1	0	0	0	0	0	0	0	1	1	0	0	0	1	0	0	0	0
G52G	4047206	3699777	3740691	3639559	5267679	3316198	5672962	3143951	2890964	4618454	4637767	2483292	2070118	1899597	2659278	2174938	1646078	1902567	1893331	2260593	2843096	2622740	2886063	2128938	2765651	2496515	2894477	2840456	4425331
G52H	0	0	0	0	0	0	0	0	0	0	0	0	0	0	0	0	0	0	0	0	0	0	0	0	0	0	0	0	0
G52I	5	7	8	2	0	0	1	1	3	1	0	0	0	10	1	0	0	5	0	3	2	3	1	7	5	2	8	7	0
G52L	264	219	200	25	4	5	29	15	15	1	1	1	2	158	9	3	54	125	7	109	21	62	5	111	69	9	119	50	10
G52K	14	6	22	13	5	15	6	3	0	1	2	2	1	7	1	0	9	6	0	3	10	1	4	4	2	2	4	23	2
G52M	0	0	0	0	0	0	0	0	0	0	0	0	0	0	0	0	0	0	0	0	0	0	0	0	0	0	0	0	0
G52F	0	0	0	0	0	0	0	0	0	0	0	0	0	0	0	0	0	0	0	0	0	0	0	0	0	0	0	0	0
G52P	0	0	0	0	0	0	0	0	0	0	0	0	0	0	0	0	0	0	0	0	0	0	0	0	0	0	0	0	0
G52S	12	15	6	13	11	1	5	1	0	1	0	0	2	9	0	0	5	2	0	9	11	0	1	6	0	0	16	3	3
G52T	0	0	0	0	0	2	0	0	0	0	0	2	0	0	0	0	0	0	0	0	0	0	0	1	0	0	0	0	0
G52W	29	31	25	33	5	5	2	6	1	2	3	2	1	9	1	0	22	15	4	19	24	4	1	17	7	0	22	2	1
G52Y	0	0	0	0	0	0	0	0	0	0	0	0	0	0	0	0	0	0	0	0	0	0	0	0	0	0	0	0	0
G52V	2407	2135	2245	2202	510	424	608	542	395	736	472	507	155	1285	270	227	1014	1177	184	1242	1452	718	364	1127	738	243	1554	2081	533
G52X	84062	77451	69717	73483	10951	8278	7951	10503	6287	16281	7705	7936	3925	37608	3481	2650	27666	38987	2863	33439	26941	17652	1354	32248	15730	2315	59670	21299	10066
G52B	0	0	1	0	0	0	0	0	0	0	0	0	0	0	0	0	0	0	0	0	0	0	0	0	0	0	0	0	0
E53A	668	607	604	658	207	199	166	145	77	213	149	101	94	375	70	47	248	313	24	310	491	175	107	315	178	96	477	839	347
E53R	3	9	1	1	2	2	1	0	0	0	1	0	0	0	0	0	1	2	0	3	0	0	1	4	0	0	3	1	0
E53N	1	1	2	2	0	1	0	0	0	0	0	0	0	0	0	1	0	0	0	3	0	1	0	0	0	0	0	0	0
E53D	7529	6933	6630	6358	3997	2241	4586	2282	2547	3587	10009	4253	1966	3594	3521	4189	2936	3782	2097	3756	4694	3160	2428	3817	3671	2297	5544	4311	3535
E53C	0	0	0	0	0	0	0	0	0	0	0	0	0	0	0	0	0	0	0	0	0	0	0	0	0	0	0	0	0
E53E	4099948	3748355	3784011	3686154	5267061	3316795	5671088	3147423	2890763	4623405	4631333	2482470	2069655	1922733	2656425	2170880	1661798	1926218	1892168	2279363	2853467	2627258	2882925	2146378	2771194	2493910	2932365	2846357	4425130
E53Q	41	68	47	66	46	15	23	21	46	53	43	35	4	38	8	9	23	30	8	35	44	24	10	29	21	11	25	8	25
E53G	14822	13428	12514	12829	5361	3638	3826	3230	3645	5392	3997	2878	1574	6677	1831	1724	5719	6957	1299	7277	10072	7437	1791	7120	5657	1692	10180	10115	4048
E53H	0	0	0	0	0	0	0	0	0	0	0	0	0	0	0	0	0	1	0	0	0	0	0	0	0	0	0	0	0
E53I	4	2	3	3	1	0	0	1	0	0	0	0	0	1	0	0	0	1	0	0	1	0	0	0	0	1	1	0	0
E53L	7	8	10	0	1	0	1	1	4	0	0	0	0	11	1	3	0	6	2	9	3	8	6	8	8	4	6	5	1
E53K	2277	2094	2183	2193	1448	1085	1135	857	1138	1504	1112	475	481	1051	714	589	981	1098	306	1373	1857	3043	889	1237	1387	709	1709	1491	1190
E53M	0	0	0	0	0	0	0	0	0	0	0	0	0	0	0	0	0	0	0	0	0	0	0	0	0	0	0	0	0
E53F	0	0	0	0	0	0	0	0	0	0	0	0	0	0	0	0	0	0	0	0	0	0	0	0	0	0	0	0	0
E53P	0	0	0	0	0	0	0	0	0	0	0	0	0	0	0	0	0	0	0	0	0	0	0	0	0	0	0	1	0
E53S	1	2	2	0	0	0	0	0	0	0	0	0	0	0	0	0	0	0	0	1	0	1	1	0	1	0	1	1	0
E53T	0	0	0	0	0	0	0	0	0	0	0	0	0	0	0	0	1	0	0	1	1	0	0	0	0	0	0	0	0
E53W	0	0	0	0	0	0	0	0	0	0	0	0	0	0	0	0	0	0	0	0	0	0	0	0	0	0	0	0	0
E53Y	4	3	1	0	0	0	0	0	0	0	2	0	0	2	0	0	1	1	0	0	0	1	0	1	0	1	0	0	0
E53V	6154	5596	5176	5760	2567	1819	1670	1471	1172	2513	963	1116	715	2753	937	794	2513	2738	620	2970	4086	4112	679	2933	2832	880	4370	3840	2452
E53X	14121	13022	11532	11734	1726	1323	1532	1801	1111	3074	1505	2356	617	6444	654	508	4927	6898	610	5955	4612	2659	299	5942	2880	520	9641	2195	1573
E53B	17	17	18	15	12	14	1	3	0	0	0	0	4	16	2	1	14	9	2	6	18	0	6	6	37	0	13	0	4
T54A	15380	13685	13214	13955	3793	2488	2795	2764	2162	5543	2431	2085	1070	6642	1276	1068	5490	6789	910	7563	11321	8593	1379	6969	7040	1338	10287	6474	3014
T54R	12	4	12	8	1	0	0	1	0	0	0	0	0	2	0	0	3	0	2	6	0	1	0	5	1	0	8	0	0
T54N	552	539	592	488	251	163	274	200	160	355	120	158	61	292	111	85	232	255	72	305	323	357	637	293	186	162	534	269	153
T54D	13	17	20	4	1	1	1	2	2	0	0	0	0	10	0	2	2	15	0	17	4	10	1	15	15	1	7	4	1
T54C	1	0	0	0	0	0	0	0	0	0	0	0	0	0	0	0	0	0	0	0	0	0	0	0	0	0	0	0	0
T54E	1	0	0	0	0	0	0	0	0	0	0	0	0	0	0	0	0	0	0	0	0	0	0	0	0	0	0	0	0
T54Q	0	0	0	0	0	0	0	0	0	0	0	0	0	0	0	0	0	0	0	0	0	0	0	0	0	0	0	0	0
T54G	0	0	2	0	0	0	0	0	0	0	0	0	0	1	0	0	0	1	0	0	0	1	0	0	1	0	0	0	0
T54H	0	1	0	0	0	0	0	0	0	0	0	0	0	0	0	0	0	0	0	0	0	0	0	0	0	0	0	1	0
T54I	6278	5781	5860	6046	835	726	839	901	531	1181	1283	702	292	2932	354	263	2307	2878	190	2927	4565	3978	387	3044	2724	335	4885	4629	1015
T54L	0	0	2	1	0	0	0	0	0	0	0	0	0	0	0	0	0	0	0	0	0	0	1	0	0	0	0	1	0
T54K	15	21	16	0	1	0	7	5	5	0	0	1	1	12	3	0	3	11	1	7	4	25	3	8	7	12	9	7	2
T54M	1	0	0	0	0	0	0	0	0	0	0	0	0	1	0	0	0	1	0	0	0	0	0	0	0	0	0	1	0
T54F	2	1	1	1	0	0	0	0	1	0	0	0	0	0	0	0	1	2	0	0	3	0	1	0	0	0	4	0	0
T54P	802	880	663	687	181	161	84	122	106	158	70	158	76	334	61	29	283	384	39	349	445	113	44	399	725	57	607	239	210
T54S	6474	5869	5701	5503	2092	1190	1346	1212	1167	1783	745	1188	406	2719	563	416	2337	2834	377	3015	3851	2585	663	2857	2032	618	4265	4381	1217
T54T	4116048	3763342	3796636	3699068	5275274	3322402	5678683	3152024	2896369	4630721	4644460	2489391	2073203	1930742	2661794	2176882	1668499	1934882	1895545	2286864	2858824	2632203	2886025	2154196	2775130	2497598	2943718	2853157	4432689
T54W	0	0	0	0	0	0	0	0	0	0	0	0	0	0	0	0	0	0	0	0	0	0	0	0	0	0	0	0	0
T54Y	2	3	1	1	0	0	0	0	0	0	0	1	0	0	1	0	0	0	0	1	0	2	1	0	2	0	3	0	0
T54V	16	2	14	11	0	1	0	4	0	0	5	0	1	8	0	0	5	2	0	7	5	9	0	4	3	0	8	0	3
T54X	0	0	0	0	0	0	0	0	0	0	0	0	0	0	0	0	0	0	0	1	0	0	0	0	0	0	0	0	0
T54B	0	0	0	0	0	0	0	0	0	0	0	0	0	0	0	0	0	0	0	0	0	2	0	0	0	0	0	0	0
Q55A	0	0	0	0	0	0	0	0	0	0	0	0	0	0	0	0	0	0	0	0	0	0	0	0	0	0	0	0	0
Q55R	20504	18317	17180	17787	9887	6247	7807	5790	6691	9546	7968	5964	3663	9328	3926	3501	7704	9954	2874	9799	13057	11575	3849	9902	7647	3253	16527	13762	8200
Q55N	2	1	1	5	0	0	0	1	0	0	1	0	1	1	0	2	2	0	0	1	0	0	0	1	0	0	0	0	1
Q55D	0	0	0	0	1	0	0	0	0	0	0	0	0	0	0	0	0	0	0	0	0	0	0	0	0	0	0	0	0
Q55C	0	0	0	0	0	0	0	0	0	0	0	0	0	0	0	0	0	0	0	0	0	0	0	0	0	0	0	0	0
Q55E	168	189	208	217	59	72	87	51	22	77	48	32	13	113	23	29	78	91	25	111	147	55	81	98	114	36	155	61	33
Q55Q	4064395	3716048	3755538	3659665	5180225	3265705	5613437	3121343	2827021	4532037	4546863	2445600	2027939	1907042	2632855	2158129	1649297	1910282	1845738	2264762	2830753	2598677	2875891	2131741	2749944	2481300	2901886	2794033	4351321
Q55G	3	3	1	2	1	0	0	0	0	0	0	0	0	0	1	0	0	3	0	2	1	0	2	4	2	0	2	0	0
Q55H	6001	5431	4918	4802	1483	1189	1334	1313	2205	2428	1449	1325	582	2799	769	570	2222	2883	623	2914	3670	5050	1055	2802	2039	849	4653	3065	1567
Q55I	0	0	0	0	0	0	0	0	0	0	0	0	0	0	0	0	0	0	0	0	0	0	0	0	0	0	0	0	0
Q55L	14894	13105	12319	12841	10109	6559	6893	4795	5671	8784	9135	4614	3421	6768	3187	2702	5623	6742	3374	7499	11054	10935	3549	7169	8299	2987	11540	9968	9644
Q55K	2066	1968	2170	2016	843	761	643	562	521	865	496	332	177	839	384	253	868	1071	227	1363	1657	802	726	941	675	488	1405	1912	612
Q55M	7	9	12	10	0	3	3	2	1	3	0	1	0	2	0	1	3	3	2	5	7	9	1	9	2	5	2	59	2
Q55F	0	0	0	0	0	0	0	0	0	0	0	0	1	0	0	0	0	0	0	0	0	0	0	0	0	0	0	0	0
Q55P	1925	1728	1690	1675	181	157	147	181	117	275	175	165	70	883	67	65	805	899	101	995	1400	407	106	989	810	60	1544	606	182
Q55S	0	0	1	0	0	0	0	0	0	1	2	0	0	0	0	0	1	1	1	1	6	0	0	1	0	0	1	0	0
Q55T	0	0	0	0	0	1	0	0	0	0	0	0	0	0	0	0	0	0	1	1	0	0	0	0	0	0	1	0	0
Q55W	32	13	20	8	12	8	6	2	11	9	7	5	2	15	4	2	7	13	3	14	15	2	4	16	961	4	15	6	19
Q55Y	2	6	1	0	6	2	1	4	5	2	6	3	0	1	0	0	2	1	1	2	2	1	0	4	7	1	2	3	3
Q55V	2	1	0	0	0	0	0	0	0	0	0	0	0	0	0	0	0	0	0	1	1	1	0	0	4	0	0	0	1
Q55X	75	88	88	57	9	6	1	17	3	2	9	5	1	44	4	2	43	39	0	55	30	20	1	28	12	5	90	1	19
Q55B	35521	33238	28587	26688	79613	46422	53670	23174	58235	85712	82955	35638	39240	15860	22943	13489	12507	16072	44166	13537	17546	20345	3877	14085	17350	11133	26512	45688	66701
Q56A	1	1	0	0	0	0	1	1	0	0	0	0	0	0	0	0	0	0	0	0	0	0	0	0	0	0	0	0	0
Q56R	16129	13799	13455	14037	8536	5735	6572	4391	4151	10137	5585	3275	2319	6977	3370	2728	5815	7346	1990	7822	11187	14513	3315	7802	6667	2876	12188	11714	7356
Q56N	5	1	3	0	0	0	0	0	0	0	0	0	0	2	0	0	1	1	0	1	4	1	0	1	0	0	2	0	1
Q56D	0	0	0	0	0	0	0	0	0	0	0	0	0	0	0	0	0	0	0	0	0	0	0	0	0	0	0	0	0
Q56C	0	0	0	0	0	0	0	0	0	0	0	0	0	0	0	0	0	0	0	0	0	0	0	0	0	0	0	0	0
Q56E	883	733	779	724	399	185	277	221	203	194	464	211	92	367	130	101	287	347	88	367	498	468	183	427	139	145	659	833	232
Q56Q	4023711	3681746	3722734	3627848	5176807	3258122	5626153	3117671	2838890	4534735	4596895	2458809	2043242	1891016	2638347	2161100	1636775	1893324	1866659	2249403	2826124	2567782	2877944	2116231	2744070	2481009	2878711	2786460	4357066
Q56G	19	9	4	4	0	1	0	0	0	0	1	1	0	8	2	0	2	1	0	2	1	0	1	5	0	0	8	1	0
Q56H	7198	6380	6166	5970	3003	1882	2473	1850	1917	3291	2314	1446	940	3285	1447	1555	2754	3350	860	3518	4648	3716	1741	3467	2326	1236	5643	2900	2552
Q56I	0	0	0	0	0	0	0	0	0	0	0	0	0	0	0	0	0	0	0	0	0	0	0	0	0	0	0	0	0
Q56L	9854	8612	8825	9051	3012	2092	2782	1997	1430	3986	3636	2301	748	4188	1556	1659	3922	4426	787	5352	8390	8139	1581	5164	4722	1388	6883	4149	2606
Q56K	1948	1674	1739	1524	1054	703	878	564	760	974	406	763	248	846	373	326	629	866	341	860	1172	600	992	926	614	399	1625	834	848
Q56M	1	6	6	1	0	1	0	3	0	0	2	0	0	5	0	0	0	5	0	4	2	5	0	7	1	0	3	0	0
Q56F	0	0	0	0	0	0	0	0	0	0	0	0	0	0	0	0	0	0	0	0	0	0	0	0	0	0	0	0	0
Q56P	2431	2164	1847	1920	291	225	417	354	864	818	329	270	177	1081	91	127	896	1109	108	936	1167	649	111	1018	887	94	1802	677	284
Q56S	0	2	1	3	0	1	0	0	0	0	0	1	0	0	0	0	0	0	1	1	2	0	1	2	2	0	3	0	0
Q56T	0	0	0	0	0	0	0	0	0	0	0	0	0	2	0	0	0	0	0	0	0	0	0	2	0	0	0	0	0
Q56W	26	26	10	21	15	16	2	6	6	9	4	41	6	9	0	1	10	9	4	22	10	3	3	11	11	9	15	3	6
Q56Y	35	17	22	20	5	4	7	5	7	6	2	2	2	10	2	0	10	16	5	3	11	3	0	8	6	1	21	59	10
Q56V	3	1	3	1	0	0	0	1	0	0	0	0	0	0	0	0	0	0	0	1	0	0	0	0	0	0	0	0	0
Q56X	119	103	83	107	13	11	8	11	5	33	0	1	5	80	17	4	35	55	1	39	36	0	6	46	7	5	105	32	23
Q56B	83234	74871	67057	64542	89294	58154	44459	30160	52270	85558	39476	26563	27331	35819	18828	11144	28026	37199	26292	32731	26094	52000	3264	32673	28414	12959	56667	61502	67321
