rowname	Input	Input.1	Input.2	Input.3	uPA	uPA.1	uPA.2	uPA.3	FXIIa	FXIIa.1	FXIIa.2	FXIIa.3	uPA.4	Input.4	uPA.5	uPA.6	Input.5	Input.6	uPA.7	Input.7	Input.8	TMPRSS2	uPA.8	Input.9	TMPRSS2.1	uPA.9	Input.10	TMPRSS2.2	uPA.10
Q57A	0	0	0	0	0	0	0	0	0	0	0	0	0	0	0	0	0	0	0	0	0	0	0	0	0	0	0	0	0
Q57R	17365	15847	10630	14176	4198	3394	2960	4731	4917	6080	5116	3255	1389	7774	1513	1500	6704	8027	1112	8357	10644	24805	926	11316	6215	1458	11292	11724	3096
Q57N	0	1	1	0	0	0	0	1	0	0	0	0	0	0	0	0	0	0	0	1	0	0	0	0	0	0	1	0	0
Q57D	0	0	0	0	0	0	0	1	0	0	0	0	0	0	0	0	0	1	0	0	3	0	0	0	0	0	0	0	0
Q57C	0	0	0	0	0	0	0	0	0	0	0	0	0	0	1	0	0	0	0	0	0	0	0	0	0	0	0	0	0
Q57E	382	412	222	296	69	44	66	87	25	45	51	31	18	165	21	22	95	162	16	166	197	53	18	266	134	19	263	31	31
Q57Q	3954479	3705802	2654750	3432695	4428263	3615303	4988384	4575159	3498291	3980703	4166415	2464427	2007645	1902279	2224379	2050611	1665286	1914006	1746493	2244192	2732465	2734710	1706480	2897216	1949881	2405697	2505645	1757012	3477432
Q57G	0	4	0	0	0	0	0	0	1	0	0	0	0	1	0	1	0	0	0	2	0	0	0	1	0	0	1	0	0
Q57H	5236	4947	3281	4246	1217	1241	1175	1851	839	1535	843	1096	404	2503	438	501	1937	2483	388	2630	3115	1429	343	3393	1135	599	3102	1173	874
Q57I	0	0	0	0	0	0	0	0	0	0	0	0	0	0	0	0	0	0	0	0	0	0	0	0	0	0	0	0	0
Q57L	17829	16781	10788	14479	2624	2347	2018	3735	2335	4060	2996	2400	1063	7837	1021	1100	6689	8127	767	8680	11045	8661	618	12096	7033	926	11871	6255	2091
Q57K	1199	1146	726	932	363	228	378	421	324	336	194	194	117	618	112	139	452	566	104	715	835	603	123	879	325	190	772	358	220
Q57M	6	5	0	3	0	0	1	0	1	0	0	0	0	3	0	1	0	4	0	3	1	1	0	3	2	0	5	0	0
Q57F	0	0	0	0	0	0	0	0	0	0	0	0	0	0	0	0	0	0	0	0	0	0	0	0	0	0	0	0	0
Q57P	1653	1488	968	1380	184	186	138	348	177	391	221	276	51	690	67	48	618	696	62	788	951	569	49	1134	374	75	1076	745	122
Q57S	1	1	2	1	0	0	0	1	0	0	0	0	0	1	0	0	0	0	0	2	0	0	0	0	0	0	1	0	0
Q57T	0	0	1	0	0	0	0	0	0	0	0	0	0	0	0	0	0	0	0	0	0	0	0	0	0	1	0	0	0
Q57W	59	30	17	13	6	3	3	6	4	2	1	1	3	14	1	0	16	18	2	22	25	3	1	17	4	1	31	12	4
Q57Y	12	3	8	9	31	0	3	2	4	2	1	1	2	8	1	0	4	6	0	3	8	0	2	3	0	0	9	1	4
Q57V	0	0	1	0	0	0	0	0	0	0	0	0	0	0	0	0	0	0	0	0	0	0	0	0	0	0	0	0	0
Q57X	53	64	32	44	4	4	9	2	0	9	1	0	3	33	0	0	17	32	0	22	11	0	1	37	0	0	29	0	4
Q57B	29905	27707	17901	24334	30920	25588	17172	17834	32593	34919	19497	11174	11551	13804	8356	5269	11093	13316	10147	13056	19203	17098	3697	18770	11415	6303	19670	21128	25738
I58A	35	36	38	42	7	8	5	9	2	0	14	7	3	29	1	3	16	33	1	43	23	3	0	50	104	0	30	2	8
I58R	0	1	0	0	0	0	0	0	0	0	0	0	0	0	0	0	1	1	0	0	0	0	0	2	0	0	0	0	0
I58N	6367	5917	3922	5475	669	771	537	1112	1056	1724	821	693	332	2999	242	253	2501	3070	237	3100	4142	1912	207	4531	1989	278	4288	1630	698
I58D	4	9	8	7	1	0	0	2	0	0	0	0	0	6	0	0	5	4	0	3	5	0	0	3	0	0	10	0	1
I58C	0	0	0	0	0	0	0	0	0	0	0	0	0	0	0	0	0	0	0	0	0	0	0	0	0	0	0	0	0
I58E	0	0	0	0	0	0	0	0	0	0	0	0	0	0	0	0	0	0	0	0	0	0	0	0	0	0	0	0	0
I58Q	0	0	0	0	0	0	0	0	0	0	0	0	0	0	0	0	0	0	0	0	0	0	0	0	0	0	0	0	0
I58G	1	3	0	0	0	0	0	0	0	0	0	0	0	0	0	0	0	0	0	0	1	0	0	1	0	0	0	0	0
I58H	0	0	0	0	0	0	0	0	0	0	0	0	0	0	0	0	0	0	0	0	0	0	0	0	0	0	0	0	0
I58I	3985388	3734590	2672457	3455560	4459031	3640247	5005426	4593012	3529355	4015359	4184943	2475458	2018812	1915868	2232778	2056297	1676611	1926768	1756115	2257697	2752186	2768325	1710372	2915769	1960777	2412259	2525700	1782713	3502179
I58L	618	606	366	529	254	131	175	225	302	76	151	137	58	303	76	69	257	304	31	334	452	104	41	428	110	89	399	142	164
I58K	0	0	0	4	0	0	0	0	0	0	0	0	0	1	0	0	0	0	0	1	0	0	0	3	0	0	1	0	0
I58M	863	888	546	854	208	208	210	283	196	199	68	670	46	415	64	53	401	410	119	473	594	228	49	672	219	62	632	783	191
I58F	5815	5370	3453	4836	931	853	809	1278	1796	1411	1104	1114	339	2599	343	276	2366	2662	309	2862	3670	2860	209	3940	3508	321	3900	2713	749
I58P	0	0	0	3	0	0	1	0	0	0	0	0	0	0	0	0	0	0	0	0	0	0	0	0	1	0	0	0	0
I58S	698	685	558	732	81	130	56	135	60	90	503	103	26	375	45	32	310	353	23	467	687	752	26	608	308	29	475	317	101
I58T	15759	14541	9915	13390	2861	2697	2318	3879	2956	4097	5191	2381	1442	7301	1089	1178	6056	7738	1038	7896	9464	9556	672	10701	6152	1023	10294	6382	2302
I58W	0	0	0	0	0	0	0	0	0	0	0	0	0	0	0	0	0	0	0	0	0	0	0	0	0	0	0	0	0
I58Y	1	4	5	4	1	0	0	0	0	0	1	0	0	0	0	1	2	4	0	5	0	0	0	2	0	0	1	0	0
I58V	12630	11588	8060	11172	3835	3293	2770	4244	3788	5126	2540	2292	1188	5834	1272	1030	4385	6097	1218	5758	7279	4192	682	8421	3350	1208	8038	3757	3223
I58X	0	0	0	0	0	0	0	0	0	0	0	0	0	0	0	0	0	0	0	0	0	0	0	0	0	0	0	0	0
I58B	0	0	0	0	0	0	0	0	0	0	0	0	0	0	0	0	0	0	0	0	0	0	0	0	0	0	0	0	0
Q59A	0	0	0	0	1	0	0	0	0	0	0	0	0	0	0	0	0	0	1	0	0	0	0	0	0	0	0	0	0
Q59R	22482	20773	14090	19043	6778	6147	4849	7309	6956	8198	4896	3749	2387	10390	2251	2005	8895	10778	2014	11455	14961	7991	1538	15871	8140	2463	14781	6702	5514
Q59N	4	3	2	0	0	0	0	0	0	0	0	0	0	1	0	0	0	0	0	0	2	0	0	2	0	1	2	0	1
Q59D	1	0	1	0	0	0	0	0	0	0	0	0	0	0	0	0	0	0	0	0	0	0	0	1	0	0	0	0	0
Q59C	0	0	0	0	0	0	0	0	0	0	0	0	0	0	0	0	0	0	0	0	0	0	0	0	0	0	0	0	0
Q59E	137	140	75	132	58	38	29	52	16	86	42	26	13	66	18	18	38	48	20	50	90	14	14	89	25	18	73	9	45
Q59Q	3938068	3692661	2646487	3420555	4447544	3630105	4996702	4577870	3519318	4001119	4177360	2463882	2013539	1895031	2228667	2052560	1660148	1905397	1751807	2237785	2733937	2751051	1708581	2887659	1952331	2408515	2496962	1772638	3492461
Q59G	0	4	0	0	0	0	0	0	0	0	0	0	1	2	0	0	0	0	0	0	2	0	0	0	1	0	0	0	0
Q59H	14663	13287	8929	12317	4600	3665	3484	5287	3725	6136	4477	4923	1864	6482	1668	1489	5711	6680	1405	7039	9340	9853	939	10137	4745	1700	9409	6486	3778
Q59I	11	12	8	4	0	3	2	1	0	0	0	0	0	3	0	1	3	7	0	1	0	0	0	5	0	0	2	0	0
Q59L	13866	12517	8235	11619	3358	3064	2936	4244	4265	4446	2261	2648	1469	6147	1219	1212	5251	6061	1272	6567	8805	7833	673	9066	3835	1089	8884	5403	2787
Q59K	1095	1074	777	942	315	342	299	459	497	282	233	158	81	599	120	120	432	605	112	588	565	328	105	737	209	192	747	164	285
Q59M	0	0	0	0	0	0	0	0	0	0	0	0	0	0	0	0	0	0	0	0	0	0	0	0	0	0	0	0	0
Q59F	0	0	1	0	0	0	0	0	0	0	0	0	0	0	0	0	0	0	0	0	0	0	0	0	0	0	0	0	0
Q59P	2091	1863	1334	1697	351	306	215	616	184	1096	264	593	259	954	159	146	784	1063	143	923	1160	1294	47	1485	681	78	1224	1096	283
Q59S	1	4	6	1	0	0	0	0	0	0	0	0	0	1	0	0	1	0	1	0	1	0	0	0	0	0	3	0	0
Q59T	0	0	1	1	0	0	0	0	0	0	0	0	0	0	0	0	3	0	0	0	0	0	0	0	0	0	1	0	0
Q59W	0	0	0	0	0	0	0	0	0	0	1	0	0	0	0	0	0	0	1	0	0	0	0	0	0	0	0	0	0
Q59Y	8	12	19	26	5	3	2	1	0	0	1	1	4	10	3	0	10	9	10	8	2	2	0	15	1	1	6	1	7
Q59V	0	0	0	1	0	0	0	0	0	0	0	0	0	0	0	0	0	0	1	0	0	0	0	0	0	0	0	0	0
Q59X	35690	31838	19329	26239	4843	4647	3771	8334	4549	6681	5702	6870	2617	16029	1788	1636	11613	16778	2295	14207	9606	9563	350	20021	6544	1196	21642	5939	4417
Q59B	62	50	34	31	26	18	18	6	1	38	99	5	12	15	17	5	22	18	9	16	32	3	11	43	6	16	32	1	38
A60A	4000090	3748374	2682379	3469846	4457213	3639336	5002913	4592974	3529602	4016401	4180724	2470619	2017866	1923162	2231288	2054528	1682187	1934383	1755069	2265452	2761433	2763791	1709595	2926778	1967603	2410499	2535856	1785337	3500943
A60R	0	0	0	1	5	0	0	0	0	0	0	0	1	0	0	0	1	0	0	0	0	1	0	0	0	2	0	0	0
A60N	0	0	0	0	0	0	0	0	0	0	0	0	0	0	0	0	0	0	0	0	0	0	0	0	0	0	0	0	0
A60D	7	10	7	15	2	4	1	1	0	0	1	2	2	11	0	0	5	7	0	10	6	0	0	7	0	6	8	0	0
A60C	0	0	0	0	0	0	0	0	0	0	0	0	0	0	0	0	0	0	0	0	0	0	0	0	0	0	0	0	0
A60E	3788	3585	2322	2922	1694	1475	1169	1464	824	1397	806	619	416	1598	550	418	1357	1853	372	1628	2049	5441	366	2451	929	718	2308	1033	1441
A60Q	0	0	0	0	0	0	0	0	0	0	0	0	0	0	0	0	0	0	0	0	0	0	0	0	0	0	0	0	0
A60G	1469	1484	986	1252	402	323	372	439	170	325	195	178	100	629	172	131	559	724	120	680	840	409	92	957	559	138	978	336	275
A60H	0	0	0	0	0	0	0	0	0	0	0	0	0	0	0	0	0	0	0	0	0	0	0	0	0	0	0	0	0
A60I	3	7	4	3	1	0	2	2	0	0	0	3	0	1	0	0	2	4	0	2	5	3	0	4	0	1	3	0	0
A60L	1	6	0	3	0	0	0	0	0	0	0	0	1	2	0	0	0	0	0	0	1	0	0	3	1	0	3	0	0
A60K	4	1	1	2	0	0	0	1	0	42	1	0	0	0	0	0	0	0	1	0	0	2	0	2	1	0	1	0	0
A60M	0	0	0	0	0	0	0	0	0	0	0	0	0	0	0	0	0	0	0	0	0	0	0	0	0	0	0	0	0
A60F	0	0	0	0	0	0	0	0	0	0	0	0	0	0	0	0	0	0	0	0	0	0	0	0	0	0	0	0	0
A60P	494	433	287	411	64	43	65	91	35	197	108	27	14	211	32	20	215	228	16	276	375	156	28	310	190	16	328	116	56
A60S	3671	3289	2260	2786	1907	1630	1187	1330	1986	2062	964	560	518	1717	503	427	1413	1675	485	1693	1895	1002	348	2439	1231	709	2308	2149	1498
A60T	9329	8489	5474	7460	3992	3217	3800	4603	4791	5085	8081	7945	2070	4393	2009	2148	3556	4401	2017	4424	5199	9537	960	5902	2838	1804	5803	3796	3217
A60W	0	0	0	0	0	0	0	0	0	0	0	0	0	0	0	0	0	0	0	0	0	0	0	0	0	0	0	0	0
A60Y	1	0	0	0	0	0	0	0	0	0	0	0	0	0	0	0	0	0	0	0	0	0	0	0	0	0	0	0	0
A60V	9296	8541	5595	7871	2597	2307	2795	3265	2102	2572	4456	2902	1256	3997	1356	1519	3596	4158	1011	4467	6691	7589	869	6252	3162	1376	6147	5672	2185
A60X	26	19	13	36	2	3	3	9	1	1	0	0	2	9	0	1	20	11	0	7	9	1	0	26	3	0	25	0	1
A60B	0	0	0	0	0	0	0	0	0	0	0	0	0	0	0	0	0	0	0	0	0	0	0	0	0	0	0	0	0
A61A	4004118	3751631	2684506	3472588	4461189	3642484	5006883	4596300	3530337	4018294	4188525	2477650	2019584	1924558	2233323	2056682	1683610	1936192	1756984	2266681	2762706	2771560	1710622	2928838	1968637	2412585	2538000	1786210	3503981
A61R	0	0	1	0	0	0	0	0	0	0	0	0	0	0	0	0	0	0	0	0	0	0	0	0	0	0	2	0	0
A61N	1	2	0	1	0	0	0	1	1	0	0	0	0	0	0	0	0	0	0	0	0	0	0	0	0	0	0	0	0
A61D	3594	3285	2141	3014	636	491	442	758	597	911	816	438	152	1569	201	199	1417	1694	190	1700	2371	4444	217	2440	1367	311	2236	616	467
A61C	0	0	0	0	0	0	0	0	0	0	0	0	0	1	0	0	0	0	0	0	0	0	0	0	0	0	0	0	0
A61E	5	2	9	1	1	0	0	1	0	0	0	0	0	3	0	0	1	1	1	0	0	0	0	3	0	2	1	0	0
A61Q	0	0	0	0	0	0	0	0	0	0	0	0	0	0	0	0	0	1	0	0	0	0	0	0	0	0	0	0	0
A61G	318	387	193	320	133	92	73	121	87	83	72	46	25	173	21	22	129	174	22	188	273	110	35	278	229	35	226	93	74
A61H	0	0	0	0	0	0	0	0	0	0	0	0	0	0	0	0	0	0	0	0	0	0	0	0	0	0	0	0	0
A61I	0	0	3	0	0	0	0	0	0	0	0	0	0	4	0	0	0	1	0	4	0	0	0	1	0	0	3	0	0
A61L	0	0	0	0	0	0	0	0	0	0	0	0	0	0	0	0	0	0	0	0	0	0	0	0	0	0	0	0	0
A61K	0	0	0	0	0	0	0	0	0	0	0	0	1	0	0	0	0	0	0	0	0	0	0	0	0	0	0	0	0
A61M	0	0	0	0	0	0	0	0	0	0	0	0	0	0	0	0	0	0	0	0	0	0	0	0	0	0	0	0	0
A61F	0	1	0	3	0	0	0	0	2	0	1	1	0	0	0	0	0	1	0	2	0	0	0	0	1	0	0	0	0
A61P	772	690	473	676	85	152	91	143	55	140	166	121	33	365	38	37	313	369	35	406	484	164	27	493	146	32	552	151	99
A61S	3663	3356	2384	2920	1185	1055	1314	1851	1589	1338	883	1161	670	1855	620	656	1409	1757	446	1895	2212	1544	315	2416	879	591	2283	2668	1035
A61T	9599	8952	5895	7883	3248	2881	2281	3203	5488	5908	3586	2447	1281	4452	1206	1108	3731	4467	967	4716	6369	4281	689	6444	3712	1126	6426	6802	2730
A61W	0	0	0	0	0	0	0	0	0	0	0	0	0	0	0	0	0	0	0	0	0	0	0	0	0	0	0	0	0
A61Y	0	0	0	0	0	0	0	0	0	0	0	0	0	0	0	0	0	1	0	1	0	1	1	0	0	0	0	0	0
A61V	6109	5932	3723	5202	1402	1183	1223	1801	1355	1408	1287	991	500	2750	501	488	2301	2786	446	3046	4088	5828	352	4218	1547	587	4039	1899	1230
A61X	0	0	0	0	0	0	0	0	0	0	0	0	0	0	0	0	0	0	0	0	0	0	0	0	0	0	0	0	0
A61B	0	0	0	0	0	0	0	0	0	0	0	0	0	0	0	0	0	0	0	0	0	0	0	0	0	0	0	0	0
M62A	132	121	53	108	2	19	6	19	0	1	0	7	1	42	5	9	64	55	4	47	45	7	2	96	12	2	71	1	28
M62R	1477	1473	956	1249	152	148	132	239	122	389	169	219	64	649	41	34	559	651	39	767	953	496	51	1088	613	53	938	314	150
M62N	11	8	5	0	0	0	0	0	0	0	4	0	0	4	2	0	2	8	0	2	1	0	1	7	1	0	7	0	0
M62D	0	0	0	0	0	0	0	0	0	0	0	0	0	0	0	0	0	0	0	0	0	0	0	0	0	0	0	0	0
M62C	0	0	0	0	0	0	0	0	0	0	0	0	0	0	0	0	0	0	0	0	0	0	0	0	0	0	0	0	0
M62E	32	30	21	28	4	4	0	13	28	0	0	0	0	20	0	1	13	8	1	15	24	4	2	22	16	4	16	2	4
M62Q	8	0	0	2	0	0	0	0	0	0	0	0	0	0	0	0	0	0	0	1	2	0	0	2	10	0	0	0	0
M62G	5	4	4	5	13	28	4	3	0	0	0	0	5	0	5	5	1	4	4	3	12	602	1	2	8	7	5	0	8
M62H	0	0	0	0	0	0	0	0	0	0	0	0	0	0	0	0	0	0	0	0	0	0	0	0	0	0	0	0	0
M62I	9086	8755	6048	7677	2148	2348	1690	2742	2292	3362	2969	1387	692	4471	675	653	3724	4480	591	5177	6304	4251	477	6345	3400	874	6110	6028	1743
M62L	9524	9018	6199	8138	2613	2200	1938	2653	1748	3143	1730	1487	653	4301	835	693	3678	4603	584	4851	6246	3305	638	6775	4005	949	6029	7377	1984
M62K	15950	14556	9398	12692	2261	1883	1712	3845	3013	5017	2745	2921	1183	7259	929	1020	5841	7499	1001	7560	8703	21876	359	10394	6423	593	9771	7251	2011
M62M	3963240	3714289	2658720	3438816	4454841	3636743	5001921	4587225	3525128	4006631	4181941	2471276	2017241	1905935	2231141	2054736	1667796	1916445	1755014	2246150	2738382	2741274	1709495	2901032	1950037	2410646	2512087	1764385	3498884
M62F	1	2	2	0	1	0	0	0	0	0	1	0	1	0	0	0	0	2	0	4	0	0	0	0	0	0	3	2	0
M62P	3	5	1	3	0	0	0	4	0	0	0	0	0	3	0	0	6	4	1	1	3	0	0	7	0	1	8	0	0
M62S	44	47	41	32	0	3	0	11	0	58	1	0	1	15	0	2	4	11	0	9	14	0	1	43	0	0	28	3	1
M62T	16706	15452	10452	14077	3514	3035	3143	4489	3761	6483	3317	3590	1592	7716	1478	1263	6620	7949	1190	8240	10198	10801	724	11303	7101	1351	10894	8497	3120
M62W	2	3	2	1	0	3	0	0	0	0	0	0	0	2	0	0	2	0	0	2	0	1	0	3	0	0	5	0	0
M62Y	0	0	0	0	0	0	0	0	0	0	0	0	0	0	0	0	0	0	0	0	0	0	0	0	0	0	0	0	0
M62V	11922	10449	7395	9754	2207	1882	1744	2912	3339	2947	2455	1950	796	5294	786	771	4582	5709	643	5792	7596	5315	507	8001	4880	783	7770	4579	1656
M62X	0	0	0	0	0	0	0	0	0	0	0	0	0	0	0	0	0	0	0	0	0	0	0	0	0	0	0	0	0
M62B	36	26	31	26	123	42	17	24	80	51	4	18	17	19	13	5	19	16	19	18	20	0	0	11	12	6	26	0	27
G63A	651	566	370	516	156	91	137	126	84	109	146	82	40	302	29	38	182	311	38	285	365	396	43	372	162	49	346	114	85
G63R	10248	9882	6301	8412	2653	2681	2422	3465	3143	3962	3060	2474	1059	4687	1094	1037	4028	4954	898	4850	6189	5959	710	6647	3505	1018	6803	3907	2449
G63N	0	0	0	0	0	0	0	0	0	0	0	0	0	0	0	0	0	0	0	0	0	0	0	0	0	0	0	0	0
G63D	13	9	5	18	0	1	0	3	0	0	1	0	1	9	0	2	7	5	1	5	12	9	1	8	0	1	9	0	3
G63C	7	9	10	15	15	17	4	14	7	20	1	13	5	7	4	10	7	4	0	7	26	1	8	12	4	4	5	0	12
G63E	4796	4160	2899	3784	1143	1033	849	1367	1792	1979	689	785	455	2100	475	496	1857	2148	244	2300	3135	1760	298	3278	1058	396	3197	2051	891
G63Q	3	1	0	0	0	0	0	3	0	0	0	0	0	0	0	0	0	2	0	0	0	0	0	0	33	0	0	0	1
G63G	3923594	3676607	2641050	3410025	4450931	3632493	4999573	4577592	3521819	4001019	4181375	2463772	2014996	1888966	2229946	2053097	1656300	1896999	1752859	2234861	2744303	2754686	1710233	2885156	1959519	2410686	2487057	1774437	3494675
G63H	0	0	0	0	0	0	0	0	0	0	0	0	0	0	0	0	0	0	0	0	0	0	0	0	0	0	0	0	0
G63I	11	13	13	12	2	1	5	0	3	0	0	0	1	9	0	0	3	10	0	7	7	2	0	11	2	3	5	1	0
G63L	151	137	97	8	1	1	9	24	19	1	0	1	2	106	0	11	35	95	6	60	8	15	0	92	30	11	38	5	7
G63K	3	10	7	16	11	9	5	13	0	0	35	0	2	7	3	9	8	2	0	7	12	0	10	8	59	5	13	38	1
G63M	0	0	0	0	0	0	0	0	0	0	0	0	0	0	0	0	0	0	0	0	1	0	0	0	0	0	0	0	0
G63F	0	0	0	0	0	0	0	0	0	0	0	0	0	0	0	0	0	0	0	0	0	0	0	0	0	0	0	0	0
G63P	0	0	0	0	0	0	0	0	0	0	0	0	0	0	0	0	0	0	0	0	0	0	0	0	0	0	0	0	0
G63S	26	14	6	13	8	8	1	4	34	41	1	3	10	13	0	2	8	6	15	6	5	1	0	5	1	2	6	0	2
G63T	1	0	1	0	0	0	0	3	0	0	0	0	0	0	0	0	0	0	0	0	1	0	0	0	0	0	0	0	0
G63W	22	20	14	18	2	8	2	3	0	13	0	2	1	7	2	0	6	10	0	14	23	4	1	18	6	0	14	3	3
G63Y	0	0	0	0	0	0	0	0	0	0	0	0	0	0	0	0	0	0	0	0	0	0	0	0	0	0	0	0	0
G63V	3230	3038	2165	2796	746	670	781	1067	545	764	785	434	180	1435	199	220	1222	1604	177	1718	2036	1309	252	2289	989	286	2102	1713	464
G63X	85423	79772	46390	66975	12211	11325	8519	20495	12065	20174	9243	15289	5494	38082	4158	4270	29248	41294	4853	34519	22380	23790	702	47235	11150	2808	54173	16170	11023
G63B	0	0	0	0	0	0	0	0	0	0	0	0	0	0	0	0	0	0	0	0	0	0	0	0	0	0	0	0	0
F64A	0	0	0	1	0	0	0	0	0	0	1	0	0	0	0	0	0	0	0	2	2	0	0	0	0	0	0	0	0
F64R	14	8	11	5	2	12	1	0	0	0	0	5	0	3	0	0	4	3	0	0	4	1	0	2	6	0	3	0	0
F64N	23	9	5	3	0	2	3	2	0	1	13	0	0	3	0	0	5	3	10	6	5	1	0	5	0	0	2	0	0
F64D	1	2	2	14	0	0	0	1	0	0	0	0	0	0	0	0	0	0	0	0	0	0	0	1	0	0	1	0	0
F64C	1161	1105	713	1024	169	153	84	203	44	147	101	138	52	487	59	52	485	561	32	609	697	388	32	809	462	61	802	260	117
F64E	0	0	0	0	0	0	0	0	0	0	0	0	0	0	0	0	0	0	0	0	0	0	0	0	0	0	0	0	0
F64Q	0	0	0	0	0	0	0	0	0	0	0	0	0	0	0	0	0	0	0	0	0	0	0	0	0	0	0	0	0
F64G	0	0	0	0	0	0	0	0	0	0	0	0	0	0	0	0	0	0	0	0	0	0	0	0	0	0	0	0	0
F64H	36	38	25	39	8	4	1	8	0	1	18	10	1	7	0	1	10	21	1	13	16	2	1	37	7	1	37	0	2
F64I	5790	5379	3468	4722	1422	1136	1080	1790	1360	1281	1344	1235	736	2682	485	754	2271	2577	627	2704	3367	2555	273	3940	2221	508	3886	1956	1214
F64L	15810	14871	10038	13493	7577	6016	6351	6936	9069	9631	7939	4195	3205	7627	2753	2046	6233	7723	4171	7977	10289	9207	1162	10793	7143	2324	10504	5115	6247
F64K	0	0	0	0	0	0	0	0	0	0	0	0	0	0	0	0	0	0	0	0	0	0	0	0	0	0	0	0	0
F64M	0	0	0	0	0	0	0	0	0	0	0	0	0	0	0	0	0	0	0	0	0	0	0	0	0	0	0	0	0
F64F	3972843	3722626	2664903	3445690	4451713	3634873	4999676	4586671	3522481	4007150	4180184	2472049	2015757	1910043	2230224	2053969	1671124	1921423	1752240	2251742	2744369	2760283	1709135	2907838	1956781	2410114	2517079	1776852	3496713
F64P	37	18	23	18	0	7	1	12	1	27	1	1	1	18	0	0	11	11	0	15	25	15	0	21	5	1	13	0	0
F64S	18766	17468	11681	15807	2888	2418	2156	4262	3840	4547	2790	2850	1231	8597	1052	942	7243	8591	842	8795	10933	9695	667	12291	5366	928	12279	9504	2305
F64T	11	15	16	17	0	2	0	6	0	0	5	0	0	5	0	0	10	7	0	11	4	0	0	9	0	0	8	0	0
F64W	0	0	0	0	0	0	0	0	0	0	0	0	0	0	0	0	0	0	0	0	0	0	0	0	0	0	0	0	0
F64Y	12778	11732	7799	10976	3967	3535	2824	4061	2598	5121	2573	2232	1188	5810	1281	1378	5143	6079	1115	6287	8185	5086	944	8738	4226	1246	8502	4425	2900
F64V	872	922	616	794	133	180	121	216	112	176	367	140	73	421	54	48	360	433	52	458	603	695	42	629	287	76	636	325	117
F64X	34	45	28	5	0	0	9	11	6	0	0	0	2	26	2	2	12	12	1	20	4	4	2	18	14	10	15	2	1
F64B	3	0	0	0	0	0	0	0	0	0	0	0	0	1	0	0	0	0	0	0	0	0	0	0	0	0	1	0	0
K65A	1	0	0	1	0	0	0	0	0	0	2	0	0	1	0	0	0	1	0	0	2	0	0	1	0	0	0	0	1
K65R	23639	22001	15217	20494	11269	10603	9578	10639	8136	11533	11519	8079	4940	10925	4308	4150	8892	11316	4465	11599	15842	19046	2362	16287	8361	3880	15621	11104	10047
K65N	3684	3702	2464	2840	1360	1235	1426	1885	1053	1776	2154	2576	477	1789	599	582	1422	1849	488	1854	1913	2036	465	2274	1784	671	2264	2305	1193
K65D	7	6	7	9	1	0	3	8	2	0	0	0	3	4	3	3	3	2	0	7	7	8	0	5	2	4	2	1	5
K65C	0	0	0	0	0	0	0	0	0	0	0	0	0	0	0	0	0	0	0	0	0	0	0	0	0	0	0	0	0
K65E	26750	24556	16516	22226	7353	6222	5905	8658	6291	11252	8939	6007	2493	12017	2443	2322	10379	12505	2217	12678	17008	22740	1453	17860	9228	2427	17422	12993	5452
K65Q	1622	1400	963	1390	820	845	502	658	822	961	377	374	278	643	218	134	628	693	299	722	1101	287	111	1125	391	201	1035	175	648
K65G	82	84	45	101	3	8	18	19	2	50	172	13	4	57	8	10	37	38	1	91	60	5	5	60	32	15	58	5	7
K65H	0	1	1	0	0	0	0	0	0	0	0	0	0	1	0	0	0	0	0	1	1	0	0	1	1	0	0	0	0
K65I	29	29	10	14	14	5	2	4	2	0	0	0	0	14	0	2	11	12	0	11	8	2	0	17	3	5	9	3	1
K65L	20	14	10	17	1	1	3	4	0	50	20	18	0	8	0	1	8	10	4	7	20	0	0	13	0	0	13	10	6
K65K	3924843	3678020	2634036	3405349	4424922	3610053	4979523	4563640	3495339	3971129	4149855	2453408	2004700	1888296	2220209	2045966	1652796	1899643	1742956	2228940	2712196	2718837	1704317	2876185	1939803	2402242	2486263	1744656	3474518
K65M	16620	15526	10233	13995	3543	3391	3119	4778	3679	5125	5735	3787	1467	7236	1597	1478	6218	7654	1516	8193	10574	8032	899	11159	5414	1451	10934	7064	3090
K65F	0	0	0	0	0	0	0	0	0	0	0	0	0	0	0	0	0	0	0	0	0	0	0	0	0	0	0	0	0
K65P	0	0	0	1	1	0	0	0	0	0	0	0	0	0	0	0	0	0	0	0	0	0	0	0	0	0	0	0	0
K65S	15	6	4	11	3	5	3	6	0	2	0	2	5	2	1	0	5	5	1	4	3	3	3	6	1	1	3	0	0
K65T	1377	1271	878	1176	403	290	265	395	420	353	155	128	113	671	98	96	496	628	82	686	971	506	94	934	626	162	947	725	228
K65W	32	34	38	26	0	12	3	6	2	4	1	5	3	26	6	4	25	6	1	24	23	11	1	34	4	2	28	1	2
K65Y	9	7	1	6	0	2	2	3	3	0	1	2	0	1	0	1	1	0	0	3	5	2	0	5	1	0	6	1	0
K65V	61	42	44	54	4	6	13	19	0	1	12	1	1	23	2	1	27	29	2	25	50	5	5	38	12	2	34	0	19
K65X	83	64	27	82	8	3	6	9	0	2	0	12	0	28	7	0	11	31	4	14	13	0	0	34	0	1	27	0	6
K65B	29305	27475	18834	24816	18174	15657	11936	13448	23760	25844	16394	8443	7762	13988	6411	4442	11952	13022	7055	13780	18706	16412	2543	19093	10855	4205	19102	19396	14393
I66A	78	28	41	49	6	12	2	5	2	23	0	1	0	14	5	8	17	25	6	17	32	26	4	33	9	5	39	0	22
I66R	0	0	0	0	0	0	0	0	0	0	0	0	0	0	0	0	0	0	0	0	0	0	0	0	0	0	0	0	0
I66N	7161	6526	4369	6066	1269	1042	806	1492	1026	1495	950	1007	269	3253	384	335	2544	3248	303	3444	4589	2875	244	4880	2715	412	4721	1938	857
I66D	15	13	12	10	0	1	0	1	0	1	2	0	0	9	1	0	4	4	1	3	7	1	0	16	10	0	2	0	1
I66C	0	0	0	1	0	0	0	0	0	0	0	0	0	0	0	0	1	1	0	0	1	0	0	6	0	0	0	0	0
I66E	0	0	0	0	0	0	0	0	0	0	0	0	0	0	0	0	0	0	1	0	0	0	0	0	0	0	0	0	0
I66Q	0	0	0	0	0	0	0	0	0	0	0	0	1	0	0	0	0	0	0	0	0	0	0	0	0	0	0	0	0
I66G	4	5	1	2	0	0	1	0	0	0	0	0	0	0	0	0	2	6	0	1	1	0	0	3	0	0	1	0	0
I66H	0	0	0	0	0	0	0	0	0	0	0	0	0	1	0	0	0	4	0	0	1	0	0	0	0	0	0	0	0
I66I	3982915	3733143	2671920	3454647	4455078	3637044	5002930	4590009	3526881	4012674	4184741	2473423	2018027	1915587	2231127	2054872	1675713	1926964	1755485	2257058	2749850	2763163	1709454	2914046	1960535	2410466	2523788	1776417	3499680
I66L	451	324	234	364	124	121	92	156	125	150	69	56	42	197	54	41	173	205	56	192	303	148	41	288	121	76	280	47	94
I66K	9	11	6	18	0	1	0	10	0	0	6	0	0	8	1	3	11	14	0	11	11	0	0	12	5	0	8	0	7
I66M	1599	1476	921	1381	451	491	348	517	496	515	379	216	163	828	115	192	592	767	149	818	1029	701	142	1244	320	185	1095	377	372
I66F	6958	6523	4109	5838	1547	1562	1270	2094	1633	1883	1967	914	563	2970	731	600	2729	3142	486	3452	4432	4034	352	4750	2676	618	4593	1946	1253
I66P	1	2	1	2	0	4	0	2	0	23	0	0	0	2	0	0	0	1	0	1	2	0	0	0	0	0	2	0	0
I66S	942	816	517	676	385	265	203	279	213	413	128	117	84	417	124	97	320	349	73	459	577	220	69	502	191	105	596	336	181
I66T	18462	16584	10967	15247	5415	4784	3890	5689	5948	6815	4655	4821	1997	7942	1999	1737	6928	8222	1470	8088	11076	12808	1067	12418	7175	1899	12103	14117	4150
I66W	0	0	0	0	0	0	0	0	0	0	0	0	0	0	0	0	0	0	0	0	0	0	0	0	0	0	0	0	0
I66Y	3	7	4	4	0	0	0	1	0	0	0	0	0	5	0	0	4	3	0	6	12	0	1	5	3	0	5	0	0
I66V	9581	8780	6226	8303	3604	3011	2765	3924	3187	4090	2439	2300	1100	4497	1369	1307	3873	4489	1061	5089	6580	3956	884	6928	2758	1503	6535	3261	2999
I66X	0	0	0	0	0	0	0	0	0	0	0	0	0	0	0	0	0	0	0	0	0	0	0	0	0	0	0	0	0
I66B	0	0	0	0	0	0	0	0	0	0	0	0	0	0	0	0	0	0	0	0	0	0	0	0	0	0	0	0	0
D67A	843	892	552	857	231	210	154	286	254	226	212	151	55	429	105	73	419	441	44	477	811	643	70	738	188	103	533	1150	245
D67R	3	4	2	6	0	0	0	0	0	0	0	0	0	2	1	0	1	2	0	4	3	0	0	1	0	0	2	0	1
D67N	6106	5550	3456	4696	2215	1937	2345	3060	3434	2640	2080	2079	1372	2749	902	1219	2203	2960	1038	2988	3304	3072	405	3877	2534	808	3800	2707	1837
D67D	3979390	3728830	2669403	3451124	4452981	3634568	4999550	4586498	3524603	4009850	4180901	2471499	2016732	1913692	2230643	2053417	1674419	1924506	1754203	2254459	2745125	2758950	1708376	2911570	1960384	2409288	2521345	1776050	3497161
D67C	4	4	10	1	1	2	3	1	1	0	0	0	0	2	0	1	1	2	3	2	4	14	0	2	4	0	3	0	0
D67E	10960	9892	6806	9494	3746	3397	2899	3804	3280	4548	2837	2080	1129	4928	1123	1132	4261	5357	1154	5456	8840	6307	1045	7689	2225	1453	7403	5622	3354
D67Q	0	0	0	0	0	0	0	0	0	0	0	0	0	0	1	0	0	0	0	0	0	0	0	0	0	0	0	0	0
D67G	17945	16446	10871	15067	5430	5174	4440	6458	4899	7395	6291	4438	2039	8000	1962	2209	6626	8153	1781	8608	11230	7956	1362	12143	6648	2113	11972	8953	4235
D67H	568	672	473	643	202	202	228	243	243	181	139	241	124	310	100	137	266	313	47	346	542	177	74	437	252	112	481	655	197
D67I	5	5	5	6	0	0	0	0	0	1	0	0	0	4	0	1	5	3	1	8	11	0	0	5	0	0	1	25	0
D67L	0	1	0	2	0	0	0	0	0	0	0	0	0	0	0	0	0	0	0	0	0	0	0	0	0	0	0	0	0
D67K	2	9	5	9	4	1	0	1	0	0	7	1	0	7	0	0	5	4	0	6	7	0	1	9	3	1	7	0	1
D67M	0	0	0	0	0	0	0	0	0	0	0	0	0	0	0	0	0	0	0	0	0	0	0	0	0	0	0	0	0
D67F	17	18	15	3	3	0	2	2	4	1	0	2	0	16	2	0	2	8	0	9	1	7	3	14	10	8	5	1	2
D67P	0	0	0	0	0	0	0	0	0	0	0	0	0	0	0	0	0	0	0	0	0	0	0	0	0	0	0	0	0
D67S	12	15	7	8	5	2	0	4	1	0	0	0	1	10	1	0	6	5	0	13	12	31	0	14	1	1	7	1	6
D67T	1	0	0	0	0	0	0	0	0	0	0	0	0	0	0	0	0	0	0	0	0	0	0	0	0	0	0	0	0
D67W	0	0	0	0	0	0	0	0	0	0	0	0	0	0	0	0	0	0	0	0	0	0	0	0	0	0	0	0	0
D67Y	2530	2516	1647	1932	826	691	875	1131	678	1179	635	656	201	1177	297	280	980	1262	247	1327	1528	926	350	1669	1179	404	1548	748	587
D67V	9764	9349	6055	8730	2232	2149	1809	2685	2114	2061	2233	1708	592	4385	773	723	3698	4419	573	4923	7076	9690	571	6940	3089	977	6629	2521	1989
D67X	27	35	21	28	3	5	1	6	0	0	1	0	1	19	0	0	19	9	0	13	9	159	1	23	1	1	30	6	1
D67B	2	0	0	2	0	0	1	0	0	0	0	0	0	0	0	0	0	0	0	0	0	0	0	0	0	0	2	0	0
D68A	852	862	606	873	321	227	131	319	146	315	136	112	90	482	113	84	389	435	60	510	677	232	70	719	252	115	629	360	170
D68R	0	0	0	0	0	0	0	0	0	0	0	0	0	0	0	0	0	0	0	0	0	1	0	0	0	0	0	0	0
D68N	5901	5190	3573	5050	1628	1544	1359	2102	1571	2567	2567	1407	488	2658	614	506	2447	2648	376	3019	3916	5840	385	4178	2064	667	3737	996	1458
D68D	3987888	3737088	2674011	3456799	4455090	3635566	4999286	4588312	3527537	4013512	4186366	2473766	2017995	1917852	2230471	2055500	1677916	1928823	1754501	2259051	2751927	2763916	1709440	2917445	1965616	2410765	2527525	1784705	3498088
D68C	1	4	2	3	0	0	0	0	1	0	2	1	1	0	0	2	2	1	1	4	5	0	2	2	4	5	0	0	0
D68E	2029	1836	1299	1656	1035	800	857	978	665	813	546	314	285	1003	299	270	708	1043	296	1055	1772	654	493	1379	466	448	1271	411	833
D68Q	0	0	0	0	0	0	0	0	0	0	0	0	0	0	0	0	0	0	0	0	0	0	0	0	0	0	0	0	0
D68G	15266	13725	9247	12957	4866	4435	3686	4986	4201	4618	2724	3091	1296	6576	1751	1432	5656	6695	1265	7241	10344	6955	1034	10322	4179	1643	10054	7199	3704
D68H	115	110	88	103	29	37	58	62	55	182	68	54	23	48	10	10	44	48	18	80	66	83	12	74	4	26	56	17	27
D68I	5	17	5	5	0	0	2	4	0	0	0	0	0	3	0	1	4	3	0	7	11	0	0	8	3	2	4	0	0
D68L	1	1	0	0	0	0	0	0	0	0	0	0	0	0	0	0	0	0	0	0	1	0	0	0	0	0	0	0	0
D68K	2	4	1	0	0	0	1	0	0	0	0	0	0	0	0	0	0	0	0	0	2	0	2	0	0	0	0	0	1
D68M	0	0	0	0	0	0	0	0	0	0	0	0	0	0	0	0	0	0	0	0	0	0	0	0	0	0	0	0	0
D68F	35	43	19	1	1	0	14	15	18	0	1	0	1	18	5	0	7	28	2	13	5	16	0	22	8	6	11	0	1
D68P	0	0	0	0	0	0	0	0	0	0	0	0	0	0	0	0	0	0	0	0	0	0	0	0	0	0	0	0	0
D68S	18	19	15	10	5	3	1	1	0	13	0	7	1	10	0	1	8	4	1	4	6	1	0	9	8	0	9	2	2
D68T	0	1	0	0	0	0	0	0	0	0	0	0	0	0	0	0	0	0	0	1	1	0	0	0	0	0	0	0	0
D68W	0	0	0	0	0	0	0	0	0	0	0	0	0	0	0	0	0	0	0	0	0	0	0	0	0	0	0	0	0
D68Y	1327	1243	923	982	318	378	438	655	498	468	268	354	65	662	182	162	536	745	187	843	772	656	243	1025	485	353	779	156	277
D68V	14738	14091	9539	14163	4586	5348	6474	6743	4819	5594	2658	3749	2001	6417	2465	1224	5194	6970	2384	6811	8995	9578	577	9948	3429	1239	9691	4593	5055
D68X	1	4	0	6	0	0	0	2	0	0	0	0	0	1	0	0	0	1	0	0	3	0	0	0	0	0	2	0	0
D68B	0	0	0	0	0	0	0	0	0	0	0	0	0	0	0	0	0	0	0	0	0	0	0	0	0	0	0	0	0
K69A	0	0	1	2	0	0	0	0	0	1	0	0	1	0	0	0	0	1	0	0	0	0	0	2	1	1	1	0	0
K69R	14867	13718	8644	11776	5101	4445	5194	6892	4249	7830	6127	7692	3140	6887	2351	2655	5458	6856	2231	6881	8467	13129	1070	9934	6319	2060	10164	7183	4404
K69N	5331	5280	3541	4618	2483	2217	1869	2406	2003	3138	1865	1452	756	2635	1053	1021	2306	2658	812	3486	3694	4605	972	4100	1692	1198	3568	1567	1770
K69D	7	14	14	23	7	7	3	3	4	6	5	10	0	3	2	2	4	5	1	12	14	1	4	9	1	5	14	1	5
K69C	0	0	0	0	0	0	0	0	0	0	0	0	0	0	0	0	0	0	0	0	0	0	0	0	0	0	0	0	0
K69E	20448	18462	12099	17204	32472	20898	26526	18665	44234	39233	47884	19520	24842	8920	14238	10276	7905	8975	25536	9793	13106	16648	2861	13816	11078	7350	13687	19227	28432
K69Q	1424	1366	839	1160	459	479	415	605	561	293	322	295	125	693	193	161	623	656	126	760	901	1018	129	1028	491	253	915	536	384
K69G	42	52	27	35	4	6	5	18	3	0	4	6	2	17	3	3	16	22	9	11	21	6	3	25	46	1	36	29	6
K69H	0	0	1	0	0	0	0	0	0	0	0	0	0	0	0	0	0	1	0	0	0	0	0	0	0	0	1	0	0
K69I	39	48	24	30	4	9	4	18	0	2	0	1	5	22	3	4	20	23	2	9	15	11	0	20	4	4	37	1	2
K69L	11	16	9	10	4	0	7	1	1	0	0	0	3	5	0	1	7	5	3	6	15	10	0	6	2	3	17	1	12
K69K	3912474	3666519	2629152	3398271	4323558	3540918	4907931	4513453	3387935	3868823	4021852	2397337	1939541	1881901	2185217	2022894	1647759	1894350	1673764	2224085	2707478	2653668	1699892	2869104	1929409	2384511	2477624	1704737	3392216
K69M	11614	11134	7155	10022	3612	3296	2549	3827	2170	3799	2870	2439	1082	5481	1267	1279	4408	5412	1066	6039	7519	3968	840	7875	3845	1395	7741	2996	2855
K69F	0	0	0	0	0	0	0	0	0	0	0	0	0	0	0	0	0	0	0	0	0	0	0	0	0	0	0	0	0
K69P	0	0	0	0	0	0	0	0	0	0	0	0	0	0	0	0	0	0	0	0	0	0	0	0	0	0	0	0	0
K69S	20	24	23	36	9	4	7	10	1	1	0	16	3	15	12	8	19	35	0	34	39	278	4	30	57	2	27	104	2
K69T	1589	1447	1028	1293	845	697	434	669	844	1179	629	565	313	728	252	318	629	806	372	812	1014	521	140	1140	904	242	1101	2667	681
K69W	30	33	15	45	17	10	16	7	10	60	21	2	7	27	5	0	11	20	6	20	20	3	0	21	5	5	20	5	7
K69Y	17	25	24	24	7	7	13	19	20	11	8	13	2	14	5	5	8	16	6	25	8	3	0	17	5	6	16	3	10
K69V	59	47	26	56	7	3	6	8	0	37	9	43	2	12	8	1	16	26	1	23	26	12	3	19	15	4	35	0	9
K69X	115	105	76	78	9	10	2	9	52	5	1	19	0	53	5	2	39	50	1	44	42	109	2	65	1	1	72	0	5
K69B	60092	55948	36630	47925	99281	75332	67326	57569	97424	103664	113739	53445	52422	28317	31296	20562	23683	27527	55155	26599	36124	93942	6338	37920	22643	18228	38692	59382	78816
G70A	670	679	443	702	257	280	330	368	137	435	185	173	156	351	115	104	338	388	102	396	462	158	99	563	344	178	442	86	218
G70R	256	178	147	231	118	108	87	132	82	218	120	55	31	127	43	34	93	118	51	107	178	42	37	153	67	31	162	8	66
G70N	15	14	7	12	5	1	2	7	0	2	2	0	0	5	2	0	4	1	0	15	10	1	0	9	16	4	6	0	6
G70D	11796	11362	7339	10516	4845	4204	3715	4679	4162	6390	3522	2964	1532	5481	1525	1551	4896	5726	1459	6143	8447	6267	1256	8467	4861	1952	8180	6294	3744
G70C	4763	4636	3028	4447	1690	1747	1518	2154	1832	2205	1302	1131	948	2368	627	788	2164	2468	822	2828	3076	2432	578	3385	2125	680	3163	2207	1379
G70E	2	1	2	1	0	0	0	0	3	0	0	0	0	1	0	1	3	3	0	1	1	0	0	1	0	0	0	0	0
G70Q	0	0	0	0	0	0	0	0	0	0	0	0	0	0	0	0	0	0	0	0	0	0	0	0	0	0	0	0	0
G70G	3998901	3746609	2681163	3466122	4455757	3637052	5002629	4591934	3528588	4012260	4185504	2475450	2017862	1921854	2232154	2055404	1680663	1933180	1755087	2263472	2757540	2770148	1708801	2924082	1964282	2410886	2533821	1781352	3499911
G70H	0	2	0	0	0	0	0	0	0	0	0	0	0	1	0	0	0	1	0	1	0	1	0	0	0	0	0	0	0
G70I	15	16	8	3	1	0	1	5	2	39	0	1	0	11	2	0	5	7	0	7	5	9	1	18	8	3	6	5	0
G70L	3	0	0	0	0	0	0	0	0	0	0	0	0	0	0	0	0	3	0	0	0	0	0	1	0	0	0	0	0
G70K	0	0	0	0	0	0	0	0	0	0	0	0	0	0	0	0	0	0	0	0	0	0	0	0	0	0	0	0	0
G70M	0	0	0	0	0	0	0	0	0	0	0	0	0	0	0	0	0	0	0	0	0	0	0	0	0	0	0	0	0
G70F	14	16	12	4	0	1	8	4	7	0	1	0	0	8	3	0	3	6	3	8	4	4	1	10	11	4	8	2	2
G70P	0	0	0	0	0	0	0	0	0	0	0	0	0	0	0	0	0	0	0	0	0	0	0	0	0	0	0	0	0
G70S	8478	7603	5031	7668	3452	3180	2713	3216	3135	4478	3816	2343	1202	3960	927	876	3399	3907	948	3922	6571	6367	750	6010	3589	961	5673	6818	2974
G70T	3	0	0	1	0	0	1	1	0	0	1	0	0	0	0	0	1	0	0	1	1	1	0	0	0	0	0	28	0
G70W	3	0	1	3	0	0	0	1	0	0	0	0	0	0	0	2	0	2	0	2	1	0	0	1	1	0	3	0	0
G70Y	21	21	19	3	0	0	9	8	9	20	1	0	1	11	0	0	1	13	4	14	7	4	1	20	11	9	5	2	0
G70V	3237	3101	2128	2895	1754	1765	1294	1670	1554	2034	882	738	514	1552	512	432	1341	1621	615	1721	2198	2498	734	2410	1202	561	2299	1637	1316
G70X	2	0	0	0	0	0	0	0	0	1	0	0	0	0	0	0	0	0	0	1	2	0	0	1	1	0	0	0	0
G70B	0	0	0	0	0	0	0	0	0	0	0	0	0	0	0	0	0	0	0	0	0	0	0	0	0	0	0	0	0
M71A	68	97	49	83	22	31	13	32	1	29	2	35	6	47	11	3	44	35	25	53	71	24	7	60	38	13	74	1	16
M71R	1437	1376	915	1250	317	272	294	438	246	552	329	256	135	722	114	92	589	722	78	704	1003	715	90	1057	377	146	1014	1154	249
M71N	1	5	3	5	0	5	3	0	1	0	0	0	0	0	2	0	3	0	1	3	3	1	0	3	2	0	1	0	0
M71D	0	0	0	0	0	0	0	0	0	0	0	0	0	0	0	0	0	0	0	0	0	0	0	0	0	0	0	0	0
M71C	0	0	0	0	0	0	0	0	0	0	0	0	0	0	0	0	0	0	0	0	0	0	0	0	0	0	0	0	0
M71E	21	25	16	17	2	7	7	4	18	4	2	3	0	18	5	1	6	12	3	16	25	0	4	21	1	1	18	0	2
M71Q	7	7	3	15	0	1	0	0	0	0	0	1	0	3	0	0	2	3	1	2	3	0	0	3	0	0	3	0	0
M71G	18	15	12	17	0	0	1	5	0	0	1	1	0	3	0	1	7	16	0	16	5	1	0	16	0	1	4	0	3
M71H	0	0	0	0	0	0	0	0	0	0	0	0	0	0	0	0	0	0	0	0	0	0	0	0	0	0	0	0	0
M71I	8733	8069	5474	7515	3446	3554	3204	3987	2929	3430	2374	1916	1194	3826	1207	1266	3179	4012	1087	4095	5680	2796	1076	6020	4029	1443	6049	3069	2465
M71L	11720	10307	7077	9756	3346	2790	3148	3774	3260	5052	2763	2176	1140	4959	1051	1052	4325	5368	1086	5626	7534	6144	775	8133	3183	1319	7593	6518	3081
M71K	12136	11487	7490	10346	2886	2599	2319	3554	3017	4520	1912	2191	1169	5794	1052	1026	4699	5819	1066	5777	7565	7755	632	8558	5151	1137	8275	5233	2557
M71M	3951340	3702765	2651679	3425511	4424447	3615684	4975772	4569843	3504611	3977981	4144069	2458115	1999438	1900417	2218996	2046360	1663132	1911493	1735555	2241297	2727162	2745540	1704803	2890825	1943845	2402121	2500658	1760804	3472870
M71F	0	0	1	1	0	2	0	1	1	0	0	0	0	1	0	0	0	1	0	1	2	0	0	3	0	0	1	1	1
M71P	7	6	6	5	0	0	0	2	0	37	0	0	0	3	0	0	4	2	0	3	1	0	2	3	0	0	13	1	0
M71S	51	68	30	43	20	9	11	5	0	2	1	5	3	25	2	0	16	12	2	24	37	0	2	37	18	6	37	0	3
M71T	23653	22496	14655	21461	8335	7185	6068	8513	7383	9144	6170	4270	2472	11060	2557	2325	9068	10965	2149	11407	16239	8876	1930	16908	8957	2921	16553	8252	5629
M71W	12	6	2	2	2	0	0	3	0	0	0	0	0	1	1	0	1	1	0	1	2	0	1	4	0	0	1	0	1
M71Y	0	0	0	0	0	0	0	0	0	0	0	0	0	0	0	0	0	0	0	0	0	0	0	0	0	0	0	0	0
M71V	18846	17362	11816	16455	25030	16168	21450	13969	18008	27260	37663	13862	16676	8774	10905	7059	7770	8917	18025	9567	13096	15961	2930	13389	10905	6152	13374	13406	22719
M71X	0	0	0	0	0	0	0	0	0	0	0	0	0	0	0	0	0	0	0	0	0	0	0	0	0	0	0	0	0
M71B	129	147	100	126	26	31	17	49	36	71	50	24	13	77	7	7	66	66	13	47	75	119	6	91	12	9	100	0	20
A72A	3997039	3745484	2680685	3465701	4457951	3639780	5003679	4591695	3531510	4017067	4185915	2473975	2018871	1922175	2232238	2055699	1681096	1933693	1755542	2264152	2758576	2771101	1709810	2924240	1966455	2411482	2532985	1786632	3501908
A72R	0	0	0	0	0	0	0	0	0	0	0	0	1	0	0	0	0	0	0	0	0	0	0	0	0	0	0	0	0
A72N	26	32	19	23	8	0	10	6	0	0	7	0	1	15	0	0	13	15	1	17	38	0	3	12	0	1	14	4	0
A72D	2199	2086	1387	2109	665	534	509	752	463	732	771	500	143	1005	191	206	827	921	156	1043	1503	730	189	1528	855	305	1422	321	469
A72C	0	0	0	0	0	0	0	0	0	0	0	0	0	0	0	0	0	1	0	0	0	0	0	0	0	0	0	0	0
A72E	10	12	9	1	1	0	3	2	3	0	0	3	1	8	1	1	2	3	1	7	3	0	0	10	4	4	7	2	1
A72Q	0	0	0	0	0	0	0	0	0	0	0	0	0	0	0	0	1	0	0	0	0	0	0	0	0	0	0	0	0
A72G	630	598	464	640	265	212	199	310	127	233	154	135	88	311	75	65	237	304	69	336	555	615	67	469	74	107	392	176	225
A72H	0	0	0	0	0	0	0	0	0	0	0	0	0	0	0	0	1	0	0	0	0	0	0	0	0	0	0	0	0
A72I	22	19	17	22	1	1	0	0	0	1	2	0	1	18	0	1	16	10	2	4	9	0	1	16	0	3	13	21	1
A72L	0	0	0	0	0	0	0	0	0	0	0	0	0	0	0	0	0	0	0	0	0	0	0	0	0	0	0	0	0
A72K	0	0	0	0	0	0	0	0	0	0	0	0	0	0	1	0	0	0	0	0	0	0	0	0	0	0	0	0	0
A72M	0	0	0	0	0	0	0	0	0	0	0	0	0	0	0	0	0	0	0	0	0	0	0	0	0	0	0	0	0
A72F	1	0	2	1	1	1	2	0	0	0	0	0	0	1	1	0	1	2	1	1	2	0	0	1	0	0	0	0	0
A72P	938	930	598	968	302	360	321	443	242	452	317	379	124	461	119	162	411	406	149	533	704	339	106	747	183	232	581	249	275
A72S	2889	2854	1781	2360	818	823	867	1309	758	964	623	606	404	1406	432	390	1186	1441	295	1417	1660	1079	318	1849	701	431	1956	1720	646
A72T	11551	10788	6860	9775	2919	2691	2342	3527	2776	3952	3393	2339	947	4778	996	1085	4318	5002	842	5344	7672	5722	735	7849	3568	1182	7795	3504	2259
A72W	0	0	0	0	0	0	0	0	0	0	0	0	0	0	0	0	0	0	0	0	0	0	0	0	0	0	0	0	0
A72Y	1	11	0	0	0	0	0	0	0	0	0	0	0	1	1	0	0	0	0	0	0	0	0	2	0	1	0	0	0
A72V	12873	11424	7506	11008	4948	3936	4375	6135	3632	4681	4154	4918	1665	5551	1855	1583	4802	5646	2033	5785	7781	8346	1029	8408	4678	1521	8603	5810	3832
A72X	0	0	0	0	0	0	0	0	0	0	0	0	0	0	0	0	0	0	0	0	0	0	0	0	0	0	0	0	0
A72B	0	0	0	0	0	0	0	0	0	0	0	0	0	0	0	0	0	0	0	0	0	0	0	0	0	0	0	0	0
P73A	168	140	95	138	84	80	75	75	66	84	82	34	20	49	28	16	62	77	12	84	101	53	26	87	16	29	93	9	46
P73R	374	312	223	321	212	145	146	172	253	203	116	92	73	127	39	59	139	154	72	214	360	53	67	282	83	86	266	173	169
P73N	8	7	4	1	1	0	3	6	2	0	0	0	0	4	0	1	0	3	2	6	3	1	2	7	3	1	6	0	0
P73D	0	0	0	0	0	0	1	0	0	0	0	0	0	1	0	0	0	0	0	0	0	0	0	0	0	0	0	0	0
P73C	1	0	0	1	0	0	0	0	0	0	0	0	0	0	0	0	1	0	0	0	0	1	0	2	0	0	0	0	0
P73E	0	0	0	0	0	0	0	0	0	0	0	0	0	0	0	0	0	0	0	0	0	0	0	0	0	0	0	0	0
P73Q	18	17	8	0	0	0	4	4	1	0	0	0	0	12	0	2	4	6	1	14	5	4	4	18	8	10	9	0	1
P73G	0	0	0	0	0	0	0	0	0	0	0	0	0	0	0	0	0	0	0	0	0	0	0	0	0	0	0	0	0
P73H	3604	3437	2395	3409	1405	1264	1370	1522	928	2179	1579	1125	494	1612	611	784	1511	1784	571	2111	2833	1647	401	2860	1215	797	2700	4532	1231
P73I	4	6	4	1	0	0	2	2	2	0	1	0	0	4	1	1	2	7	1	4	5	2	0	8	1	2	4	0	6
P73L	6758	6460	4034	6024	2366	1937	1784	2574	1895	2922	2582	1328	694	2964	915	902	2588	2995	663	3390	4926	4157	671	4819	2653	934	4754	2867	1707
P73K	0	1	0	0	0	0	0	0	0	0	0	0	0	0	0	0	0	1	0	0	0	0	0	0	0	0	0	0	0
P73M	0	0	0	0	0	0	0	0	0	0	0	0	0	0	0	0	0	0	0	0	0	0	0	0	0	0	0	0	0
P73F	2	0	7	4	7	10	2	2	2	0	0	3	0	0	0	0	4	0	0	2	4	0	0	3	1	0	3	0	0
P73P	4005698	3753272	2685419	3472830	4459474	3640826	5005673	4595143	3531948	4017794	4186926	2477782	2019673	1926019	2232702	2055986	1684268	1937003	1756287	2267231	2762814	2769961	1710095	2929426	1969526	2411842	2537973	1784473	3502965
P73S	8764	7812	5119	7382	3415	3108	2461	3610	3459	4166	3209	2043	1056	3681	1295	1167	3268	3952	1253	3942	5478	10950	770	5729	2388	1176	6070	5888	2827
P73T	2777	2773	2017	2496	915	968	785	1068	954	734	841	448	235	1251	318	272	1064	1461	228	1639	1972	1100	222	1885	622	389	1889	496	662
P73W	0	0	0	0	0	0	0	0	0	0	0	0	0	0	0	0	0	0	0	0	0	0	0	0	0	0	0	0	0
P73Y	3	1	3	1	0	0	1	1	1	0	0	0	1	6	1	1	0	1	1	1	2	3	0	5	2	3	1	0	2
P73V	0	0	0	0	0	0	0	0	0	0	0	0	0	0	0	1	0	0	0	1	0	0	0	0	0	0	0	1	0
P73X	0	0	0	0	0	0	0	0	0	0	0	0	0	0	0	0	0	0	0	0	0	0	0	0	0	0	0	0	0
P73B	0	0	0	0	0	0	0	0	0	0	0	0	0	0	0	0	0	0	0	0	0	0	0	0	0	0	0	0	0
A74A	3999741	3747373	2682010	3468324	4455280	3637117	5003424	4592913	3528033	4012131	4185134	2475728	2017261	1923068	2231864	2054922	1682288	1934432	1754132	2265298	2758946	2767469	1709172	2924766	1968113	2411002	2533554	1783260	3498792
A74R	0	0	0	0	0	0	0	0	0	0	0	0	0	0	0	0	0	0	0	0	0	0	0	0	0	0	0	0	0
A74N	5	7	17	15	0	0	0	0	0	1	34	2	6	1	0	0	0	6	3	7	14	0	0	6	1	0	6	0	5
A74D	1787	1653	1183	1436	494	501	604	721	434	447	636	539	191	885	239	275	671	884	273	924	1203	1349	179	1274	579	270	1119	813	406
A74C	0	0	1	1	0	0	0	0	0	0	0	0	0	0	0	0	0	0	0	0	0	0	0	0	0	0	0	0	0
A74E	15	10	2	0	0	0	1	1	2	0	0	0	0	2	0	0	3	2	0	2	3	0	1	7	2	3	0	0	0
A74Q	0	0	0	0	0	0	0	0	0	0	0	0	0	0	0	0	0	0	0	0	0	0	0	0	0	0	0	0	0
A74G	418	381	279	319	160	81	100	127	89	353	49	99	49	185	36	50	144	182	40	197	254	173	22	329	39	72	297	30	154
A74H	1	1	0	1	0	0	0	0	0	0	0	0	0	0	0	0	0	0	0	0	1	0	0	0	0	0	0	0	0
A74I	14	15	9	14	5	3	1	3	2	1	0	2	0	17	1	0	7	5	2	15	11	16	2	15	0	0	14	1	1
A74L	3	0	1	0	0	1	1	0	0	0	0	0	0	0	0	0	0	0	0	0	0	1	0	0	0	0	0	0	0
A74K	0	0	0	0	0	0	0	0	0	0	0	0	0	0	0	0	0	0	0	0	0	0	0	0	0	0	0	0	0
A74M	0	0	0	0	0	0	0	0	0	0	0	0	0	0	0	0	0	0	0	0	0	0	0	0	0	0	0	0	0
A74F	2	5	3	3	0	0	0	1	0	0	0	0	0	3	2	0	4	3	0	2	1	0	0	2	0	3	1	0	0
A74P	856	781	529	715	279	217	179	273	136	143	159	120	84	385	67	63	337	406	57	415	679	2053	86	599	152	90	688	239	179
A74S	3467	3383	2116	2881	1044	1015	941	1521	1017	1290	936	880	322	1614	462	508	1246	1598	349	1674	2408	1853	1024	2419	857	525	2389	734	996
A74T	15122	13774	8997	13077	7259	6097	5175	6515	7954	10587	6115	4684	3472	6544	2551	2734	5615	6857	3362	6922	10326	12058	1364	10873	4757	2496	10710	11235	6503
A74W	0	0	0	0	0	0	0	0	0	0	0	0	0	0	0	0	0	0	0	0	0	0	0	0	0	0	0	0	0
A74Y	1	1	0	0	0	0	0	0	0	0	0	0	0	1	0	1	0	1	0	0	0	0	0	1	0	0	0	0	0
A74V	6747	6854	4181	5822	3358	3306	1881	2104	1844	3129	2273	801	861	3025	688	639	2596	3068	873	3183	4657	2960	408	4840	2018	808	4990	2127	2580
A74X	0	0	0	0	0	0	0	0	0	0	0	0	0	0	0	0	0	0	0	0	0	0	0	0	0	0	0	0	0
A74B	0	0	0	0	0	0	0	0	0	0	0	0	0	0	0	0	0	0	0	0	0	0	0	0	0	0	0	0	0
L75A	2	0	0	0	0	0	1	0	0	0	0	0	0	0	0	0	0	1	0	0	0	0	0	0	0	0	0	0	0
L75R	785	700	508	770	94	79	67	171	97	120	465	69	36	360	30	44	334	424	29	428	618	192	34	546	432	54	557	234	55
L75N	13	6	7	2	1	0	1	1	1	0	6	0	0	6	0	1	4	7	0	7	2	1	0	5	2	1	5	1	0
L75D	1	0	0	0	0	0	0	0	0	0	0	0	0	0	0	0	0	0	0	0	0	0	0	0	0	0	0	0	0
L75C	1	0	0	0	0	0	0	0	0	0	0	0	0	0	0	0	0	0	0	0	0	0	0	0	0	0	2	0	0
L75E	0	0	0	0	0	0	0	0	0	0	0	0	0	0	0	0	0	0	0	0	0	0	0	0	0	0	0	0	0
L75Q	12	12	8	4	0	1	0	3	3	0	0	0	1	9	1	1	3	5	0	5	6	5	0	13	3	2	2	0	0
L75G	1	0	0	0	0	0	0	0	0	0	0	0	0	0	0	0	0	0	0	0	0	0	0	0	0	0	0	0	0
L75H	11529	10161	6913	9839	3032	2803	2905	4562	2295	7528	6544	3851	1813	5082	1453	1186	4492	5231	1776	5544	7595	14275	515	8043	4737	1022	7631	6053	3214
L75I	3376	3251	2241	2973	946	1019	751	1212	821	1223	687	520	226	1519	294	260	1321	1632	295	1936	2371	964	349	2533	664	514	2343	1297	703
L75L	3990520	3740282	2676083	3460125	4458323	3640147	5004314	4592026	3529204	4008495	4177891	2472247	2017736	1918815	2231989	2055935	1678175	1929991	1754571	2260438	2753763	2759720	1710299	2919078	1962654	2411871	2528283	1778597	3501168
L75K	0	0	0	0	0	0	0	0	0	0	0	0	0	0	0	0	0	0	0	1	0	0	0	0	0	0	0	0	0
L75M	0	0	0	0	0	0	0	0	0	0	0	0	0	0	0	0	0	0	0	1	0	0	0	0	0	0	0	0	0
L75F	4236	3882	2570	3716	1493	1314	1020	1646	1271	1658	1445	1245	401	2006	593	451	1770	2080	432	2004	2804	2575	351	2820	922	592	3067	1964	1319
L75P	17519	15714	10873	15023	3953	2935	3209	4517	5763	9035	8264	4892	2017	7868	1529	1301	6753	7978	1982	8194	11240	10190	700	11953	7056	1188	11768	10257	3138
L75S	11	15	11	4	0	0	9	4	1	1	3	0	0	4	8	0	4	2	0	9	12	0	0	14	24	1	3	0	0
L75T	1	4	8	1	3	2	0	0	0	0	0	0	0	4	0	1	2	4	1	4	1	5	0	7	0	0	1	1	0
L75W	0	0	0	0	0	0	0	0	0	0	0	0	0	0	0	0	0	0	0	0	0	0	0	0	0	0	0	0	0
L75Y	3	10	4	2	0	0	0	1	0	1	1	0	0	1	0	0	0	6	0	4	8	0	0	5	0	0	3	0	4
L75V	169	201	102	149	34	38	30	36	55	21	30	31	16	56	13	12	53	83	5	64	83	5	10	114	24	24	103	35	15
L75X	0	0	0	0	0	0	0	0	0	0	0	0	0	0	0	0	0	0	0	0	0	0	0	0	0	0	0	0	0
L75B	0	0	0	0	0	0	0	0	0	0	0	0	0	0	0	0	0	0	0	0	0	0	0	0	0	0	0	0	0
R76A	0	0	0	0	0	0	0	0	0	0	0	0	0	0	0	0	0	0	0	0	0	0	0	0	0	0	0	0	0
R76R	3982123	3731781	2672060	3452981	4449263	3631768	4999719	4587715	3523310	4008245	4179840	2471615	2016464	1915663	2230242	2053383	1675725	1926435	1753578	2256801	2748207	2762018	1708169	2913554	1963570	2408962	2520940	1777858	3494907
R76N	0	0	0	0	0	0	0	0	0	0	0	0	0	0	0	0	0	1	0	0	0	0	0	0	0	0	0	0	0
R76D	0	0	0	0	0	0	0	0	0	0	0	0	0	0	0	0	0	0	0	0	0	0	0	0	0	0	0	0	0
R76C	37	19	18	15	6	0	3	5	0	0	0	0	1	10	1	0	9	15	0	19	8	5	1	19	1	1	21	4	3
R76E	0	0	0	0	0	0	0	0	0	0	1	0	1	0	0	0	0	0	1	0	0	0	0	1	0	0	0	0	0
R76Q	14355	12998	8612	12156	6267	5409	4575	5332	5684	6364	5749	3055	1765	6130	1690	1809	5224	6298	1580	6670	9767	6420	1526	9929	4370	2258	10009	6663	5073
R76G	782	755	455	708	206	190	161	244	135	210	215	135	103	395	58	68	366	349	40	436	622	208	69	599	394	67	619	188	130
R76H	35	36	34	21	2	1	8	11	9	0	0	0	0	28	2	3	15	20	2	26	17	5	5	28	22	10	15	4	0
R76I	0	0	0	0	0	0	0	0	0	0	0	0	0	0	0	0	0	0	0	0	0	0	0	0	0	0	0	0	0
R76L	14346	13255	8481	12684	5058	4703	3852	5024	3614	5232	3741	3720	1661	6251	1917	2090	5309	6523	1690	6876	9350	7109	1307	9700	3455	1935	10414	5014	4405
R76K	20	16	9	8	18	20	5	11	1	28	1	0	2	5	1	0	10	5	2	5	8	1	3	10	1	1	14	0	1
R76M	9	13	5	7	1	3	0	2	2	0	0	3	0	3	0	1	3	2	0	3	15	0	4	2	0	3	3	1	0
R76F	1	0	0	0	0	0	0	0	0	0	0	0	0	0	0	0	0	0	0	0	0	0	0	0	0	0	0	0	0
R76P	947	845	607	982	142	182	141	275	272	267	1213	170	41	437	51	61	380	469	96	459	813	283	45	631	209	80	674	165	189
R76S	24	14	5	23	41	3	0	8	2	0	1	0	0	0	1	2	6	3	0	7	10	1	3	12	0	1	7	0	1
R76T	0	0	0	1	0	0	0	0	0	0	0	0	0	0	0	0	1	0	1	0	0	224	0	0	0	0	0	0	0
R76W	14885	13991	8659	12628	5831	5319	3618	5163	6094	6983	4388	4037	2051	6557	1868	1693	5676	7056	1902	7104	9484	11527	1111	10239	4399	1804	10515	8523	4158
R76Y	1	0	0	0	0	0	0	1	1	0	0	0	0	1	0	0	0	0	0	0	0	0	0	1	0	1	2	0	0
R76V	0	1	0	2	0	0	0	0	0	0	0	1	0	1	0	0	0	0	0	0	1	0	0	0	0	0	0	0	0
R76X	328	284	195	205	49	26	17	38	10	4	9	5	16	147	6	16	90	149	2	125	98	68	0	221	70	6	315	1	61
R76B	286	230	188	187	995	714	208	350	377	749	178	114	141	102	73	66	97	119	197	108	103	63	15	185	27	140	220	18	688
H77A	0	0	0	0	0	0	0	0	0	0	0	0	0	1	0	0	0	0	0	0	0	0	0	0	0	0	0	0	0
H77R	12972	11583	8101	11281	5104	4766	3802	4825	3626	4967	3316	2925	1501	5222	1471	1281	4615	5645	1264	5520	8432	6696	1018	8259	3683	1476	8814	5687	3744
H77N	1565	1484	1051	1342	781	730	584	719	520	560	438	534	151	674	214	182	512	729	152	848	1028	337	230	1113	297	312	1026	455	495
H77D	641	551	356	499	218	177	153	218	109	100	172	108	56	281	67	51	254	224	55	284	362	59	60	401	70	94	432	160	211
H77C	46	30	27	20	21	7	6	14	16	2	0	0	3	11	0	4	11	13	3	20	15	2	0	29	4	8	24	0	20
H77E	0	0	0	0	0	0	0	0	0	0	0	0	0	0	0	0	0	0	0	0	0	0	1	0	0	1	1	0	0
H77Q	7107	6277	4347	6100	2961	2791	1847	2680	2073	3365	2339	1702	745	3166	939	714	2776	3226	775	3314	4836	6015	564	4767	1719	973	4787	1985	2335
H77G	1	0	0	0	0	0	0	0	0	0	0	0	0	0	0	0	0	0	0	0	0	0	0	1	0	0	0	0	0
H77H	3986986	3737233	2673883	3457363	4453042	3634757	5001074	4589703	3528840	4013159	4184305	2474696	2018121	1917660	2231281	2055091	1677428	1928730	1755241	2258980	2750830	2766895	1708895	2916867	1965011	2409957	2526101	1782619	3498401
H77I	8	2	9	3	0	0	1	1	0	0	0	0	0	3	0	1	5	9	0	12	2	1	0	12	0	1	2	0	0
H77L	6845	6312	4144	5946	2144	1753	1544	2181	1497	2302	1302	896	599	3148	659	565	2628	3133	566	3568	4918	3221	515	5005	1358	931	4697	3334	1660
H77K	0	2	1	2	1	0	2	0	0	0	0	0	0	3	1	1	1	3	0	2	1	0	0	1	0	0	1	0	1
H77M	0	0	0	0	0	0	0	0	0	0	0	0	0	0	0	0	0	0	0	0	0	0	0	0	0	0	0	0	0
H77F	7	9	3	7	1	0	0	1	0	0	0	0	0	5	0	0	2	5	0	7	2	0	0	9	0	0	8	0	0
H77P	541	464	343	508	61	68	50	130	78	78	68	121	18	273	30	14	225	285	14	290	432	85	23	369	98	19	389	783	105
H77S	23	23	24	1	0	1	7	2	8	0	1	0	1	11	0	1	6	10	2	15	6	5	3	30	10	4	4	2	2
H77T	0	0	0	0	0	0	0	0	0	0	0	0	1	0	0	0	0	1	0	0	0	0	0	0	0	0	1	0	0
H77W	0	0	0	0	0	0	0	0	0	0	0	0	0	0	0	0	0	0	0	0	0	0	0	0	0	0	0	0	0
H77Y	11341	10237	6997	9489	3541	3287	3225	3693	2744	3548	3395	1869	1046	5248	1245	1285	4437	5402	1012	5747	7631	4584	947	8228	4268	1488	7432	3414	2641
H77V	0	0	1	1	0	0	0	0	0	0	0	0	0	0	0	0	0	0	1	0	0	0	0	0	0	0	0	0	0
H77X	87	30	38	44	4	1	12	9	0	1	0	4	4	21	1	2	10	26	6	32	7	32	2	37	0	5	49	0	1
H77B	9	1	3	2	0	0	0	3	0	0	0	0	0	3	2	0	1	3	0	0	1	0	0	3	0	0	0	0	0
L78A	1	1	2	0	0	2	0	0	0	0	0	0	0	0	0	0	0	0	0	0	0	0	0	0	0	0	5	0	0
L78R	2860	2659	1879	2436	336	356	210	566	423	736	375	479	144	1400	156	166	1154	1429	124	1463	1910	1687	72	2073	1231	109	2047	517	363
L78N	0	0	0	0	0	0	0	0	0	0	0	0	0	0	0	0	0	0	0	0	0	0	0	0	0	0	0	0	0
L78D	0	0	0	0	0	0	0	0	0	0	0	0	0	0	0	0	0	0	0	0	0	0	0	0	0	0	0	0	0
L78C	0	0	0	0	0	0	0	0	0	0	0	0	0	0	0	0	0	0	0	0	0	0	0	0	0	0	0	0	0
L78E	0	0	0	0	0	0	0	0	0	0	0	0	0	0	0	0	0	0	0	0	0	0	0	0	1	0	2	0	1
L78Q	21453	20477	13312	18371	3585	3298	2497	5331	3981	6583	3463	3687	1297	9561	1192	1229	8012	9563	1074	9715	14639	11328	751	14392	6417	1348	14631	7384	2812
L78G	0	0	0	0	0	0	0	0	0	0	0	0	0	0	0	0	0	0	0	0	0	0	0	0	0	0	0	0	0
L78H	7	20	9	13	3	0	2	6	3	1	0	0	0	11	0	0	3	3	0	13	10	0	0	8	5	2	2	0	0
L78I	8	6	1	8	1	0	0	2	0	0	0	0	2	2	0	0	2	1	2	5	1	1	0	4	0	1	1	0	0
L78L	3975533	3725619	2666938	3447611	4458555	3640051	5003881	4590195	3527398	4011380	4182667	2472676	2017657	1911551	2231886	2054435	1672608	1923157	1755055	2253589	2742822	2759019	1709747	2908705	1957626	2411481	2518074	1776888	3501715
L78K	5	16	10	1	0	0	1	1	1	0	0	0	0	7	0	0	1	2	2	1	2	0	0	10	1	1	4	2	2
L78M	3993	3776	2449	3310	1303	1101	1713	1573	875	1199	1987	1035	979	2083	1240	1532	1643	2011	817	2152	2738	2498	726	2867	1461	889	2757	2641	1236
L78F	4	1	2	7	0	1	1	1	0	0	0	0	0	0	0	0	0	1	0	2	1	0	0	6	0	0	0	0	0
L78P	24075	21479	14559	20617	3990	3460	3861	6315	6706	8139	6681	4856	2063	11006	1248	1589	9366	11161	1929	11560	16210	13287	913	16887	9676	1376	16091	10746	3359
L78S	38	16	28	44	6	0	2	4	0	0	0	5	1	14	1	0	19	9	0	11	17	2	0	40	23	1	20	0	0
L78T	7	6	7	5	0	5	0	1	0	0	3	7	0	2	1	1	2	2	1	8	8	4	1	6	0	0	11	2	0
L78W	0	0	3	0	0	0	0	0	0	0	0	0	1	1	0	0	2	0	0	0	9	0	1	1	0	1	1	0	0
L78Y	0	0	0	0	0	0	0	0	0	0	0	0	0	0	0	0	0	0	0	0	0	0	0	0	0	0	0	0	0
L78V	114	99	87	133	95	57	136	155	100	38	152	88	89	56	179	237	65	67	85	78	101	95	46	88	52	55	75	170	115
L78X	0	0	0	0	0	0	0	0	0	0	0	0	0	0	0	0	0	0	0	0	0	0	0	0	0	0	0	0	0
L78B	81	63	42	52	5	7	3	29	24	6	8	22	13	36	7	3	34	38	2	42	35	11	1	44	25	5	47	89	13
Y79A	1	0	0	2	0	0	0	0	0	0	0	0	0	0	0	0	0	0	0	0	1	0	0	0	0	0	0	0	0
Y79R	264	279	116	202	59	44	63	119	74	65	55	40	19	88	18	9	76	125	9	98	215	206	15	133	19	7	218	159	53
Y79N	12910	11744	7840	10738	5867	4845	4272	5523	3697	5380	3484	3637	1734	5585	2092	1897	4898	5887	1491	6207	8578	8150	1487	9025	6284	2253	8763	2874	4673
Y79D	1000	876	622	816	496	402	216	416	413	379	215	259	126	470	132	121	408	428	158	479	608	360	108	662	252	141	695	243	251
Y79C	17202	15239	10731	15134	5494	4558	4094	5651	3840	5204	5012	3424	1661	7745	2035	2013	6900	7917	1543	9107	12283	9142	1519	12239	6742	2181	11433	6443	3980
Y79E	0	0	1	1	0	0	0	0	0	0	0	0	0	0	0	0	0	0	0	0	0	0	0	0	0	0	0	0	0
Y79Q	4	5	2	3	1	0	0	1	0	0	0	0	0	6	1	0	1	0	0	2	0	0	0	4	1	1	1	2	1
Y79G	10	7	8	5	1	1	3	5	0	0	5	3	0	2	0	1	4	0	0	4	7	0	0	4	0	0	5	0	0
Y79H	15549	14568	9601	13964	9368	7699	6136	8030	10693	9818	7373	5261	3664	7308	3177	2735	6272	7202	3362	7921	10705	10746	1971	11157	6129	2918	10736	6353	6941
Y79I	68	46	45	58	19	9	23	15	0	0	14	7	2	20	4	4	18	28	4	17	19	31	2	20	1	1	46	0	2
Y79L	83	85	75	98	71	35	65	58	2	168	179	192	38	58	10	48	38	46	18	60	60	111	12	91	413	18	68	39	25
Y79K	7	6	7	16	1	0	0	1	1	0	0	0	1	2	0	0	4	2	1	1	0	0	1	4	3	0	1	1	1
Y79M	0	0	0	0	0	0	0	0	0	0	0	0	0	0	0	0	0	0	0	0	0	0	0	0	0	0	0	0	0
Y79F	10145	9080	6153	8425	2887	2986	2401	3063	2049	3531	1493	1853	1059	4424	1029	944	3859	4618	744	4881	6846	5798	639	6873	3170	1137	6628	3148	2739
Y79P	1	1	0	3	0	2	0	0	0	0	0	0	0	0	0	0	0	0	0	0	0	0	0	0	0	0	0	0	0
Y79S	1425	1303	779	1209	432	539	415	539	280	815	347	119	150	628	192	172	497	669	135	620	806	639	131	875	340	213	950	364	529
Y79T	6	3	0	4	5	2	0	0	0	0	0	0	0	0	0	0	0	5	0	1	0	0	0	0	0	0	0	0	0
Y79W	1	2	1	1	1	0	1	0	1	0	0	0	0	2	0	0	1	0	0	0	1	2	0	0	0	1	1	0	0
Y79Y	3962357	3714260	2659011	3436307	4438385	3622460	4991968	4577286	3513994	3996220	4174562	2466715	2012559	1905914	2225930	2050552	1667406	1916953	1750454	2246125	2735404	2747120	1705727	2899492	1951684	2405314	2509680	1774169	3486918
Y79V	2	1	3	0	0	0	0	0	0	0	0	0	0	1	0	0	0	0	0	1	0	0	0	1	0	0	0	0	0
Y79X	5682	5291	3358	4274	760	708	801	1310	1004	1857	724	492	299	2773	348	259	1846	2853	275	2362	1835	1559	170	3531	744	387	3534	2446	664
Y79B	1462	1442	975	1348	4032	4048	1849	2162	3463	4645	1873	853	934	704	942	437	683	711	897	753	1135	4068	476	1020	736	697	1009	2198	2839
K80A	0	7	1	3	2	0	0	0	0	0	0	0	0	0	0	0	1	1	0	0	1	0	0	1	0	0	3	0	4
K80R	14248	13216	8970	12194	8044	7392	6073	7445	8330	9085	7529	4663	4547	6505	3065	2836	5376	6561	3193	6875	9655	6672	1286	9954	3934	2705	9642	5419	6609
K80N	2578	2517	1620	2352	1101	960	753	1188	899	1218	691	616	276	1193	429	463	1161	1262	359	1373	1916	1504	359	1771	785	568	1838	915	818
K80D	56	43	18	24	5	1	4	1	38	0	1	1	0	13	8	1	11	15	0	9	10	26	3	19	0	0	15	0	11
K80C	0	0	0	0	0	0	0	0	0	0	0	0	0	1	0	0	0	0	1	0	0	0	0	0	0	0	0	0	0
K80E	20386	18267	12111	17372	8886	7532	7333	9212	7104	13417	12877	6510	4094	9284	3847	3880	8176	9679	3527	9954	13448	17711	2340	14107	7677	3526	13924	10340	8132
K80Q	2646	2380	1500	2153	1125	898	722	1237	959	975	749	916	457	1262	365	440	1053	1304	346	1241	1832	872	407	1666	751	398	1688	1450	1063
K80G	38	43	21	39	7	3	5	18	4	76	1	8	2	23	5	6	14	31	9	31	40	23	2	28	222	5	20	2	2
K80H	0	2	0	0	0	0	0	0	0	0	0	0	0	0	0	0	5	1	0	1	1	0	0	0	0	0	0	0	0
K80I	42	19	27	18	5	2	5	11	3	2	6	0	2	11	5	1	12	12	11	10	24	7	3	18	10	6	22	1	10
K80L	19	37	14	36	21	5	11	10	2	0	0	3	2	23	7	6	12	15	2	29	40	6	2	18	5	6	19	0	2
K80K	3908523	3667245	2624467	3393029	4383517	3577323	4961714	4543428	3452535	3936395	4138145	2445987	1988718	1876749	2211175	2040086	1643348	1890190	1729158	2220923	2705809	2718804	1701798	2864085	1940789	2394882	2474926	1736257	3445985
K80M	16754	16113	10783	14510	5960	4980	4113	6033	6924	6998	3907	3227	1784	7897	2122	2178	6626	7918	1797	8395	11303	9605	1396	11792	4170	2473	11711	4370	4730
K80F	0	0	0	0	0	0	0	0	0	0	0	0	0	0	0	0	0	0	0	0	0	0	0	0	0	0	0	0	0
K80P	0	0	0	0	0	0	0	0	0	0	0	0	0	0	0	0	0	0	0	0	0	0	0	0	0	0	0	0	0
K80S	3	9	5	11	2	4	0	8	2	0	0	1	0	11	0	2	1	2	2	1	4	11	4	6	0	1	3	0	0
K80T	1658	1506	990	1395	504	482	332	625	415	251	225	458	195	753	206	142	646	748	193	864	948	3145	177	1144	1684	233	1196	466	469
K80W	171	168	98	139	16	23	15	18	59	6	4	4	15	70	10	2	42	85	7	75	70	18	3	95	25	7	121	192	30
K80Y	5	5	1	3	5	3	1	2	1	1	1	0	0	4	1	0	3	7	1	1	2	3	0	1	0	1	2	0	0
K80V	62	36	31	23	4	7	6	33	0	10	2	10	4	25	2	4	21	31	1	27	29	4	2	36	1	4	23	0	4
K80X	68	57	39	44	15	10	8	21	7	8	8	2	2	25	1	2	21	28	7	22	20	18	0	22	515	2	33	0	8
K80B	60922	52568	38632	49263	58660	48713	31212	34889	62229	59640	31190	20449	22148	31881	14662	9143	26382	29554	20477	28808	33351	29503	4476	40368	15950	10452	38582	39027	41739
E81A	823	674	413	716	222	193	148	305	148	347	1093	151	85	318	59	51	290	357	60	380	535	145	49	530	218	77	529	358	128
E81R	8	11	8	2	2	1	1	2	1	0	1	0	0	7	0	0	3	1	0	3	7	0	0	8	1	0	7	0	0
E81N	3	10	0	3	1	0	0	3	0	1	0	0	1	3	0	0	2	1	0	2	3	0	0	8	0	0	3	0	0
E81D	4482	4214	2767	3558	1843	1421	1469	1916	1139	1281	992	793	468	2031	534	566	1541	2042	406	2204	2581	1443	918	2911	994	822	3017	747	1312
E81C	0	0	0	0	0	0	0	0	0	0	0	0	0	0	0	0	0	0	0	0	0	0	0	0	0	0	0	0	0
E81E	3987201	3736043	2674269	3457556	4454085	3636201	5002792	4590653	3528537	4012703	4186574	2475690	2018299	1917318	2231884	2055789	1677119	1928408	1755601	2259068	2752873	2762188	1709389	2917675	1965806	2410816	2526459	1785491	3499313
E81Q	228	277	134	241	72	126	97	98	60	139	56	67	27	106	29	23	105	127	35	114	132	62	19	155	38	30	163	9	99
E81G	13850	12810	8676	11811	3221	2822	2905	4240	2851	4659	2382	2696	1197	6220	1347	1225	5591	6352	1009	6915	8990	10557	830	9741	4233	1380	9188	4311	2741
E81H	0	0	0	0	0	0	0	0	0	1	0	0	0	0	0	0	0	0	0	0	0	0	0	0	0	0	0	0	0
E81I	0	0	0	0	0	0	0	0	0	0	0	0	0	0	0	0	0	0	0	0	0	0	0	0	0	0	0	0	0
E81L	18	12	7	2	0	0	0	5	7	0	0	0	0	7	0	0	0	8	0	7	3	2	0	6	2	2	6	1	0
E81K	6777	6473	4192	6257	1494	1627	1062	1889	1667	1944	1043	866	417	2814	480	403	2455	3017	360	3128	4407	6602	290	4624	1582	523	4606	2210	1032
E81M	11	8	9	24	0	5	0	6	2	0	0	0	0	14	0	0	7	3	0	3	10	0	0	6	0	0	8	1	0
E81F	0	0	0	0	0	0	0	0	0	0	0	0	0	0	0	0	0	0	0	0	0	0	0	0	0	0	0	0	0
E81P	0	1	0	0	0	0	0	0	0	0	0	0	0	0	0	0	0	0	0	0	0	0	0	0	0	0	0	0	0
E81S	3	0	0	0	0	0	0	0	0	0	0	0	0	1	0	0	0	1	0	0	0	0	0	1	1	2	0	0	0
E81T	0	0	0	0	0	0	0	0	0	0	0	2	0	0	0	0	0	0	0	0	0	0	1	1	0	0	1	0	0
E81W	5	1	3	2	0	1	0	5	1	10	0	2	0	4	0	0	1	1	0	1	4	0	0	0	1	2	2	0	1
E81Y	4	3	1	0	2	0	2	0	1	0	0	1	0	2	0	0	1	1	0	3	1	0	1	2	1	0	1	0	1
E81V	8684	7954	5265	7233	1647	1600	1248	2089	2350	2514	1356	896	589	4068	625	529	3467	4260	527	4266	5756	5565	395	5785	2420	639	5748	3466	1444
E81X	13	22	9	12	0	5	3	4	2	1	0	1	0	7	0	1	9	7	1	2	2	0	0	7	11	3	16	0	5
E81B	6069	5725	3575	5191	5290	4336	2580	2964	2745	4482	1839	1690	1163	2810	952	605	2320	2858	1092	2543	3199	1368	366	3671	1210	973	4014	1845	3540
L82A	2	0	2	1	0	1	1	1	0	0	0	1	0	0	0	0	0	0	0	0	0	1	0	0	0	0	2	0	0
L82R	1184	1291	886	1207	193	187	151	278	214	682	214	378	103	680	90	62	618	672	67	711	1197	1198	56	1031	469	85	1058	1080	181
L82N	7	7	3	1	0	0	2	0	3	0	0	0	0	5	0	0	2	5	0	3	2	0	0	6	4	2	1	2	3
L82D	0	1	0	0	0	0	0	0	0	0	1	0	0	0	0	0	0	1	1	0	0	0	0	0	0	0	1	0	0
L82C	14	5	2	4	12	2	3	2	0	0	0	0	0	2	0	0	4	1	6	7	9	1	0	0	0	0	0	0	3
L82E	0	0	0	0	0	0	0	0	0	0	0	0	0	0	0	0	0	0	0	0	0	0	0	0	0	0	0	0	0
L82Q	32	16	13	1	1	2	1	3	3	0	0	0	0	20	0	0	6	10	4	14	2	1	0	15	92	2	4	5	0
L82G	0	0	0	0	0	0	0	0	0	0	0	0	0	0	0	0	0	0	0	0	0	0	0	0	0	0	0	0	0
L82H	14180	13588	8449	11364	3286	3442	1870	3134	3455	4579	2944	2404	930	6208	820	763	5330	6456	1084	6693	8292	4768	394	9666	3756	793	9785	11787	2723
L82I	2314	2170	1587	1942	1355	1032	1738	1470	1053	1306	3825	1562	612	1158	1319	1584	866	1092	536	1258	1544	816	575	1625	977	859	1483	511	1308
L82L	3979749	3730754	2670573	3453452	4456665	3637887	5002632	4589113	3528944	4011209	4176666	2468036	2016649	1914376	2230947	2053918	1675103	1925906	1754218	2255764	2747802	2750447	1709969	2912469	1957867	2411207	2520247	1771724	3499199
L82K	0	0	0	0	0	0	0	0	0	0	0	0	0	0	0	0	0	0	0	0	0	0	0	0	0	0	0	0	0
L82M	0	0	0	0	0	0	0	0	1	0	0	0	0	0	0	0	0	0	0	0	0	0	0	0	0	0	0	0	0
L82F	7972	6916	4617	6364	2190	2266	1858	2699	1806	3015	3728	1723	849	3418	778	743	2798	3548	684	3818	5371	7356	553	5233	3463	885	5285	2918	1950
L82P	21351	18473	12615	17426	3333	2923	3049	5603	2842	6461	4875	5324	2088	9313	1435	1583	7756	9166	1363	9846	13881	22056	658	14422	9159	1230	15216	8785	3362
L82S	26	23	12	25	1	3	4	8	0	2	1	7	2	4	2	1	11	13	0	12	25	1	0	13	0	0	20	3	9
L82T	29	18	4	13	0	0	0	2	0	1	0	0	0	17	0	2	5	4	0	10	8	2	0	8	2	0	9	0	1
L82W	0	0	0	0	0	0	0	0	0	0	0	0	0	0	0	0	0	0	0	0	0	0	0	0	0	0	0	0	0
L82Y	21	21	10	25	6	2	6	6	0	14	0	0	16	14	3	2	10	14	0	21	34	75	4	17	83	4	15	1	0
L82V	1298	955	555	783	837	591	992	1860	1190	813	3082	3420	997	515	516	534	402	556	1128	482	336	1210	49	626	646	202	642	1623	877
L82X	0	0	0	0	0	0	0	0	0	0	0	0	0	0	0	0	0	0	0	0	0	0	0	0	0	0	0	0	0
L82B	0	0	0	0	0	0	0	0	0	0	0	0	0	0	0	0	0	0	0	0	0	0	0	0	0	0	0	0	0
M83A	96	75	37	85	15	9	5	27	4	14	0	12	9	28	2	5	31	62	1	26	58	21	1	48	93	3	71	37	17
M83R	1431	1346	820	1228	592	479	390	567	362	739	383	244	193	738	235	181	627	717	278	828	934	1215	135	1132	428	233	1095	432	467
M83N	16	5	1	1	0	0	0	5	0	0	0	0	0	4	5	0	3	2	1	6	2	0	0	7	1	0	6	0	0
M83D	0	0	0	0	0	0	0	0	0	0	0	0	0	0	0	0	0	0	0	0	0	0	0	0	0	0	0	0	0
M83C	0	0	0	0	0	0	0	0	0	0	0	0	0	0	0	0	0	0	0	0	0	0	0	0	0	0	0	0	0
M83E	123	96	66	61	12	34	22	27	0	83	22	1	14	58	2	7	61	44	7	51	39	15	2	57	0	5	61	0	24
M83Q	8	3	0	6	1	0	0	0	0	0	0	0	0	2	0	0	2	2	0	2	6	0	1	4	0	1	3	0	0
M83G	10	3	1	3	0	5	0	1	1	0	0	5	0	1	0	0	2	6	1	3	4	0	0	4	15	2	2	0	3
M83H	0	0	0	0	0	0	0	0	0	0	0	0	0	0	0	0	0	0	0	0	0	0	0	0	0	0	0	0	0
M83I	9699	9102	6201	8296	3663	4014	2604	3904	2935	4445	2485	1960	1156	4699	1318	1297	4035	4673	938	5142	6412	4318	1091	7157	3277	1370	6556	2428	2821
M83L	10776	10057	6586	8842	4322	3579	2925	3918	3662	5471	2155	2682	1388	4631	1337	1310	4015	5087	1281	5074	6797	7543	810	7075	4590	1408	7030	2634	3572
M83K	12550	11541	7487	10132	4848	4609	3296	4698	3889	5661	4242	3174	1619	5594	1573	1290	4873	5833	1529	5952	7281	5443	902	8455	4115	1786	8305	4636	4047
M83M	3951458	3703858	2653247	3429179	4437002	3620586	4989149	4573416	3512237	3990014	4170445	2463201	2009027	1900197	2225064	2048881	1662494	1910625	1748005	2241199	2729780	2743742	1705974	2892727	1950220	2404235	2502540	1772177	3484116
M83F	8	6	2	4	12	0	0	5	0	0	0	0	0	6	0	0	1	3	3	0	1	0	1	1	0	1	4	0	0
M83P	5	3	2	7	12	3	2	2	0	0	0	5	0	2	0	0	3	6	0	4	10	0	0	1	0	1	1	0	0
M83S	69	76	36	55	15	12	8	17	0	0	1	1	8	40	2	10	23	36	0	32	54	1	4	72	11	3	64	0	28
M83T	20845	19149	12185	16891	9214	7684	7253	8769	6875	10983	6398	4849	3681	9634	3067	2911	8145	10125	3301	9911	12443	10570	1806	13770	6573	3285	13708	7767	7227
M83W	11	19	13	14	9	0	12	13	0	30	1	1	9	16	1	2	18	20	2	11	25	7	1	26	10	5	19	0	9
M83Y	0	0	0	0	0	0	0	0	0	0	0	0	0	0	0	0	0	0	0	0	0	0	0	0	0	0	0	0	0
M83V	21046	18872	12615	17771	8126	7304	6619	8786	9487	10599	9195	6712	5130	10062	3301	3296	8563	10188	3725	10376	14625	15056	1528	14569	7185	2917	14273	8328	7257
M83X	0	0	0	1	0	0	0	0	0	0	0	0	0	0	0	0	1	0	0	0	0	0	0	1	0	0	0	0	0
M83B	28	27	29	32	36	20	22	24	59	43	9	8	12	18	3	2	14	15	19	22	32	1	2	25	0	14	30	0	28
