rowname	Input	Input.1	Input.2	Input.3	uPA	uPA.1	uPA.2	uPA.3	FXIIa	FXIIa.1	FXIIa.2	FXIIa.3	uPA.4	Input.4	uPA.5	uPA.6	Input.5	Input.6	uPA.7	Input.7	Input.8	TMPRSS2	uPA.8	Input.9	TMPRSS2.1	uPA.9	Input.10	TMPRSS2.2	uPA.10
G84A	2267	1815	1124	1997	376	382	343	781	187	439	241	187	171	1031	136	138	822	1038	110	971	1029	903	117	934	609	102	1443	525	208
G84R	15140	11837	7688	12992	2776	2740	2745	6562	4595	7121	2840	2684	1673	6749	963	1149	5690	6422	577	7074	7522	4073	800	6409	5950	812	8817	6824	1984
G84N	0	0	0	0	0	0	0	0	0	0	0	0	0	0	0	0	0	0	0	0	0	0	0	0	0	0	0	0	0
G84D	52	47	39	16	2	3	7	18	4	1	1	0	2	35	5	2	10	32	0	48	15	7	7	18	7	2	29	9	1
G84C	5	2	5	1	0	1	0	8	0	0	0	0	1	1	2	3	3	6	0	4	2	1	0	0	4	0	6	0	3
G84E	14650	11244	7179	12888	2722	2753	2740	6036	2773	5426	2802	2175	1109	6052	954	934	5196	6277	586	6726	7609	3382	1021	6160	3453	803	8816	3066	2075
G84Q	0	1	1	0	0	0	0	0	1	0	0	0	0	1	0	0	0	2	0	2	0	0	0	0	1	0	0	0	0
G84G	5106386	3995412	2761089	4359661	4085363	3625567	5250239	7694259	3562290	5494099	4239865	2516385	2395473	2282081	2038861	2256456	2002074	2284127	1163259	2705471	2726616	2072323	2182027	2371011	2541619	1792564	2790310	1885344	2905533
G84H	0	0	0	0	0	0	0	0	0	0	0	0	0	0	0	0	0	0	0	0	0	0	0	0	0	0	0	0	0
G84I	0	1	0	0	0	0	0	0	0	0	0	0	0	0	0	0	0	0	0	0	0	0	0	0	0	0	0	0	0
G84L	53	51	23	15	1	1	10	17	12	0	0	2	0	33	4	4	14	40	2	31	10	12	1	31	25	5	33	15	5
G84K	31	12	8	26	3	19	16	45	0	1	2	1	5	11	7	3	4	7	0	17	14	0	8	17	3	2	9	8	5
G84M	47	47	41	23	9	2	6	8	9	0	0	0	3	23	4	3	8	20	0	25	16	6	3	22	12	6	24	20	9
G84F	1	0	1	0	0	0	1	0	0	0	0	0	0	2	0	0	0	2	0	0	0	0	0	0	0	0	3	0	0
G84P	0	0	0	0	0	0	0	0	0	0	0	0	0	0	0	0	0	0	1	0	0	0	0	0	0	0	0	0	0
G84S	24	14	15	5	2	0	1	8	3	0	0	1	0	11	0	0	10	5	0	10	12	3	0	14	4	7	13	2	1
G84T	4	3	2	1	0	0	0	0	0	0	0	0	0	0	0	0	2	0	0	1	1	0	0	0	1	0	1	0	0
G84W	5830	4693	3516	5683	1084	1399	1103	2529	1033	1852	1160	875	444	2783	460	491	2748	3223	236	4468	3689	1349	503	2915	1466	459	3356	1579	756
G84Y	0	1	0	0	0	0	0	0	0	0	0	0	0	0	0	0	0	0	0	0	0	0	0	0	0	0	1	0	0
G84V	15323	11944	7751	13241	2759	2485	2789	6987	4446	6146	3622	2816	1724	6469	1065	1370	5716	6721	807	7602	6873	4066	724	6447	3922	764	9001	3899	1941
G84X	75	51	28	57	1	5	0	18	1	12	10	4	4	26	1	0	26	30	0	20	18	9	0	15	3	2	25	2	0
G84B	75	68	27	48	51	3	4	19	25	1	0	7	5	38	2	1	30	30	2	34	18	13	3	33	12	3	43	29	4
P85A	1353	1077	682	1233	342	287	289	545	229	319	207	167	132	559	64	96	462	591	57	590	725	297	84	596	502	109	672	592	197
P85R	187	147	106	162	62	60	61	121	33	71	31	44	28	97	45	20	76	96	3	76	113	30	23	91	11	9	113	73	41
P85N	0	0	0	0	0	0	0	0	0	0	0	0	0	0	0	0	0	0	0	0	0	1	0	0	0	0	0	0	0
P85D	0	0	0	0	0	0	0	0	0	0	0	0	0	0	0	0	0	0	0	0	0	0	0	0	0	0	0	0	0
P85C	0	0	0	0	0	0	0	0	0	0	0	0	1	0	0	0	0	0	0	0	0	0	0	0	0	0	0	0	0
P85E	1	2	1	0	0	0	0	2	0	0	0	0	0	2	0	0	2	1	0	1	0	0	0	2	1	1	0	0	1
P85Q	2876	2241	1481	2282	820	831	708	1542	1001	1414	516	549	290	1248	318	429	1063	1353	156	1391	1314	595	330	1255	1892	370	1600	942	472
P85G	0	0	0	0	0	0	0	0	0	0	0	0	0	0	0	0	0	0	0	0	0	0	0	0	0	0	0	0	0
P85H	52	56	20	37	9	9	6	19	26	0	8	2	2	17	2	2	14	18	3	15	18	2	1	17	13	4	34	17	13
P85I	57	50	32	5	1	1	9	28	7	2	1	1	3	31	0	3	16	43	2	22	14	28	2	22	29	4	22	5	0
P85L	13495	10321	6377	11317	3371	3353	3441	8453	2579	7423	7343	5426	2194	5485	1077	1428	4477	5812	1247	5769	6833	7632	662	5431	5258	756	7619	3420	2658
P85K	24	14	15	0	0	0	8	7	1	0	0	0	1	14	0	3	4	11	0	20	1	47	2	11	15	4	12	6	0
P85M	0	0	0	0	0	0	0	0	0	0	0	0	0	0	0	0	0	0	0	0	0	0	0	0	0	0	0	0	0
P85F	0	0	0	0	0	0	0	0	0	0	0	0	0	0	0	0	0	0	0	0	0	0	0	0	0	0	0	0	0
P85P	5121032	4006807	2769186	4372958	4085333	3625344	5249351	7694938	3566675	5494160	4233872	2514020	2395238	2288784	2038090	2254973	2008696	2290723	1162915	2714733	2733990	2058649	2181757	2377617	2540090	1792224	2799580	1890652	2905045
P85S	16046	12680	8119	14407	4153	4179	4831	8970	4192	9271	7302	3955	2069	6899	2472	3054	5679	6948	966	7511	8260	6282	1945	6902	7466	1650	9443	3916	3255
P85T	4802	3795	2496	4244	1057	1292	1285	2651	625	2438	1262	972	656	2167	396	542	1854	2358	229	2350	2171	12538	403	2053	1788	393	2817	1693	842
P85W	0	0	0	0	0	0	0	0	0	0	0	0	0	0	0	0	0	0	1	0	0	0	0	0	0	0	0	0	0
P85Y	0	0	0	0	0	0	0	0	0	0	0	0	0	0	0	0	0	0	0	0	0	0	0	0	0	0	0	0	0
P85V	1	4	1	0	0	3	0	1	0	0	1	0	0	3	0	0	0	0	0	0	2	0	0	0	0	0	2	0	0
P85X	37	49	21	9	1	1	15	18	11	0	0	1	0	40	0	4	10	28	1	26	3	46	5	28	26	7	16	6	1
P85B	0	0	0	0	0	0	0	0	0	0	0	0	0	0	0	0	0	0	0	0	0	0	0	1	0	0	0	0	0
W86A	0	0	0	0	0	0	2	0	0	0	4	0	0	0	0	0	0	0	0	0	0	0	0	0	0	0	0	0	0
W86R	44272	35056	22430	37974	7303	7252	6224	16881	9933	16758	8308	6876	3553	19259	2832	2693	16156	19344	1526	20884	22675	16771	2526	19187	16797	2143	25965	15820	5727
W86N	0	0	0	0	0	0	0	0	0	0	0	0	0	0	0	0	0	0	0	0	0	0	0	0	0	0	0	0	0
W86D	0	0	0	0	0	0	0	0	0	0	0	0	0	0	0	0	0	0	0	0	0	0	0	0	0	0	0	0	0
W86C	6906	5527	3624	5961	1600	1671	1876	3911	1932	2481	1140	1207	845	3035	573	714	2623	3224	385	3334	3187	1360	583	2970	1620	614	3978	2368	1113
W86E	0	0	2	0	0	0	0	0	0	0	0	0	0	1	0	0	2	0	0	0	1	0	0	2	0	0	0	0	0
W86Q	62	25	19	52	8	8	1	16	1	19	7	0	5	29	8	5	21	18	0	33	28	3	3	12	22	1	32	13	12
W86G	2535	1777	1183	1923	689	622	511	1172	1093	1937	912	443	451	1002	276	275	763	991	209	1050	1045	541	150	1023	626	176	1350	1758	555
W86H	0	0	0	0	0	0	0	0	0	0	0	0	0	0	0	0	0	0	0	0	0	0	0	0	0	0	0	0	0
W86I	0	1	0	0	0	0	0	0	0	0	0	0	0	0	0	0	0	0	0	0	0	0	0	0	0	0	0	0	0
W86L	8052	6272	4227	6710	1887	2076	1880	3894	1857	3736	1681	1516	784	3509	679	757	3052	3551	392	4180	4236	2099	697	3510	2521	623	4535	7012	1185
W86K	7	7	1	8	1	0	5	5	0	0	0	0	1	6	0	0	3	2	1	4	5	0	0	7	0	0	2	0	0
W86M	8	7	5	9	1	1	0	2	1	0	0	0	0	6	1	1	1	1	1	5	6	13	0	3	0	1	5	31	0
W86F	45	47	50	5	2	1	10	19	3	0	14	2	1	27	5	1	12	32	1	48	18	15	8	29	14	6	24	20	0
W86P	2	0	2	0	0	0	0	0	0	0	0	0	0	1	0	0	1	2	0	2	1	0	0	0	0	0	0	0	0
W86S	718	485	375	594	122	161	173	341	178	51	96	133	38	266	50	53	280	303	29	341	328	117	54	321	355	52	385	171	105
W86T	0	0	1	0	0	0	0	1	0	0	0	0	0	2	0	1	0	0	0	1	2	0	0	3	0	0	0	0	0
W86W	5024995	3931378	2721622	4296901	4055021	3597361	5229537	7648545	3530150	5438014	4217566	2495983	2380908	2246255	2030202	2249487	1974314	2248925	1156472	2673185	2687005	2039361	2176336	2339826	2517150	1786965	2744558	1849198	2884254
W86Y	65	55	41	11	4	4	18	40	33	2	11	0	6	37	5	10	16	41	5	44	10	35	22	30	21	21	25	24	4
W86V	3	1	0	0	0	0	0	0	0	0	0	0	0	0	0	0	0	3	0	1	1	0	0	0	0	0	3	0	1
W86X	44382	35028	21241	34055	14243	12543	10936	25129	14266	21830	11616	11268	7143	19857	4327	3377	14714	19941	3389	16801	17423	10412	1456	15932	9853	2535	25034	13397	9637
W86B	27911	21577	13714	22451	14268	13660	8831	17339	15932	30270	9188	7709	6879	12054	3506	3180	10395	11604	3170	12591	17473	15420	3379	11171	8112	2394	16034	11510	9932
N87A	0	1	1	1	0	0	0	2	0	0	0	0	0	0	0	0	1	0	0	0	1	0	0	0	0	0	0	1	0
N87R	68	47	38	20	3	7	6	22	7	1	5	3	1	41	1	3	18	52	1	31	16	24	14	42	37	3	28	17	3
N87N	5064330	3961687	2740831	4325925	4076947	3618055	5241894	7676472	3553581	5474513	4221738	2507692	2389827	2264510	2034559	2250597	1987458	2265674	1160586	2688699	2706298	2052737	2178530	2352481	2511509	1789317	2763595	1862062	2898319
N87D	24789	19354	12681	21778	4016	4225	3913	9909	3815	8398	5228	3348	1994	10663	1660	1867	9211	11040	943	11619	13059	7066	1575	11087	9011	1460	15103	11193	3090
N87C	56	17	25	48	1	3	9	20	0	1	3	19	6	14	0	4	15	23	2	34	44	6	3	20	17	2	33	1	4
N87E	10	9	8	6	1	1	0	3	1	0	0	1	0	7	0	0	4	1	0	5	1	2	0	6	5	2	3	2	0
N87Q	0	0	0	0	0	0	0	0	0	0	0	0	1	0	0	0	0	0	0	0	0	0	0	0	0	0	0	0	0
N87G	134	117	65	148	40	23	22	57	5	52	13	2	7	67	8	9	47	50	1	67	95	26	11	72	6	6	78	36	13
N87H	736	651	416	810	113	155	149	350	173	379	58	183	51	343	63	47	317	386	20	416	489	163	52	464	448	38	497	81	115
N87I	15212	12006	7389	12894	3145	2581	2582	7062	2812	7680	4935	3984	1879	6572	1067	1470	5442	6503	819	6907	7078	6850	725	6428	18338	837	9186	6162	2041
N87L	0	0	0	2	0	0	0	1	0	0	0	0	0	0	0	0	3	0	0	1	1	0	0	0	0	1	1	0	0
N87K	1617	1311	873	1076	389	338	418	883	412	589	399	204	114	752	111	148	538	672	71	759	694	925	220	801	921	242	784	418	207
N87M	0	0	0	0	0	0	0	0	0	0	0	0	0	0	0	0	0	0	0	0	0	0	0	0	0	0	0	0	0
N87F	18	20	7	13	0	0	0	1	0	1	0	0	0	13	2	0	8	7	0	6	6	0	0	7	0	2	9	1	0
N87P	0	0	0	0	0	0	0	0	0	0	0	0	0	0	0	0	0	0	0	0	0	0	0	1	0	0	0	0	0
N87S	34986	27040	17169	29561	8162	7511	8758	16965	12412	18468	15244	7101	5611	14882	3993	5338	12695	15371	2553	15912	17829	14659	3373	15031	10485	2792	21347	13603	7002
N87T	1395	1106	750	1325	262	264	224	662	153	373	432	171	158	639	140	200	506	658	54	690	685	426	95	646	525	126	905	658	229
N87W	0	0	0	0	0	0	0	0	0	0	0	0	0	0	0	0	0	0	0	0	0	0	0	0	0	0	0	0	0
N87Y	16560	13860	8250	13012	2068	2182	2027	4872	2008	4642	2485	2426	963	6816	858	869	6072	7524	530	7326	7120	3247	615	6907	5770	698	10328	7087	1498
N87V	36	9	21	21	1	15	2	11	0	1	3	3	2	10	2	2	15	13	0	19	24	16	0	21	19	4	21	0	4
N87X	16	8	13	14	1	0	0	3	0	0	0	0	0	17	0	0	3	7	0	13	4	0	1	12	0	1	12	0	0
N87B	0	0	0	0	0	0	0	0	0	0	0	0	0	0	0	0	0	1	0	0	0	0	0	0	0	0	0	0	0
K88A	7	8	5	9	0	1	0	14	0	0	0	1	0	11	1	0	12	10	0	5	5	0	1	5	0	0	10	0	0
K88R	31130	24596	16720	31460	6931	7151	6393	17072	6170	12714	5820	4660	3077	13847	2302	2669	10775	14015	1494	13890	14470	7190	1986	14060	9726	2230	18489	8994	5178
K88N	13513	11293	7038	11659	3313	3544	3925	6860	4142	7268	5321	2370	2424	5953	1419	2166	5067	6061	1011	6640	6744	5144	1213	5783	3747	1124	7886	3863	2499
K88D	36	22	16	34	7	3	4	6	1	1	4	2	1	10	2	3	6	17	1	14	15	5	0	13	12	0	21	1	6
K88C	2	0	0	1	4	0	0	7	0	0	0	0	0	0	0	0	1	0	1	1	1	0	0	2	0	1	3	0	1
K88E	21155	15973	10617	18247	5078	4847	5190	11967	5043	10563	7629	6052	2864	8963	2244	2460	7560	9026	1504	9568	10789	9832	1732	9022	5932	1702	12739	10370	4045
K88Q	2007	1526	995	1768	457	494	408	851	265	801	144	278	179	872	153	149	723	902	66	1003	1032	232	168	906	299	158	1158	296	499
K88G	38	33	30	48	5	2	5	23	3	1	0	12	0	52	3	2	28	15	0	44	42	7	3	33	3	0	38	0	2
K88H	2	2	2	1	0	2	0	1	0	0	0	0	0	2	0	0	2	0	1	1	1	1	1	3	0	0	7	0	2
K88I	79	64	49	82	5	15	4	33	2	8	1	5	2	47	1	2	35	27	2	33	32	17	6	39	24	4	35	7	5
K88L	46	37	20	30	11	9	5	10	0	0	8	1	1	18	4	2	11	18	2	25	24	0	6	19	2	5	32	2	1
K88K	5019963	3927957	2716635	4284171	4036082	3579951	5215851	7627448	3493240	5405754	4186595	2486507	2368308	2243330	2024379	2242485	1971597	2246952	1150117	2668623	2678483	2035483	2171409	2334354	2512788	1783190	2739160	1839649	2869562
K88M	18603	14289	9553	16064	4491	4222	3499	8198	4811	5385	3045	2692	1841	8337	1488	1856	7029	8190	771	9166	9565	4054	1689	8391	3841	1360	11089	3919	3262
K88F	0	0	0	0	0	0	0	0	0	0	0	0	0	0	0	0	0	0	0	0	0	0	0	0	0	0	0	0	0
K88P	0	0	0	0	0	0	0	0	0	0	0	0	0	0	0	0	0	0	0	1	1	0	0	0	0	0	0	0	0
K88S	45	43	12	36	15	9	2	17	10	0	2	0	1	20	2	0	16	15	0	15	24	1	3	21	1	4	16	1	0
K88T	1617	1275	800	1569	419	447	322	821	565	850	246	289	195	728	168	144	619	748	90	802	874	517	147	654	418	87	962	565	251
K88W	46	44	24	61	14	25	4	37	6	31	14	5	2	19	5	2	26	25	1	36	36	14	2	29	5	3	48	108	8
K88Y	57	31	18	23	10	10	12	11	19	6	2	9	2	18	3	2	16	14	2	14	13	2	5	18	9	6	25	5	8
K88V	136	98	73	118	6	13	30	70	1	21	20	17	4	58	1	10	36	66	3	61	48	18	6	47	209	4	88	0	9
K88X	88	69	40	65	5	10	6	13	1	0	0	3	10	28	1	0	28	37	0	35	29	0	0	26	0	2	56	35	7
K88B	51393	39883	25890	41208	38296	34605	24344	43836	61100	71695	41692	22234	21703	23033	10288	8602	18766	21844	10514	22527	31216	23630	6837	20601	20075	5651	30068	33507	27180
D89A	755	499	386	695	164	143	114	322	152	356	75	81	49	326	57	55	322	309	29	353	395	160	50	299	358	48	355	207	42
D89R	0	2	0	0	0	0	0	0	0	0	0	0	0	0	0	1	0	0	0	0	0	0	0	0	0	0	0	0	0
D89N	6297	4758	3182	5471	1803	1897	1727	3668	1802	3283	1416	1639	732	2623	802	569	2341	2742	370	3020	3308	3278	680	2719	1890	621	3522	1503	1545
D89D	5055809	3959434	2726017	4305247	4078191	3617834	5242951	7673966	3558539	5481262	4232626	2509588	2392943	2262735	2036116	2254440	1986888	2267295	1162081	2691878	2700486	2055656	2179008	2343598	2531709	1789758	2763759	1882827	2899957
D89C	7	2	9	7	4	2	1	3	0	0	0	0	0	6	1	0	3	4	0	6	11	6	0	8	0	0	5	1	4
D89E	63917	46079	41595	66170	6780	7188	7096	21745	7947	14891	7662	7044	2860	25090	2402	1830	20339	22607	1062	21324	32259	16947	2689	32518	10446	2272	34794	7837	4636
D89Q	3	1	1	4	0	0	0	0	0	0	0	0	0	0	1	0	1	1	0	0	1	0	0	0	0	0	0	1	0
D89G	18241	14443	9436	15783	5112	5020	4864	10466	4369	9319	4946	3785	2357	8101	1856	2123	6753	8123	1239	8749	9600	5743	1725	8133	8066	1671	10757	5308	3821
D89H	416	327	270	434	87	88	100	219	143	317	114	74	33	207	35	39	203	238	17	192	209	69	35	230	71	43	281	95	41
D89I	22	16	7	16	1	3	1	4	0	0	0	0	1	9	3	0	6	13	0	16	4	8	0	8	0	3	8	0	13
D89L	0	0	1	0	0	0	0	0	1	0	0	0	0	0	0	0	0	0	1	0	0	0	0	0	0	0	0	0	0
D89K	6	3	2	4	1	1	0	0	0	0	0	0	0	0	0	0	2	0	0	1	3	0	0	1	0	0	1	0	0
D89M	0	0	0	0	0	0	0	0	0	0	0	0	0	0	0	0	0	0	0	0	0	0	0	0	0	0	0	0	0
D89F	17	20	13	8	0	0	3	9	4	0	0	0	1	22	1	1	5	11	0	11	4	6	1	5	3	2	12	1	2
D89P	1	0	0	0	0	0	0	0	0	0	0	0	0	0	0	0	0	0	0	0	0	0	0	0	0	0	0	0	0
D89S	7	10	10	16	1	5	6	15	0	0	0	0	0	9	0	0	6	15	0	8	6	1	0	11	0	0	9	1	6
D89T	2	0	2	1	0	0	0	0	0	0	0	0	0	0	0	0	0	1	0	0	0	0	0	1	0	0	2	0	0
D89W	0	0	0	0	0	0	0	0	0	0	0	0	0	0	0	0	0	0	0	0	0	0	0	0	0	0	0	0	0
D89Y	2838	2130	1627	2535	576	646	776	1530	549	1165	654	626	361	1298	289	420	1065	1305	207	1473	1480	629	317	1363	1620	282	1571	320	489
D89V	11604	9514	5970	10251	2425	2533	2365	5346	1873	4505	3048	2300	1277	4915	901	1076	4412	5306	574	5462	5674	3554	709	5127	2926	831	6848	3220	1969
D89X	21	5	9	11	1	0	0	2	0	0	2	0	0	5	0	0	7	10	0	11	4	18	0	5	2	0	6	1	0
D89B	0	0	0	1	3	0	0	0	0	0	0	0	0	0	0	0	0	2	0	0	0	72	0	0	0	0	0	0	0
E90A	1281	912	597	1181	180	205	208	480	83	426	605	242	91	574	51	94	494	584	40	589	592	160	66	516	254	47	669	259	107
E90R	70	56	27	37	5	10	2	19	0	13	0	4	2	43	1	2	26	44	0	33	21	4	1	20	0	1	52	7	1
E90N	4	4	3	1	0	1	0	1	0	1	0	0	0	2	0	0	3	3	0	2	0	1	0	1	0	0	3	0	0
E90D	4074	3256	2190	3437	742	901	928	2006	959	1455	575	996	346	1690	323	395	1430	1863	192	1963	1758	804	324	1823	1326	275	2252	912	596
E90C	0	0	0	0	0	0	0	0	0	0	0	0	0	0	0	0	0	0	0	0	0	0	0	0	0	0	0	0	0
E90E	5105356	3995036	2761464	4362059	4084176	3624310	5250179	7694504	3563953	5493847	4237649	2516224	2395381	2282123	2038760	2256383	2002559	2284120	1163043	2707261	2726242	2071322	2181722	2370486	2540534	1792465	2790407	1883050	2904925
E90Q	98	91	46	65	36	26	33	69	116	52	50	42	10	30	22	11	32	34	12	35	48	8	14	25	40	10	56	6	27
E90G	21601	16606	10567	17746	3399	3566	3281	8827	4269	8154	5650	4080	2266	9556	1380	1739	7873	9312	990	10068	10818	6943	1217	9393	6114	1065	12749	8608	2654
E90H	0	0	0	0	0	0	0	0	0	0	0	0	1	0	0	0	0	0	1	0	0	0	0	0	0	0	0	0	0
E90I	0	0	0	0	0	0	0	0	0	0	0	0	0	0	0	0	0	0	0	0	0	0	0	0	0	0	0	0	0
E90L	36	26	14	2	0	0	3	9	6	1	0	4	0	29	0	1	3	14	2	17	4	8	8	25	13	1	15	6	3
E90K	8889	6883	4311	6762	1189	1416	1251	2987	1304	2826	1205	1102	494	3155	396	452	3040	3770	314	3975	4146	2909	438	3628	2412	378	4814	3916	807
E90M	6	10	2	11	4	1	1	8	0	1	22	0	3	1	0	0	6	9	0	8	11	1	1	6	0	0	4	0	0
E90F	0	1	0	0	0	0	0	0	0	0	0	0	0	0	0	0	0	0	0	0	0	0	0	0	0	0	0	0	0
E90P	0	0	1	0	0	0	0	0	0	0	0	0	0	1	0	0	0	0	0	0	0	0	0	0	0	0	0	0	0
E90S	3	4	2	0	0	0	0	0	0	0	0	0	0	8	0	0	1	6	0	2	0	1	0	2	1	0	3	3	0
E90T	1	0	0	0	0	0	0	0	0	1	0	0	0	1	0	0	1	0	0	0	0	0	0	0	0	0	3	0	0
E90W	2	3	3	1	6	0	1	3	3	1	2	0	9	3	3	0	4	7	0	7	4	0	1	4	0	0	2	1	3
E90Y	2	3	1	1	1	0	2	0	2	1	0	0	1	2	0	0	1	2	2	1	1	1	1	3	1	0	0	1	0
E90V	14099	10878	7015	11909	2901	2657	2554	5575	2471	4114	2841	1758	1137	6043	944	1013	5179	6205	557	6610	7276	2847	933	6139	4302	813	8393	3307	1970
E90X	9	11	8	8	0	1	1	5	1	0	0	1	0	11	0	0	3	7	0	2	5	3	0	3	2	0	3	0	0
E90B	4432	3463	2286	3434	2510	2266	1560	2802	2212	4205	1944	684	873	2074	584	464	1698	2002	427	1931	2518	1135	488	1952	2092	476	2505	1246	1432
L91A	6	3	2	2	0	0	0	6	0	1	0	0	0	3	0	0	2	1	0	2	0	0	0	3	1	0	2	1	0
L91R	1402	1036	735	1200	106	145	117	404	124	506	104	63	71	569	55	61	499	609	18	680	776	290	52	595	659	20	797	121	133
L91N	19	12	13	11	0	1	0	10	2	0	0	1	0	11	0	2	4	14	0	10	1	11	1	5	3	2	5	5	0
L91D	0	0	0	0	0	0	0	0	0	0	0	0	0	1	0	0	0	1	0	1	1	0	0	0	0	0	0	0	0
L91C	1	4	3	4	0	0	0	1	0	0	0	0	0	0	0	0	2	0	0	0	1	0	0	0	0	3	0	0	0
L91E	0	0	0	0	0	0	0	0	0	0	0	0	0	0	0	0	0	0	1	0	0	0	0	0	0	0	0	0	0
L91Q	40	44	34	0	0	0	3	17	11	1	0	0	0	30	0	1	13	28	1	17	4	38	8	26	27	1	15	10	1
L91G	0	0	0	0	0	0	0	0	1	0	0	0	0	1	1	0	1	0	0	0	0	0	0	1	0	0	3	0	0
L91H	18355	14067	9121	16427	2321	2140	2089	6922	2551	7559	3949	4419	1838	8178	890	1224	6819	8260	723	8324	9004	11613	542	7877	6312	538	11124	6794	1948
L91I	4357	3873	2514	3844	7595	8469	11393	7251	1634	5612	9926	8235	3564	2171	1996	1082	1778	2049	3071	2204	2251	872	842	2015	2004	1589	2498	8615	5346
L91L	5100827	3991635	2758933	4355861	4078543	3618553	5238666	7687363	3563470	5483556	4224338	2503216	2390582	2279095	2035717	2253578	2000229	2281930	1159804	2704870	2724437	2063002	2180349	2368271	2535124	1791048	2787211	1874920	2899844
L91K	0	1	1	0	0	0	0	0	0	0	0	0	0	1	0	0	0	1	0	0	0	0	0	0	0	0	1	0	0
L91M	1	1	0	0	0	0	0	1	0	0	0	0	1	0	0	0	0	0	1	0	0	0	0	0	0	2	0	0	0
L91F	10654	8331	5312	9172	4058	3224	4977	6867	3925	8851	6168	4571	2557	4613	2534	3231	3902	4574	1142	5141	5589	3788	2586	4807	6357	1600	6354	1893	2837
L91P	22967	17143	11220	18982	2249	2611	2596	8043	3551	8521	5917	4519	1923	10051	1188	1326	8606	9914	765	10616	10796	6225	782	9854	5684	678	13148	8892	2280
L91S	33	28	18	30	5	0	3	2	1	2	11	1	1	13	1	2	18	7	1	18	18	0	2	14	1	0	30	31	16
L91T	14	6	7	6	1	14	1	3	42	1	2	0	0	2	0	0	5	9	0	9	7	2	1	3	1	0	9	1	0
L91W	0	0	0	0	0	0	0	0	0	0	0	0	0	0	0	0	0	0	0	0	0	0	0	0	0	0	0	0	0
L91Y	26	33	13	22	8	10	0	16	1	2	2	0	0	16	3	0	15	11	0	13	10	0	0	16	0	0	16	1	0
L91V	1261	1026	611	1093	263	193	159	389	66	486	126	112	77	591	79	47	460	574	53	599	549	306	49	539	918	50	717	38	120
L91X	0	0	0	0	0	0	0	0	0	0	0	0	0	0	0	0	0	0	0	0	0	0	0	0	0	0	0	0	0
L91B	0	0	0	0	0	0	0	0	0	0	0	0	0	0	0	0	0	0	0	0	0	0	0	0	0	0	0	0	0
S92A	12	4	5	4	0	3	0	7	0	0	0	0	2	2	3	0	6	0	1	3	3	1	0	1	9	0	7	20	1
S92R	5976	4631	3153	4853	1625	1630	1703	3098	1953	2088	1033	1011	627	2580	590	612	2179	2626	328	2625	2814	1402	640	2540	1654	603	3322	2379	1127
S92N	16550	12965	8512	14140	3747	3382	3325	8139	3523	6478	3794	3944	1920	7248	1382	1291	6082	7322	891	7855	8488	5115	1200	7118	6214	1161	9677	3959	2426
S92D	99	35	35	32	3	5	15	10	2	1	13	5	19	27	7	4	22	19	0	31	30	8	1	29	1	8	31	4	10
S92C	14447	11003	7096	12314	4542	4379	4386	9261	5772	7509	4007	3343	2113	6179	2143	2288	5304	6363	885	7188	7386	3806	2424	6240	5847	1833	8454	4067	3011
S92E	0	0	0	0	0	0	0	0	0	0	0	0	0	0	0	0	0	0	0	0	0	0	0	0	0	0	0	0	0
S92Q	0	0	0	0	0	0	0	0	0	0	0	0	0	0	0	0	0	0	0	0	0	0	0	0	0	0	0	0	0
S92G	24609	18582	12054	20677	4515	4542	4210	10073	4892	8114	4990	3896	2293	10399	1695	1971	9044	10510	1030	11185	11792	5005	1562	10438	7261	1387	14389	11738	2981
S92H	1	1	0	4	0	0	0	1	0	0	0	0	0	2	0	0	1	1	0	0	4	0	0	3	0	1	3	0	0
S92I	6960	5250	3335	5087	2067	2064	2147	4996	2163	3441	1987	2875	1068	2992	926	1403	2427	3216	714	3138	2644	2891	606	2873	3185	708	3711	4244	1720
S92L	9	7	5	0	0	1	1	2	0	0	0	0	0	1	0	0	0	2	2	5	0	1	0	3	2	0	0	3	0
S92K	3	1	5	3	0	1	1	0	13	0	0	0	0	3	0	0	6	6	0	1	2	1	0	4	1	0	2	1	0
S92M	0	1	0	0	0	0	0	0	0	0	0	0	0	0	0	0	0	0	0	0	0	0	0	0	0	0	0	0	0
S92F	6	6	8	14	2	0	2	6	2	0	0	0	0	5	0	2	2	5	0	1	1	3	2	2	8	4	4	0	0
S92P	1	0	0	0	0	0	0	0	0	0	0	0	0	0	0	0	0	0	0	0	0	0	0	0	0	0	0	0	0
S92S	5090394	3984096	2753891	4348728	4078254	3618788	5243854	7680930	3556386	5486784	4233648	2509779	2392361	2275535	2035592	2252815	1996946	2277546	1161652	2699967	2719800	2067709	2178640	2364386	2532799	1789672	2781796	1874702	2900934
S92T	843	630	416	741	381	554	358	718	670	682	1059	259	208	347	118	164	318	351	77	468	452	202	133	370	108	143	515	204	295
S92W	3	2	1	1	0	0	0	0	0	0	0	0	0	0	0	0	0	1	0	1	0	0	0	0	0	0	1	0	0
S92Y	30	17	10	28	10	5	2	29	0	0	12	17	2	16	6	3	11	7	0	27	17	0	4	13	0	10	9	0	14
S92V	13	6	7	17	0	3	0	19	2	0	0	1	1	6	1	0	3	3	0	6	7	1	1	3	0	1	4	0	4
S92X	7	6	4	11	3	3	0	6	1	1	0	7	0	4	1	1	2	4	0	3	4	2	1	3	2	0	5	1	2
S92B	0	0	0	0	0	0	0	0	0	0	0	0	0	0	0	0	0	0	0	0	0	0	0	0	0	0	0	0	0
T93A	23249	17842	11524	19682	6565	6307	6606	12089	7662	10439	5292	5093	3434	9673	3120	3609	8292	9961	1568	10491	11642	6247	2418	9648	7828	2273	13503	10919	4773
T93R	2	1	1	0	0	0	0	0	0	0	0	0	0	0	0	0	0	0	0	0	1	0	0	0	0	0	0	1	0
T93N	1785	1460	885	1362	346	356	387	944	402	414	159	199	158	748	147	178	604	752	113	880	822	818	192	797	816	211	947	336	252
T93D	56	54	34	14	2	8	5	25	8	2	4	3	0	32	1	3	14	35	3	31	16	5	7	31	19	7	13	16	0
T93C	0	0	0	0	0	0	1	0	0	1	0	0	2	1	0	0	0	0	0	0	0	0	0	0	0	0	0	0	0
T93E	0	0	1	0	0	0	0	3	0	0	0	0	0	0	0	0	0	0	0	0	0	0	0	0	0	0	0	0	0
T93Q	0	0	0	0	0	0	0	0	0	0	0	0	0	0	0	0	0	0	0	0	0	0	0	0	0	0	0	0	0
T93G	0	2	0	3	4	1	1	0	0	0	0	0	4	1	0	0	0	0	0	0	7	1	4	0	0	1	0	0	5
T93H	0	0	1	0	0	0	0	1	0	0	0	0	0	0	0	0	0	0	0	0	1	0	0	0	0	0	0	0	0
T93I	16864	13094	8490	15021	7325	7661	6514	12355	6860	14123	7291	4564	3475	7025	2702	3208	5875	7247	1788	7473	8083	6171	2375	7006	6427	2028	9708	6361	5163
T93L	6	6	0	0	0	0	2	2	0	0	0	0	0	1	0	0	2	2	0	0	2	0	0	0	0	0	0	0	0
T93K	22	15	15	0	0	1	3	8	7	0	0	0	0	8	3	1	3	10	0	10	4	3	3	11	5	2	10	6	0
T93M	1	0	0	0	0	0	0	2	1	0	0	0	0	0	0	0	0	0	0	0	0	0	0	0	0	0	0	0	0
T93F	7	17	10	27	1	1	0	5	1	0	4	0	1	5	4	1	5	8	0	12	14	0	0	8	1	0	5	0	0
T93P	1098	815	574	975	169	135	140	326	33	349	57	57	46	528	37	50	408	492	11	595	502	240	37	526	203	44	600	73	59
T93S	15852	12556	7800	13411	4357	4220	4269	8927	4345	8754	5743	3426	2547	7041	1755	1871	5910	6994	1277	7434	7496	4483	1288	6873	6347	1290	9201	6004	3555
T93T	5100968	3991340	2759169	4356109	4076374	3616664	5242072	7682572	3556060	5480845	4231980	2511793	2390944	2280254	2034694	2251629	2001222	2282450	1160816	2705551	2724833	2068170	2178880	2369110	2535425	1789672	2787917	1877604	2898711
T93W	0	0	0	0	0	0	0	0	0	0	0	0	0	0	0	0	0	0	0	0	0	0	0	0	0	0	0	0	0
T93Y	24	8	5	7	0	1	0	8	0	1	1	2	1	4	1	2	3	9	1	8	3	0	1	1	1	1	7	0	0
T93V	29	33	28	43	6	5	4	28	0	170	12	0	2	25	0	2	15	22	3	19	18	9	9	15	19	2	19	2	7
T93X	0	0	0	0	0	0	0	0	0	0	0	0	0	0	0	0	0	0	0	0	0	0	0	0	0	0	0	0	0
T93B	0	0	0	0	0	0	0	0	0	0	0	0	0	0	0	0	0	0	0	0	0	0	0	0	0	0	0	0	0
T94A	31201	24352	15264	25930	16753	13865	13618	23403	15660	26780	12424	8564	11843	13660	5637	6599	11197	13649	5938	14210	14374	8784	3200	13024	10891	3599	18061	15117	11333
T94R	890	763	454	786	123	117	100	316	208	331	67	110	42	424	23	43	305	397	14	441	455	115	29	410	331	54	549	54	110
T94N	11	5	5	1	0	1	1	1	1	1	1	0	0	2	0	0	2	3	0	2	1	2	0	0	4	0	3	3	0
T94D	0	0	0	0	0	0	0	0	0	0	0	0	0	1	0	0	0	0	0	0	0	0	0	0	0	0	0	0	0
T94C	0	0	0	0	0	0	0	0	0	0	0	0	0	0	0	0	0	0	0	0	0	0	0	0	0	0	0	0	0
T94E	32	31	16	5	2	2	6	21	16	5	0	5	2	24	5	2	9	25	2	21	6	12	11	12	25	9	16	13	5
T94Q	4	2	2	4	0	2	0	0	0	0	1	0	0	0	0	0	0	0	0	0	2	0	0	1	0	0	2	0	1
T94G	0	0	0	1	0	0	0	0	0	0	0	0	0	1	0	0	0	0	0	0	0	0	0	0	0	0	0	0	0
T94H	0	0	0	0	0	0	0	0	0	0	0	0	0	0	0	0	0	0	0	0	0	0	0	0	0	0	0	0	0
T94I	10324	8174	5324	8901	2822	2737	2820	5433	2854	4583	2729	2312	1361	4515	1221	1219	4065	4722	549	5095	5491	3739	1115	4629	3076	1021	5883	4465	1917
T94L	13	11	4	24	0	8	1	10	0	1	1	6	2	8	1	1	10	6	0	12	8	0	0	14	0	1	15	18	4
T94K	905	850	571	722	234	234	294	589	343	251	145	188	75	490	89	141	266	467	95	470	412	210	147	423	1638	137	497	236	144
T94M	54	40	32	67	48	18	5	16	11	70	1	0	5	19	6	8	20	21	0	35	29	32	5	42	3	3	38	1	8
T94F	0	0	0	0	0	0	0	0	0	0	0	0	0	0	0	0	0	1	0	0	0	0	0	0	0	0	0	0	0
T94P	2779	2361	1438	2572	146	254	174	785	228	371	396	215	78	1361	64	108	1110	1337	47	1322	1413	471	103	1303	721	61	1701	1126	203
T94S	23716	18431	12070	19940	6041	5311	4600	10796	6219	10818	5897	4357	2280	10572	1843	2026	8958	10453	1103	11394	12256	8151	2038	10588	8634	1720	13748	7202	4164
T94T	5090010	3982207	2753340	4347674	4068971	3612804	5238380	7675908	3549838	5471885	4228877	2509378	2384926	2274252	2033573	2250405	1996396	2276882	1157831	2699490	2718991	2064629	2178561	2363567	2531765	1788925	2781395	1873084	2894633
T94W	0	0	0	1	0	0	0	1	0	0	0	0	0	0	0	0	0	0	0	0	0	0	0	0	0	0	0	0	0
T94Y	0	0	0	0	0	0	0	0	0	0	0	0	0	0	0	0	0	0	0	0	0	0	0	0	0	0	0	0	0
T94V	17	5	7	20	9	6	3	15	0	2	4	1	0	3	2	2	5	5	0	6	4	0	3	9	1	1	15	2	1
T94X	7	11	10	6	0	1	2	1	1	0	0	1	0	14	0	0	10	13	1	6	2	2	2	4	2	0	7	1	2
T94B	0	0	0	0	0	0	0	0	0	0	0	0	0	0	0	0	0	1	0	0	0	0	0	0	0	0	0	0	0
D95A	1456	1166	714	1210	356	350	253	592	249	472	203	203	136	597	95	97	518	570	80	691	775	321	92	583	271	58	909	691	241
D95R	3	3	0	0	0	0	0	0	0	0	0	0	0	0	0	0	0	2	0	0	2	0	0	2	0	0	0	0	0
D95N	5405	4221	2887	4775	1691	1589	1989	3616	1136	2992	1323	951	938	2316	719	1007	1972	2336	441	2700	3126	1559	733	2465	1601	600	3229	1614	1329
D95D	5118801	4005771	2767697	4371711	4085454	3626027	5250342	7697458	3564888	5497986	4240357	2517999	2396077	2287561	2038525	2255700	2007873	2289842	1163486	2712931	2732001	2075607	2181253	2376330	2545381	1792272	2797996	1890108	2905132
D95C	26	23	19	27	0	1	4	6	0	0	0	1	1	9	0	1	12	11	4	11	7	2	0	12	11	1	23	1	7
D95E	3806	3099	1927	2939	1486	1381	1503	2530	2634	2485	2481	979	889	1689	729	943	1280	1731	346	1795	1643	859	578	1671	1249	552	2134	1096	1179
D95Q	0	0	0	1	0	0	0	0	0	0	0	0	0	0	0	0	0	0	3	0	0	0	0	0	0	0	0	0	0
D95G	17011	12626	8511	14799	4078	3759	3701	8034	3773	6253	3585	2992	1628	7423	1525	1688	5882	7475	768	7869	9115	4140	1569	7284	3911	1232	10021	5535	3031
D95H	286	255	165	245	60	65	77	217	43	112	38	34	53	136	33	26	111	122	16	178	205	71	23	118	83	25	174	3	63
D95I	0	1	1	4	0	0	0	0	0	0	0	0	2	1	0	0	4	6	0	1	4	0	1	2	0	0	2	0	0
D95L	0	0	0	0	0	0	0	0	0	0	0	0	0	0	0	0	0	0	0	0	0	0	0	0	0	0	0	0	0
D95K	0	0	1	0	0	1	0	0	0	1	0	1	0	0	0	0	0	0	0	0	2	0	0	0	0	1	0	0	1
D95M	0	0	0	0	0	0	0	0	0	0	0	0	1	0	0	0	0	0	0	0	0	0	0	0	0	0	0	0	0
D95F	36	20	14	1	0	0	1	11	7	0	0	1	0	23	1	0	2	12	1	15	4	6	4	13	11	1	14	2	2
D95P	1	0	0	0	0	0	0	2	0	0	0	0	0	0	0	0	1	0	0	0	0	0	0	0	0	0	0	0	1
D95S	9	7	8	14	8	6	1	13	1	2	0	0	0	7	0	2	3	6	2	6	10	1	2	12	15	1	6	2	0
D95T	2	0	0	2	0	0	0	0	0	0	0	0	0	3	0	0	0	0	0	0	1	0	0	0	0	0	1	0	0
D95W	0	0	0	0	0	0	0	0	0	0	0	0	0	0	0	0	0	0	0	0	0	0	0	0	0	0	0	0	0
D95Y	4727	3634	2392	3684	697	879	901	2134	1046	1808	1140	908	475	2070	387	550	1611	2121	210	2287	2329	1259	486	2109	1528	392	2652	987	728
D95V	8377	6405	4196	7241	1309	1302	1232	2681	1600	2987	1416	1068	414	3509	450	540	3082	3747	223	4018	4220	2322	473	3424	3030	396	4764	1283	811
D95X	17	12	5	1	10	0	0	1	1	0	0	0	0	2	0	0	2	1	0	2	0	0	0	1	0	0	5	0	0
D95B	0	0	0	0	0	0	0	0	1	0	0	0	0	0	0	0	0	0	0	0	0	0	0	0	0	0	0	0	0
A96A	5109524	3998390	2763454	4364459	4085803	3625864	5251133	7695025	3565721	5496479	4238781	2516668	2396296	2283843	2038840	2256754	2004399	2286064	1163405	2708813	2727650	2067262	2181680	2372022	2538912	1792486	2793402	1885601	2905687
A96R	11	3	4	2	0	0	0	1	0	0	0	0	0	1	0	0	2	0	0	11	4	0	0	2	0	0	5	0	0
A96N	0	0	0	0	0	0	0	0	0	0	0	0	0	0	0	0	0	0	0	0	0	0	0	0	0	0	0	0	0
A96D	1	1	2	2	1	0	0	0	0	0	0	0	0	2	0	0	0	0	0	1	2	0	0	1	0	0	0	0	0
A96C	0	0	0	0	0	0	0	0	0	0	0	0	0	0	0	0	0	0	0	0	0	0	0	0	0	0	0	0	0
A96E	3414	2643	1656	2665	667	679	677	1540	542	837	687	551	206	1497	226	275	1240	1424	151	1617	1647	1591	285	1604	834	283	1738	696	414
A96Q	5	0	0	0	0	0	0	0	0	0	0	0	0	2	0	0	0	0	0	5	1	0	0	3	0	0	0	2	0
A96G	768	579	391	578	150	156	110	336	165	132	47	52	44	298	37	66	260	323	21	375	352	70	47	291	75	29	425	94	77
A96H	0	0	0	0	0	0	0	0	0	0	0	0	0	0	0	0	0	0	0	0	0	0	0	0	0	0	0	0	0
A96I	0	0	0	0	0	0	0	0	0	0	0	0	0	0	0	0	0	0	0	0	0	0	0	0	0	0	0	0	0
A96L	11	5	9	20	2	0	2	4	0	0	0	0	1	4	0	0	2	3	0	9	5	8	0	2	0	0	5	0	6
A96K	9	8	7	7	0	0	3	2	0	0	0	0	0	8	2	0	5	2	0	4	9	3	1	2	0	0	12	0	1
A96M	85	53	32	104	12	4	5	37	0	2	5	2	0	34	1	0	27	27	0	34	34	0	4	33	0	1	52	0	11
A96F	0	0	0	0	0	0	0	0	0	0	0	0	0	0	0	0	0	0	0	0	0	0	0	0	0	0	0	0	0
A96P	2400	2109	1136	1896	203	193	216	704	296	530	428	423	137	1070	91	72	861	1147	47	987	957	393	64	968	507	44	1456	997	186
A96S	4135	3150	2289	3579	1081	989	1069	2370	821	963	728	813	438	1948	362	447	1474	1749	250	2018	2280	1853	404	1948	1893	324	2309	1553	618
A96T	19725	14928	9655	16218	3370	3464	3507	8467	3610	8562	4864	3670	1810	8098	1437	1446	6923	8386	828	9052	9969	9967	1221	8444	7992	1123	10950	6656	2734
A96W	1	0	0	0	0	0	0	0	0	0	0	0	0	0	0	0	0	1	0	2	0	0	0	0	0	0	0	0	0
A96Y	0	0	0	0	0	0	0	0	0	0	0	0	0	0	0	0	0	0	0	1	0	0	0	0	0	0	0	0	0
A96V	19869	15371	9893	17120	3860	4011	3282	8808	4222	7593	5003	2958	1682	8539	1468	1494	7160	8856	878	9570	10533	5000	1505	8703	6878	1241	11576	5723	2790
A96X	0	0	0	0	0	0	0	0	0	0	0	0	0	0	0	0	0	0	0	0	0	0	0	0	0	0	0	0	0
A96B	5	3	9	4	0	0	0	1	2	0	0	0	0	2	0	0	0	0	0	5	1	0	3	3	0	0	0	0	1
I97A	74	51	32	55	2	4	1	12	0	1	0	1	3	24	0	2	18	38	0	26	25	21	1	23	15	0	33	14	1
I97R	1	1	0	0	0	0	0	0	0	0	0	0	0	1	0	0	1	3	0	2	0	0	0	1	1	0	0	0	0
I97N	6859	5627	3534	6253	574	614	472	1585	887	2089	588	602	208	3066	272	166	2807	3261	127	3310	3605	1227	192	3140	2431	129	3998	1515	422
I97D	21	1	11	7	0	0	4	3	0	1	1	0	0	4	0	0	4	2	0	12	8	0	0	6	0	0	3	0	0
I97C	0	0	0	0	0	0	0	0	0	0	0	0	0	0	0	0	0	2	0	0	0	1	0	0	0	0	0	0	0
I97E	0	0	0	0	0	0	0	0	0	0	0	0	0	0	0	0	0	0	0	0	0	0	0	0	0	0	0	0	0
I97Q	0	0	0	0	0	0	0	0	0	0	0	0	0	0	0	0	0	0	0	0	0	0	0	0	0	0	0	0	0
I97G	4	0	0	4	0	0	0	0	0	0	0	0	0	0	0	0	1	0	0	1	0	0	0	0	0	0	0	0	1
I97H	1	2	3	4	0	0	0	0	0	0	0	0	0	1	0	0	0	1	0	2	1	0	0	0	0	0	1	0	0
I97I	5110159	3998396	2763667	4364589	4088333	3628582	5253958	7700607	3568120	5500344	4243145	2517734	2397354	2283953	2039627	2257687	2003678	2286038	1163974	2709370	2728087	2067032	2182870	2372409	2538987	1793552	2793403	1882582	2907625
I97L	521	424	288	446	112	98	85	218	173	113	31	17	35	256	55	46	199	270	30	298	334	83	55	232	83	33	317	74	114
I97K	17	13	16	1	0	0	0	3	6	0	0	0	0	13	0	0	8	16	1	10	2	1	0	9	7	0	8	2	0
I97M	208	167	102	108	19	44	34	87	19	48	44	13	16	93	6	10	73	98	3	73	70	29	15	71	169	5	94	4	10
I97F	11181	8684	5633	9727	1707	1741	1552	3955	1940	3569	1655	1642	846	4882	757	716	4101	4885	376	5274	6186	5792	649	4903	4151	566	6499	2940	1233
I97P	0	0	0	0	0	0	0	0	0	1	0	0	0	0	0	0	0	0	0	1	0	0	0	0	0	0	0	0	0
I97S	523	475	299	433	59	30	67	107	248	6	25	54	33	216	16	11	215	192	4	282	280	61	23	273	143	10	294	77	31
I97T	13552	10602	6463	11274	1460	1441	1170	4264	1181	4053	1377	2507	861	5748	637	704	5093	5878	434	6360	6710	5679	490	5791	5939	425	7789	9154	1046
I97W	0	0	0	0	0	0	0	0	0	0	0	0	0	0	0	0	0	0	0	0	0	0	0	0	0	0	0	0	0
I97Y	5	13	6	23	0	0	1	7	0	0	0	0	2	6	1	0	3	13	0	12	5	0	1	4	0	0	7	0	3
I97V	16837	12787	8483	13730	2883	2806	2660	6447	2805	4873	3677	2567	1256	7083	1093	1212	6152	7285	631	7471	8131	6221	918	7164	5165	811	9484	4960	2039
I97X	0	0	0	0	0	0	0	0	0	0	0	0	0	0	0	0	0	0	0	0	0	0	0	0	0	0	0	0	0
I97B	0	0	0	0	0	0	0	0	0	0	0	0	0	0	0	0	0	0	0	0	0	0	0	0	0	0	0	0	0
F98A	7	10	4	15	0	0	3	5	0	0	0	0	0	1	6	1	4	7	0	8	4	0	0	3	0	0	10	0	2
F98R	3	2	2	5	0	0	0	2	0	0	0	0	0	1	0	0	0	0	0	1	0	0	0	0	0	0	0	0	0
F98N	13	12	7	20	1	1	0	8	1	1	0	0	2	9	0	0	4	5	0	7	7	0	2	10	16	0	8	0	0
F98D	9	2	3	8	0	0	0	0	0	0	0	0	1	0	0	0	1	3	0	2	0	0	0	5	0	0	2	0	1
F98C	842	742	476	845	59	83	72	221	167	107	25	239	26	350	13	30	346	370	12	410	476	73	37	367	271	21	492	307	65
F98E	0	0	0	0	0	0	0	0	0	0	0	0	0	0	0	0	0	0	0	0	0	0	0	0	0	0	0	0	0
F98Q	0	0	0	0	0	0	0	0	0	0	0	0	0	0	0	0	0	0	0	0	0	0	0	0	0	0	0	0	0
F98G	0	0	0	0	0	0	0	0	0	0	0	0	0	0	0	0	0	0	0	0	0	0	0	0	0	0	0	0	0
F98H	29	23	19	25	6	2	6	11	3	3	7	6	4	18	0	3	18	20	1	22	34	0	0	16	1	2	19	0	0
F98I	13537	11149	7425	12272	2073	2080	1885	5102	2453	5720	2640	1507	995	6373	812	866	5163	5975	515	6666	7174	5001	716	5893	5247	729	8247	3467	1623
F98L	30703	24127	15410	24824	3981	4140	3719	9879	4105	7394	4471	4178	1902	13367	1529	1666	11198	13594	1024	14323	14180	9728	1181	13147	9088	1148	17376	12391	2930
F98K	0	0	0	0	0	0	0	0	0	0	0	0	0	0	0	0	0	0	0	0	0	0	0	0	0	0	0	0	0
F98M	3	2	0	0	0	0	0	0	0	0	0	0	0	0	0	0	1	1	0	1	0	0	0	0	0	0	0	0	0
F98F	5068422	3965353	2740839	4325084	4055626	3605826	5217597	7655007	3537453	5447618	4163007	2483128	2363916	2264573	2025496	2245992	1989280	2267569	1142719	2690182	2709724	2056567	2181007	2354186	2522351	1788108	2768615	1867419	2882247
F98P	125	74	30	76	22	2	4	14	0	32	3	10	0	27	4	0	29	38	1	43	53	19	3	47	43	5	41	8	1
F98S	30041	23163	16268	29737	2709	2998	2897	11827	2864	6312	2714	3685	1653	13561	902	1019	10166	13333	645	13338	13926	6884	699	13560	10919	808	17663	6580	2256
F98T	52	36	22	40	9	1	2	14	0	2	0	60	2	17	4	0	16	32	0	28	22	8	1	14	0	1	33	0	4
F98W	0	0	0	0	0	0	0	0	0	0	0	0	0	0	0	0	0	0	0	0	0	0	0	0	0	0	0	0	0
F98Y	14094	10966	6956	11935	30241	19831	33473	34354	27721	47033	77373	32044	31947	6132	13526	10817	5314	6024	20575	6532	6788	7024	1452	5877	8433	4581	8139	10735	23089
F98V	1992	1512	1021	1749	416	394	261	732	473	875	288	276	154	866	154	139	794	951	54	901	1041	804	110	853	679	84	1250	383	296
F98X	86	69	53	16	6	2	84	119	135	1	14	4	11	50	18	19	17	60	34	38	10	39	6	46	42	44	35	32	10
F98B	5	1	2	3	0	0	1	0	4	0	1	0	1	1	0	2	2	0	0	2	5	0	0	2	1	0	0	0	1
V99A	26339	20056	12974	21949	4420	4187	5007	11758	3044	9378	7556	6195	2818	11282	1801	1988	10039	11517	1251	12224	13353	11561	1497	11417	9297	1254	15543	14185	3490
V99R	0	0	0	0	0	0	0	0	0	0	0	0	0	0	0	0	0	0	0	0	0	0	0	0	0	0	0	0	0
V99N	71	45	35	33	4	9	4	16	0	0	1	6	0	16	2	1	17	25	2	23	46	0	2	28	0	2	46	0	6
V99D	11594	9406	5737	10417	772	978	708	2680	1257	2786	719	1198	357	4935	309	321	4244	5229	240	5468	6208	4837	302	4992	5158	240	6844	4086	714
V99C	0	1	0	0	0	0	0	0	0	0	0	0	0	1	0	0	0	0	0	0	0	0	0	0	0	0	0	0	0
V99E	40	28	10	3	0	0	1	6	6	0	0	0	0	17	0	1	6	12	0	15	6	18	2	5	20	2	16	9	0
V99Q	0	0	0	0	0	0	0	0	0	0	0	0	0	0	0	0	0	0	0	0	0	0	0	0	0	0	0	0	0
V99G	1125	843	572	879	85	119	96	290	51	104	74	99	38	435	51	28	331	497	27	491	577	100	33	427	200	19	613	531	91
V99H	2	0	0	3	1	0	0	2	0	0	0	0	0	3	0	0	1	0	0	0	0	0	0	0	0	0	1	0	0
V99I	20800	16113	10373	17032	7627	6143	8546	13062	6191	10972	9402	5482	4063	8781	4348	5039	7426	8740	2226	9634	10623	6960	3677	8767	6325	2637	11441	6372	5366
V99L	1173	947	611	1076	379	327	334	492	282	678	198	199	77	534	92	90	491	520	67	617	679	289	88	558	252	101	681	245	202
V99K	0	0	0	0	0	0	0	0	0	0	0	0	0	0	0	0	0	0	0	0	0	0	0	1	0	0	0	0	0
V99M	0	0	0	0	0	0	0	0	0	0	0	0	0	0	0	0	0	0	0	1	0	0	0	1	0	0	0	0	0
V99F	3366	2632	1657	2366	587	615	854	1868	616	2445	1096	620	316	1546	230	324	1062	1570	179	1551	1216	1004	299	1306	1447	295	1720	2821	445
V99P	2	0	0	3	0	0	0	1	0	0	0	0	0	0	0	0	1	3	0	1	2	0	0	0	0	0	3	0	0
V99S	70	44	43	26	3	1	5	18	4	3	1	3	1	40	2	2	18	47	0	35	21	20	4	40	24	4	32	28	2
V99T	100	69	48	88	23	10	4	30	2	2	0	1	1	33	6	5	32	31	4	45	30	10	2	27	24	3	43	1	3
V99W	0	0	0	0	0	0	0	0	0	0	0	0	0	0	0	0	0	0	0	0	0	0	0	0	0	0	0	0	0
V99Y	11	2	4	12	0	0	0	3	0	0	0	0	0	2	0	0	2	2	0	2	8	2	0	6	3	0	7	0	4
V99V	5095270	3987057	2756473	4352767	4081248	3622971	5244445	7687069	3563926	5488730	4231496	2511334	2392943	2277721	2035623	2252755	1998683	2279789	1161584	2702397	2720675	2061346	2179308	2366451	2534341	1790974	2784940	1873044	2902202
V99X	0	0	0	0	0	0	0	0	0	0	0	0	0	0	0	0	0	0	0	0	0	0	0	0	0	0	0	0	0
V99B	0	0	0	0	0	0	0	0	0	0	0	0	0	0	0	0	0	0	0	0	0	0	0	0	0	0	0	0	0
Q100A	0	0	0	0	0	0	0	0	0	0	0	0	0	0	0	0	0	0	0	1	0	0	0	0	0	0	0	0	0
Q100R	24511	18927	12552	21178	4320	4240	4169	9944	4722	9412	4982	3533	1821	10642	1645	1674	9026	10490	830	11576	12807	6061	1549	10644	7288	1356	13575	10608	3059
Q100N	2	0	2	2	1	0	1	1	1	0	0	0	0	0	0	0	0	2	0	1	2	0	0	2	0	0	1	0	0
Q100D	0	0	0	1	0	0	0	0	1	0	0	0	0	0	0	0	0	0	0	0	0	0	0	0	0	0	0	0	0
Q100C	0	0	0	0	0	0	0	0	0	0	0	0	0	1	0	0	0	0	0	0	0	0	0	0	0	0	0	0	0
Q100E	2029	1587	990	1699	349	470	485	1214	1185	2260	426	514	329	896	217	247	691	890	140	964	974	651	142	799	1350	169	1131	318	345
Q100Q	4998928	3912542	2710699	4274997	4042407	3584532	5224245	7630470	3521209	5429869	4212696	2491345	2378016	2236204	2028270	2246614	1964984	2236946	1153416	2663997	2692261	2046692	2178816	2330522	2515952	1785633	2732851	1838979	2876642
Q100G	5	3	2	5	0	0	0	6	27	0	0	0	0	1	1	0	0	1	0	3	1	0	2	1	3	0	0	0	0
Q100H	8478	6588	4298	7565	2646	2470	2210	4854	2163	3469	2990	1511	1025	3804	1038	952	3300	3882	520	4183	4404	1769	928	3802	2399	959	4943	2908	1924
Q100I	0	0	0	0	0	0	0	0	0	0	0	0	0	0	0	0	1	0	0	0	0	0	0	0	0	0	0	0	0
Q100L	23215	17768	11252	19103	3756	3504	3506	11167	4699	8839	6949	7556	2688	9846	1565	1708	8536	10226	1454	10804	11353	12739	922	9590	9892	943	13117	15230	2978
Q100K	10927	8307	5371	9353	2589	2421	2324	5155	2540	3846	3295	1281	1071	4583	874	1173	4095	4850	548	5149	5740	2517	882	4599	3644	857	6013	3942	1678
Q100M	159	169	82	168	2	24	7	47	1	108	2	13	8	90	0	2	60	95	2	54	59	39	1	55	17	7	113	2	2
Q100F	0	0	0	0	0	0	0	0	0	0	0	0	0	0	0	0	0	0	0	0	0	0	0	0	0	0	0	0	0
Q100P	2561	1907	1216	2084	838	779	622	1295	989	1544	340	256	304	1012	281	203	936	1064	158	1141	1311	1171	228	975	484	210	1429	1792	603
Q100S	112	110	66	105	15	13	26	31	15	9	4	7	5	43	2	1	43	64	0	54	25	10	1	36	19	5	105	0	4
Q100T	2	0	2	2	0	2	0	0	0	0	1	17	0	3	0	0	1	1	0	1	2	0	0	1	0	0	0	0	0
Q100W	38	44	32	54	11	2	6	17	2	2	41	2	3	30	0	2	14	31	3	27	26	5	4	36	12	0	22	13	4
Q100Y	25	9	13	14	5	3	1	6	3	3	2	6	0	10	0	2	11	6	0	13	7	1	0	8	1	1	10	6	3
Q100V	6	11	5	4	1	0	0	2	0	42	0	8	0	1	0	0	1	2	2	8	2	0	0	2	0	0	3	0	0
Q100X	93	70	34	68	4	4	6	23	3	4	2	3	2	29	2	4	27	47	1	38	15	3	0	27	1	1	56	0	7
Q100B	88872	69201	41921	70252	38205	36896	22396	53063	37819	55691	18813	19085	15342	38151	8569	7972	30627	39385	8506	34490	24455	14489	1739	32927	16029	5390	48561	27524	25276
R101A	0	0	0	0	0	0	0	0	0	0	0	0	0	0	0	0	0	0	0	0	0	0	0	0	0	0	0	0	0
R101R	5120180	4006320	2768021	4372049	4082259	3623366	5249040	7695164	3561082	5496023	4234460	2517662	2393041	2288254	2037870	2255758	2007515	2290398	1161796	2712176	2731931	2071962	2181458	2376475	2544596	1792263	2798794	1885148	2903669
R101N	0	0	0	0	0	0	0	0	0	0	0	0	0	0	0	0	0	0	0	0	0	0	0	0	0	0	0	0	0
R101D	0	0	0	0	0	0	0	0	0	0	0	0	0	0	0	0	0	0	0	0	0	0	0	0	0	0	0	0	0
R101C	20	12	12	17	21	8	7	8	1	3	3	1	0	8	3	0	6	8	0	16	13	1	4	7	4	4	7	0	17
R101E	0	0	0	1	0	0	0	0	0	0	0	0	0	0	0	0	0	0	0	0	0	0	0	0	0	0	0	0	0
R101Q	15771	12173	8082	14218	7537	6881	5664	11250	9114	10335	8909	3424	4638	6956	2552	2638	6001	6925	2511	7890	8542	6873	1757	6832	5153	1580	9301	8664	5459
R101G	1328	1014	705	1115	257	194	317	577	153	871	150	166	106	557	100	106	483	598	57	614	582	177	99	577	934	77	767	172	133
R101H	48	34	44	33	2	5	10	29	15	2	0	4	2	51	5	6	18	33	5	39	19	15	5	28	14	6	30	11	1
R101I	0	0	0	0	0	0	0	0	0	0	0	0	0	0	0	0	0	0	0	0	0	0	1	0	0	0	0	0	0
R101L	5790	4728	3394	5284	952	1321	1196	2407	1113	2372	2968	824	362	2526	431	442	2300	2854	203	3901	3632	2065	465	2815	1514	380	3384	753	620
R101K	1	5	5	0	2	0	0	3	1	0	2	7	0	0	0	1	1	3	0	2	4	2	0	0	1	0	0	0	1
R101M	2	1	0	0	0	1	0	2	0	0	0	0	0	1	1	0	0	1	0	3	0	0	1	2	1	0	1	0	1
R101F	0	0	0	0	0	0	0	0	0	0	0	0	0	0	0	0	0	0	0	0	0	0	0	0	0	0	0	0	0
R101P	373	244	225	436	100	70	75	189	111	74	116	184	42	180	28	24	137	201	11	208	202	76	31	133	264	19	237	153	38
R101S	13	3	4	2	0	1	1	3	0	0	0	0	0	1	0	1	3	1	0	3	4	3	1	2	0	0	4	0	3
R101T	0	0	0	0	0	0	0	0	0	0	0	0	0	0	0	0	0	0	0	0	0	6	0	0	0	0	0	0	0
R101W	16204	12493	7908	13287	3966	3461	3672	7581	3740	5317	3884	2855	2407	6702	1462	1565	5818	6859	985	7533	8398	4943	1386	7066	4595	1199	9260	6265	2543
R101Y	0	0	0	0	0	0	0	0	0	0	0	0	0	0	0	0	0	0	0	0	0	0	0	0	0	0	0	0	0
R101V	0	0	0	2	0	0	0	0	0	0	0	0	0	1	0	0	1	1	0	0	3	0	0	0	0	0	0	0	0
R101X	177	163	88	150	17	20	6	35	2	77	1	2	2	86	9	3	48	77	3	99	56	12	1	64	14	0	104	5	6
R101B	56	53	49	60	36	32	16	47	47	24	50	8	14	23	3	10	22	23	9	20	58	12	5	25	1	3	41	151	34
D102A	743	494	349	569	73	58	47	211	6	212	50	48	35	325	34	28	273	286	14	300	333	119	15	302	204	22	392	93	70
D102R	0	1	0	0	0	0	0	0	0	0	0	0	0	0	0	0	0	0	0	1	0	0	0	0	0	0	0	0	0
D102N	8154	6180	4000	7007	1709	1536	1578	3545	2150	3218	1802	1234	729	3330	563	645	3042	3333	357	3861	4378	1366	655	3447	2943	588	4594	1872	1226
D102D	5099481	3990642	2757876	4354120	4083731	3623701	5249423	7689904	3562588	5491006	4236040	2514821	2394629	2279729	2038312	2255553	2000704	2281522	1162582	2705128	2724890	2065314	2181853	2368644	2535935	1792248	2787222	1883640	2904099
D102C	26	13	7	9	5	3	0	3	0	1	0	0	1	5	0	1	7	5	0	8	6	5	0	11	2	0	7	0	0
D102E	9094	7061	4258	7772	2027	1819	2155	6226	2199	3600	3998	2651	1717	3824	1162	1544	3236	4089	934	4039	3911	3000	494	3568	3266	515	5423	3288	1667
D102Q	0	0	0	1	0	0	0	0	0	0	0	2	0	0	0	0	1	0	0	1	0	0	0	0	0	0	0	0	0
D102G	16249	12467	8622	14489	4805	5274	4006	8637	4936	8791	4173	2757	1976	7050	1425	1472	5726	7246	996	7395	8353	7601	1254	7282	6148	1247	9017	4335	3364
D102H	846	724	497	911	136	187	149	437	170	357	124	276	37	400	61	66	338	362	21	477	478	133	47	347	309	57	559	164	97
D102I	5	6	13	22	4	0	0	6	0	0	0	0	0	5	0	0	5	5	0	14	7	0	0	13	0	0	4	0	0
D102L	1	0	2	1	0	0	0	0	0	0	0	0	0	3	0	0	2	0	0	2	0	1	0	0	6	0	2	1	0
D102K	1	2	0	3	0	1	0	1	0	0	0	0	0	2	0	0	1	7	3	1	2	1	0	1	0	0	0	0	1
D102M	0	0	0	0	0	0	0	0	0	0	0	0	0	0	0	0	0	0	0	0	0	0	0	0	0	0	0	0	0
D102F	42	36	31	3	0	1	0	10	6	3	3	0	1	26	1	1	9	28	0	13	2	30	1	22	14	3	20	8	0
D102P	1	0	0	0	0	0	0	0	0	0	0	0	0	0	0	0	0	1	0	0	0	0	0	0	0	0	0	0	0
D102S	7	10	4	8	0	3	3	5	0	0	0	12	0	8	0	0	11	5	0	7	8	1	1	6	2	0	6	0	6
D102T	0	0	0	0	0	0	0	0	0	0	0	0	0	0	0	0	0	0	0	0	0	0	0	1	0	0	0	0	0
D102W	0	0	0	0	0	0	0	0	0	0	0	0	0	0	0	0	0	0	0	0	0	0	0	0	0	0	0	0	0
D102Y	4623	3662	2480	4097	660	658	814	1860	768	1674	454	565	273	2045	233	280	1785	2053	166	2243	2460	863	310	2054	1042	304	2623	1170	426
D102V	20677	15937	10389	17618	1998	2117	1829	6445	2556	6236	3899	2770	1216	8585	670	962	7203	9037	507	8997	8608	7713	581	8324	7220	547	12049	6748	1562
D102X	12	8	9	24	0	0	0	5	0	0	0	0	0	6	0	1	10	1	0	15	7	0	2	4	0	0	8	1	3
D102B	1	0	0	0	1	2	0	0	0	0	0	1	0	3	3	1	0	2	0	2	1	0	1	0	0	0	4	2	4
L103A	1	0	0	0	0	0	0	1	0	0	0	0	0	0	0	0	0	0	0	0	0	0	0	0	0	0	1	0	0
L103R	1721	1386	1012	1645	314	244	337	723	422	484	395	248	183	814	124	152	731	757	50	993	1073	481	130	807	948	92	1014	1398	208
L103N	0	0	0	0	0	0	0	0	0	0	0	0	0	0	0	0	0	0	0	0	0	0	0	0	0	0	0	0	0
L103D	0	0	0	0	0	0	0	0	0	0	0	0	0	0	0	0	0	0	0	0	0	0	0	0	0	0	0	0	0
L103C	0	0	0	0	0	0	0	0	0	0	0	0	0	0	0	0	0	0	0	0	0	0	0	0	0	0	0	0	0
L103E	0	0	0	0	0	0	0	0	0	0	0	0	0	0	0	0	1	0	0	0	0	0	0	3	0	0	1	0	0
L103Q	14098	11045	6814	11949	2905	2644	3947	6469	3608	4833	3893	3274	1646	6019	1930	2425	5047	6008	938	6440	7264	4472	2073	6069	5724	1237	8373	4486	2184
L103G	0	2	0	0	0	0	0	0	0	0	0	0	0	0	0	0	0	1	0	0	0	0	0	0	0	0	0	0	0
L103H	12	8	7	6	2	2	0	3	0	1	0	0	1	5	0	0	3	4	1	10	7	1	2	3	1	0	4	21	1
L103I	0	1	0	0	4	0	0	0	0	1	0	0	0	1	0	0	2	1	0	0	0	0	0	0	0	0	2	0	1
L103L	5109429	3997905	2762096	4359057	4085982	3626632	5249251	7693048	3564453	5498723	4238783	2515349	2395585	2282971	2037640	2255091	2004476	2285702	1162802	2709376	2728785	2074693	2180698	2371608	2537558	1791978	2791980	1886679	2905445
L103K	9	8	6	2	0	0	0	3	1	0	0	0	0	4	1	0	5	4	0	4	6	1	2	3	1	0	10	0	1
L103M	3060	2758	1637	2586	705	735	722	1608	881	1133	504	511	248	1464	312	305	1197	1455	211	1627	1510	639	335	1422	614	411	1804	1156	503
L103F	0	0	0	0	0	0	0	0	0	0	0	0	0	0	0	0	0	0	0	0	0	0	0	0	0	0	2	1	1
L103P	31366	23958	16817	31185	5178	5031	5688	15302	5868	9860	6898	5713	2934	13963	2425	2559	10787	13914	1563	13931	14682	5812	1959	14013	12212	1796	18604	7550	4151
L103S	45	25	20	40	2	1	1	8	3	0	1	4	1	15	0	0	9	11	0	21	14	1	2	15	2	1	14	0	0
L103T	2	2	0	0	2	1	0	1	0	0	0	0	0	2	0	0	3	0	0	1	1	0	0	2	0	0	0	0	0
L103W	0	1	1	0	0	0	0	0	0	0	0	0	0	0	0	0	0	0	0	0	0	0	0	1	0	0	2	0	0
L103Y	0	0	0	0	0	0	0	0	0	0	0	0	0	0	0	0	0	0	0	0	0	0	0	0	0	0	0	0	0
L103V	190	136	111	163	47	61	49	112	142	62	69	33	15	76	31	16	85	115	15	85	84	21	10	65	29	16	110	15	23
L103X	0	0	0	0	0	0	0	0	0	0	0	0	0	0	0	0	0	0	0	0	0	0	0	0	0	0	0	0	0
L103B	30	8	16	21	8	9	9	17	1	1	0	5	1	12	1	6	7	10	0	16	18	26	3	15	2	0	9	16	7
K104A	2	2	1	2	3	0	0	0	0	0	0	0	1	0	1	0	2	1	0	3	2	0	2	0	0	0	0	0	0
K104R	27826	21391	13812	23896	8594	8165	7426	15142	14977	20367	9690	6195	4244	12187	3040	3639	10464	12363	2052	13056	13980	7972	2493	12163	9087	2460	16094	9229	5821
K104N	4720	3780	2281	3815	1014	1176	927	2001	1430	1892	810	722	353	2017	440	487	1759	2198	254	2333	2291	2360	470	2097	1024	478	2571	3565	736
K104D	90	63	43	69	27	54	24	42	58	39	13	18	8	39	3	4	25	28	7	25	51	2	5	32	1	7	58	288	42
K104C	0	0	0	0	0	0	0	0	0	0	0	0	0	0	0	0	0	0	0	0	0	0	0	0	0	0	0	0	0
K104E	25982	19605	12827	21130	20064	14670	19317	21313	16182	29787	29758	11661	16538	11206	8176	6536	9778	11217	9308	12068	12258	7887	2656	10926	11510	3655	14376	13849	15671
K104Q	1633	1282	835	1567	517	505	383	961	645	644	385	387	199	749	180	234	635	751	125	770	954	200	230	687	567	180	892	287	356
K104G	129	104	47	85	23	15	20	48	2	19	14	12	13	54	11	8	43	66	16	56	58	38	2	46	14	6	53	3	26
K104H	1	2	1	0	13	0	0	0	0	0	0	0	0	2	0	0	1	1	1	0	1	0	0	0	0	0	1	0	0
K104I	74	36	31	55	4	3	1	20	16	24	13	27	0	21	1	1	18	26	5	17	17	11	9	22	13	3	46	2	30
K104L	44	46	22	47	2	1	3	12	1	1	1	1	0	12	3	1	12	9	0	9	21	0	1	10	0	3	27	42	1
K104K	5011662	3922638	2713767	4280315	4009950	3557346	5199350	7613750	3484657	5371090	4174151	2478575	2356546	2239703	2017957	2239635	1966029	2244079	1142623	2665316	2676130	2040811	2171184	2332114	2504743	1780242	2736035	1827894	2852890
K104M	15636	12226	7748	13374	3267	3543	3113	6468	2541	6026	3040	2488	1494	6623	1272	1688	6008	6701	693	7583	8197	6550	1206	6935	7258	1073	9094	5673	2554
K104F	1	0	0	0	0	0	0	1	0	0	0	0	0	0	0	0	0	0	0	1	0	0	0	0	0	0	0	0	0
K104P	0	0	0	0	0	0	0	4	0	0	0	0	0	0	0	0	0	0	0	0	0	0	0	0	0	0	0	0	0
K104S	10	7	8	7	0	1	6	3	3	3	0	1	1	5	2	1	8	6	0	3	7	23	2	4	3	0	5	0	4
K104T	2260	1644	1063	1989	598	546	361	989	481	802	285	316	241	883	165	218	802	914	78	1101	1243	503	189	989	889	93	1221	378	273
K104W	44	32	19	29	5	9	3	15	4	11	5	4	4	15	5	5	23	14	0	31	30	7	2	23	1	4	26	13	11
K104Y	44	22	19	17	7	6	10	15	13	3	2	5	3	18	0	1	11	13	4	21	13	34	3	15	6	5	10	6	7
K104V	24	14	9	17	1	8	2	8	1	3	10	8	1	8	0	0	15	7	3	7	19	0	5	12	2	2	19	0	0
K104X	164	134	66	137	27	10	3	41	3	32	26	17	0	65	6	7	64	69	1	74	69	30	2	61	7	0	104	0	2
K104B	69617	54215	35938	60103	51033	49302	29055	56462	54365	84355	32340	24700	20968	31739	11202	8089	26656	29519	10410	30030	38103	19719	6753	27890	21966	7320	41297	40093	34101
L105A	0	1	0	2	0	0	0	0	0	0	0	1	0	0	0	0	2	3	0	0	1	0	0	1	0	0	1	0	1
L105R	2407	1722	1246	2171	281	269	313	776	258	705	317	219	231	1001	127	108	852	1073	68	1058	1265	369	126	1014	677	111	1372	328	239
L105N	0	0	0	0	0	0	0	0	0	0	0	0	0	0	0	0	0	0	0	0	0	0	0	0	0	0	0	0	0
L105D	0	0	0	0	0	0	0	0	0	0	0	0	0	0	0	0	0	0	0	0	0	0	0	0	0	0	0	0	0
L105C	0	0	0	0	0	0	0	0	0	0	0	0	0	0	0	0	0	0	0	0	0	0	0	0	0	0	0	0	0
L105E	0	0	0	0	0	0	0	0	0	0	0	0	0	0	0	0	0	1	0	0	0	0	0	0	0	0	0	0	0
L105Q	20676	15408	9643	16513	4094	3552	4140	10180	6506	9740	5455	5225	3000	8773	1584	2263	7481	9052	1210	9183	8938	7365	1150	8302	6684	1283	11700	8442	3004
L105G	0	0	0	0	0	0	0	0	0	0	0	0	1	0	0	0	0	1	0	0	0	0	0	0	0	0	0	0	0
L105H	22	25	9	14	0	5	4	7	0	0	1	0	1	10	1	0	6	11	2	10	10	0	0	8	3	0	9	2	2
L105I	4	3	4	5	0	0	1	1	1	0	2	1	0	5	0	0	2	2	0	3	3	0	1	2	2	1	2	0	1
L105L	5108769	3998552	2763593	4364078	4085154	3626122	5250244	7695234	3563191	5494974	4240010	2515239	2395087	2283267	2038460	2255689	2003776	2285578	1163066	2709326	2729333	2072272	2181630	2372864	2540061	1792226	2792398	1884636	2905261
L105K	9	16	3	5	0	0	3	5	3	0	0	2	0	11	0	1	3	6	0	7	2	5	1	4	2	3	5	2	3
L105M	4484	3461	2286	3582	1364	1260	1138	2215	1205	1232	639	954	367	1961	366	474	1602	2071	286	2151	2261	1095	540	1896	1196	493	2425	1724	906
L105F	1	0	3	2	0	0	0	0	1	0	0	1	0	0	0	0	4	3	0	1	0	0	0	2	8	1	0	1	2
L105P	22967	17555	11418	19746	4102	3965	3976	8490	3804	8229	3909	3340	1775	10075	1807	1636	8408	9971	872	10443	11283	4883	1639	9666	8215	1344	13698	6014	2960
L105S	29	18	17	20	2	1	3	9	0	2	0	3	1	11	1	3	4	7	0	16	19	3	3	14	11	2	32	1	20
L105T	3	2	5	5	0	0	0	0	0	0	0	0	0	5	1	0	5	3	0	1	3	1	0	2	1	0	4	2	0
L105W	3	3	0	2	5	0	0	2	0	0	1	0	0	2	0	1	0	3	0	3	8	0	1	2	0	0	4	23	0
L105Y	0	0	0	0	0	0	0	0	0	0	0	0	0	0	0	0	0	0	0	0	0	0	0	0	0	0	0	0	0
L105V	497	424	288	459	130	177	165	360	388	215	199	148	148	206	113	373	191	181	74	283	277	140	121	223	228	65	247	147	120
L105X	0	0	0	0	0	0	0	0	0	0	0	0	0	0	0	0	0	0	0	0	0	0	0	0	0	0	0	0	0
L105B	92	53	22	50	17	9	17	16	22	1	10	4	3	19	4	6	17	16	2	19	41	14	2	26	3	2	33	0	6
V106A	25335	19153	12600	21008	7060	6653	6333	11809	8545	10520	5043	3483	2879	10907	2752	2870	9488	10886	1418	11798	13123	14400	2699	10855	9246	2284	14659	6831	4608
V106R	0	0	0	0	0	0	0	0	0	0	0	0	0	0	0	0	0	0	0	0	0	0	0	0	0	0	0	0	0
V106N	8	12	4	10	5	0	4	5	26	0	0	0	0	5	3	1	3	2	0	3	7	0	2	2	0	0	7	6	0
V106D	8550	6399	4185	7455	1754	1714	1690	3674	2004	2809	1854	1265	803	3710	613	789	3146	3641	346	3987	4200	2514	613	3528	2744	561	5071	2775	1201
V106C	0	0	1	0	0	0	0	0	0	0	0	0	0	0	0	0	0	0	0	0	0	0	0	0	0	0	0	0	0
V106E	22	15	14	0	0	0	3	8	3	0	0	1	0	12	0	1	4	13	0	8	3	3	3	13	6	3	5	2	0
V106Q	0	0	0	0	0	0	0	0	0	0	0	0	0	0	0	0	0	0	0	0	0	0	0	0	0	0	0	0	0
V106G	973	668	414	728	223	135	112	359	161	225	82	87	41	372	60	43	311	413	33	400	428	166	55	401	209	57	527	338	123
V106H	0	0	0	0	0	0	0	0	0	0	0	0	0	0	0	0	0	0	0	1	0	0	0	0	0	0	0	0	0
V106I	12490	9612	6082	10702	4642	3738	4045	6903	4401	9805	7487	4139	2334	5344	1570	1494	4807	5359	1264	5946	6997	4332	1423	5458	5930	1188	7419	5081	3106
V106L	1036	735	456	879	209	192	244	409	123	313	168	93	80	468	60	73	402	435	33	511	489	155	70	465	548	73	541	123	90
V106K	0	0	0	0	0	0	0	0	1	0	0	0	0	0	0	0	0	0	0	0	0	0	0	0	0	0	0	0	0
V106M	2	0	0	0	0	0	0	0	0	0	0	3	0	0	0	0	1	0	0	1	0	0	0	0	0	0	0	0	0
V106F	1728	1361	945	1285	280	322	520	887	428	331	238	597	126	829	159	192	561	748	88	899	756	232	236	722	535	174	995	522	198
V106P	2	2	1	1	0	0	0	0	0	0	0	0	0	1	0	0	0	0	0	0	2	0	0	2	0	0	0	0	0
V106S	36	22	30	7	0	2	5	15	6	2	2	2	1	34	2	0	11	19	0	15	6	14	6	16	21	7	22	5	9
V106T	43	34	15	25	2	5	3	6	2	32	5	2	1	11	5	2	11	17	1	16	12	9	2	16	10	3	20	1	0
V106W	0	0	0	0	0	0	0	0	0	0	0	0	0	0	0	0	0	0	0	0	0	0	0	0	0	0	0	0	0
V106Y	1	3	1	2	0	0	1	2	0	1	0	0	0	1	0	0	0	2	0	2	0	0	0	1	1	0	0	0	0
V106V	5109737	3999227	2763789	4364552	4080974	3622599	5247044	7693218	3559679	5491060	4235664	2515465	2394349	2283652	2037240	2255089	2003608	2286447	1162397	2708917	2727421	2064322	2180105	2372547	2537841	1791181	2792664	1885638	2903190
V106X	0	0	0	0	0	0	0	0	0	0	0	0	0	0	0	0	0	0	0	0	0	0	0	0	0	0	0	0	0
V106B	0	0	0	0	0	0	0	0	0	0	0	0	0	0	0	0	0	0	0	0	0	0	0	0	0	0	0	0	0
Q107A	0	0	0	0	0	0	0	0	0	0	0	0	0	0	0	0	0	0	0	0	0	0	0	0	0	0	0	0	0
Q107R	21908	17098	11303	19341	5789	5409	5938	11235	6360	11400	8509	7217	2796	9642	2566	3584	8483	9827	1345	11075	12330	15782	2618	9930	7970	2216	12862	7358	4132
Q107N	0	1	1	2	0	1	0	0	0	0	0	0	0	0	1	0	0	0	0	0	0	0	0	0	0	0	1	0	0
Q107D	0	0	0	0	0	0	0	0	0	0	0	0	0	0	0	0	0	0	0	0	0	0	0	0	0	0	0	0	0
Q107C	0	0	0	0	0	0	0	0	0	0	0	0	0	0	0	0	0	0	0	0	0	0	0	0	0	0	0	0	0
Q107E	164	110	83	176	64	36	79	96	76	49	41	36	25	73	23	26	63	53	7	64	80	27	21	71	681	24	102	20	35
Q107Q	5078451	3975125	2746537	4336084	4056778	3598290	5231347	7666986	3531259	5441022	4217969	2503441	2383475	2269243	2030210	2249260	1991630	2272335	1157344	2693588	2708575	2051302	2176821	2359127	2527856	1787310	2774984	1869696	2887226
Q107G	1	0	3	1	0	0	0	0	0	0	0	0	0	0	0	0	1	0	0	6	1	0	0	0	0	0	1	0	0
Q107H	6308	4894	3604	6111	1934	2006	1765	3808	1813	5379	1603	1064	738	2993	606	752	2497	3125	405	4041	4557	1913	842	3229	2987	718	3899	3474	1344
Q107I	0	0	0	0	0	0	0	0	0	0	0	0	0	0	0	0	0	1	0	0	0	0	0	0	0	0	0	0	0
Q107L	18050	13667	9196	15319	2696	2387	2343	5825	4015	6176	1833	2300	942	7762	960	953	6571	7859	471	8702	9425	6392	937	7804	5242	841	10341	5218	1765
Q107K	2584	1820	1318	1958	850	1000	743	1361	877	1222	408	437	283	1133	348	322	983	1157	151	1349	1221	641	346	1037	953	283	1327	632	562
Q107M	7	8	2	8	1	6	0	3	1	0	0	0	0	4	2	0	1	1	2	3	5	0	0	3	2	0	6	3	0
Q107F	0	0	0	0	0	0	0	0	0	0	0	0	0	0	0	0	0	0	0	0	0	0	0	0	0	0	0	0	0
Q107P	2337	1816	1054	2136	706	608	760	1491	683	583	992	840	430	1046	339	589	878	1028	178	1021	1278	1370	225	1078	798	216	1297	286	498
Q107S	0	2	0	0	1	0	1	0	0	0	0	0	0	2	0	0	0	1	0	1	0	0	0	0	0	1	0	0	0
Q107T	1	1	0	0	0	0	0	0	0	0	0	0	0	0	0	0	0	0	0	1	0	2	0	0	0	0	2	0	0
Q107W	38	35	31	38	3	4	4	4	7	7	5	3	3	11	1	2	12	16	2	11	9	18	1	23	0	0	22	0	0
Q107Y	16	3	1	9	0	1	1	5	2	1	0	2	0	1	0	2	2	5	0	9	2	2	0	6	3	0	6	1	0
Q107V	0	2	0	0	0	0	0	1	0	0	0	0	0	0	0	0	0	0	0	0	2	0	0	1	12	0	0	0	0
Q107X	68	43	23	32	18	6	5	3	3	0	3	0	0	22	3	0	21	11	0	11	14	5	0	14	10	8	28	0	1
Q107B	30030	22618	15381	25439	26309	25606	17018	26477	30283	49259	19180	9797	11922	13414	7405	5064	11211	12563	5675	12622	15945	8693	3403	11703	10577	3914	17052	14634	16962
G108A	1366	1112	733	1306	198	229	249	516	234	779	83	159	103	657	76	81	529	665	38	650	774	161	103	591	398	59	888	415	217
G108R	316	243	169	324	80	56	61	156	56	134	67	110	26	143	40	23	141	155	20	181	185	17	35	143	506	26	185	8	32
G108N	13	11	5	9	6	9	1	6	0	21	3	1	0	7	2	1	6	5	0	7	9	0	3	5	0	1	14	0	1
G108D	12282	9899	6212	10364	2944	2727	2705	5306	2600	5954	3020	1742	1195	5140	1057	1060	4594	5306	558	5605	6360	6173	1060	5419	4501	979	7285	2723	2118
G108C	4627	3680	2514	4161	1092	1167	929	2141	1290	2025	980	584	388	2119	365	450	1747	2063	229	2363	2434	942	386	2136	1526	378	2824	2144	731
G108E	2	2	1	1	1	0	5	0	1	0	0	0	0	2	1	0	1	3	0	2	0	2	0	0	1	0	0	0	0
G108Q	0	0	0	0	0	0	0	0	0	0	0	0	1	0	0	0	0	0	0	0	0	0	0	0	0	0	0	0	0
G108G	5127079	4011167	2771563	4377791	4087483	3627790	5252669	7702150	3568180	5499848	4241906	2519759	2397305	2291243	2039484	2257270	2010197	2293521	1164022	2717129	2736359	2074870	2182424	2379586	2544380	1792962	2802328	1890143	2907032
G108H	0	0	1	2	0	0	0	0	0	0	0	0	0	1	0	0	0	0	0	1	1	0	0	1	0	0	0	0	0
G108I	27	18	12	4	1	0	5	8	6	0	0	0	1	22	2	1	8	11	0	17	10	6	4	11	7	2	13	16	0
G108L	0	0	0	0	0	0	0	1	0	0	0	0	0	2	1	0	0	0	0	0	0	1	0	1	2	0	0	0	0
G108K	0	0	0	0	0	0	0	0	0	0	0	0	0	0	0	0	0	0	0	0	0	0	0	0	0	0	0	0	0
G108M	0	0	0	0	0	0	0	0	0	0	0	0	0	0	0	0	0	0	0	0	0	0	0	0	0	0	0	0	0
G108F	17	12	12	1	0	2	2	11	7	0	0	0	0	11	0	0	5	15	1	8	0	2	2	16	5	0	4	3	0
G108P	0	0	0	0	0	0	0	0	0	0	0	0	0	1	0	0	0	0	0	0	0	0	0	0	0	0	0	0	0
G108S	11103	8766	5736	9965	2816	2839	2701	5397	2273	4766	3780	2059	1348	4741	1237	1394	4094	4912	539	5063	5908	3311	985	4820	5099	898	6636	4795	2074
G108T	1	0	0	0	0	0	0	0	0	0	0	0	0	0	0	0	0	0	0	0	0	0	0	1	0	0	0	0	0
G108W	1	0	0	0	0	0	0	0	0	0	0	0	0	0	0	0	0	0	0	0	0	0	0	0	0	0	0	0	0
G108Y	23	23	15	2	2	1	4	7	3	1	0	0	0	14	0	0	10	16	1	11	2	11	7	8	3	3	8	4	1
G108V	3093	2305	1562	2717	526	540	673	1595	729	1570	704	723	247	1241	199	274	1020	1304	172	1460	1398	651	205	1287	662	223	1742	1071	319
G108X	13	5	2	7	0	0	0	1	0	0	0	0	0	2	0	0	1	6	0	7	4	0	0	1	1	0	3	0	0
G108B	0	0	0	0	0	0	0	0	0	0	0	0	0	0	0	0	0	0	0	0	0	0	0	0	0	0	0	0	0
F109A	1	1	1	1	0	0	2	2	0	0	0	0	0	1	0	0	0	0	0	0	1	0	0	2	0	0	2	0	3
F109R	8	0	8	1	0	4	1	0	0	0	0	2	0	1	0	0	4	2	2	4	2	2	0	2	0	1	1	0	0
F109N	13	16	8	9	1	5	1	3	0	44	0	1	21	10	0	1	5	8	0	4	6	12	1	11	8	0	6	0	9
F109D	0	0	0	1	0	0	0	0	0	0	0	0	0	0	0	0	0	1	0	0	0	0	0	0	0	0	0	0	0
F109C	1658	1183	763	1447	280	217	179	537	266	327	121	166	101	713	70	62	613	690	26	758	743	182	69	719	675	64	971	140	145
F109E	0	0	0	0	0	0	0	0	0	0	0	0	0	0	0	0	0	0	0	0	0	0	0	0	0	0	0	0	0
F109Q	0	0	0	0	0	0	0	0	0	0	0	0	1	0	0	0	1	0	0	0	0	0	0	0	0	0	0	0	0
F109G	0	0	0	0	0	0	0	0	0	0	0	0	0	0	0	0	0	0	0	0	0	0	0	0	0	0	0	0	0
F109H	89	64	30	83	1	10	3	31	34	8	1	15	4	43	0	8	27	31	1	32	43	5	3	43	6	3	35	36	16
F109I	15141	12280	7394	12962	2727	3049	2459	5795	2962	6237	4156	2175	1734	6404	1030	1361	5605	6811	748	6678	7207	5147	959	6535	6202	894	8928	6208	2364
F109L	30804	23606	15213	25741	5781	5983	5355	12808	9280	11128	4906	5357	2922	12999	2291	2482	11300	13268	1466	13993	16007	16395	1818	13310	12710	1900	18234	10637	3954
F109K	1	0	1	6	0	0	0	1	0	0	0	0	0	3	0	0	1	2	0	5	0	0	0	6	0	0	1	0	1
F109M	0	0	0	0	0	0	0	1	0	0	0	0	0	0	0	0	0	0	0	0	0	0	0	0	0	0	0	0	0
F109F	5067297	3964768	2742414	4327319	4075491	3615779	5241614	7674283	3550581	5474818	4224091	2502792	2388618	2265482	2034543	2251873	1987690	2267487	1160075	2689454	2706008	2044991	2179193	2353364	2516930	1789788	2766019	1862023	2897868
F109P	69	80	36	74	123	59	43	76	115	110	10	13	21	30	10	4	21	24	2	36	79	15	3	33	18	16	44	5	42
F109S	24050	18926	11928	20241	6257	5691	6854	14645	8018	12654	11768	8799	4665	10578	2717	2904	9024	10688	2363	11193	11999	11941	1697	10469	9741	1621	14793	13841	4983
F109T	30	28	21	24	8	1	6	13	2	18	1	1	2	25	0	1	13	6	0	7	18	4	1	16	1	1	15	1	4
F109W	0	0	0	0	0	0	0	1	0	0	0	0	0	0	0	0	0	0	0	0	0	0	0	0	0	0	0	0	0
F109Y	17992	14029	9263	16223	3771	4027	3025	7807	3624	8142	4970	5320	2035	7722	1408	1514	6927	7582	798	8881	9825	5974	1166	8214	9867	1006	11036	7224	2744
F109V	2756	2187	1415	2510	709	533	453	1278	481	1612	519	496	485	1277	395	341	1102	1340	95	1417	1491	1457	301	1257	888	225	1799	1187	392
F109X	54	75	42	12	0	2	9	14	16	0	0	0	5	58	0	3	20	41	4	42	15	22	3	45	45	12	46	19	0
F109B	0	0	0	0	0	0	0	0	0	0	0	0	0	0	0	0	0	1	0	0	0	0	0	0	0	0	0	1	0
M110A	113	78	55	127	11	4	13	25	31	1	1	8	8	44	5	11	34	58	1	58	70	33	11	44	13	8	50	188	17
M110R	1085	869	550	969	218	316	326	694	375	384	253	158	116	502	109	127	423	505	37	576	598	442	140	524	358	105	662	169	164
M110N	13	5	2	7	1	0	0	6	0	0	5	0	0	9	1	0	4	10	0	5	6	2	1	2	0	0	6	0	0
M110D	0	0	0	0	0	0	0	0	0	0	0	0	0	0	0	0	0	0	0	0	0	0	0	0	0	0	0	0	0
M110C	0	0	0	0	0	0	0	0	0	0	0	0	0	0	0	0	0	0	0	0	0	0	0	0	0	0	0	0	0
M110E	37	31	28	30	24	9	3	15	22	40	27	2	11	19	11	6	19	13	3	23	27	0	13	14	0	7	29	29	14
M110Q	4	1	0	5	0	0	0	1	0	0	0	0	0	3	0	0	0	0	1	1	2	0	0	1	0	0	2	0	0
M110G	22	2	6	6	2	1	1	10	0	0	0	0	0	0	0	0	2	7	0	2	4	0	1	6	0	2	6	54	0
M110H	0	0	0	0	0	0	0	0	0	0	0	0	0	0	0	0	0	0	0	0	0	0	0	0	0	0	0	0	0
M110I	17513	13376	8492	14542	5031	4675	4327	10054	4628	8903	2545	3985	2234	7403	1757	1801	5971	7486	1032	7755	8103	11177	1455	7349	7454	1335	10060	6592	3387
M110L	8846	6770	4446	7346	2161	2384	2060	4604	2706	5286	1934	1361	1128	3834	824	982	3145	3939	600	4203	4495	2183	645	3688	3064	714	4947	3904	1937
M110K	9579	7683	5097	8537	3119	2971	2518	5523	3407	5270	3742	1817	1539	4233	1365	1780	3641	4115	694	4724	5400	3545	1171	4359	2793	986	5931	3837	2345
M110M	5071692	3969282	2744252	4330868	4067250	3609426	5235028	7663935	3545303	5462533	4226096	2503418	2385725	2267454	2031732	2247861	1990376	2269921	1158222	2691088	2706936	2043591	2174823	2355740	2524797	1787493	2769568	1863181	2891814
M110F	2	1	1	1	0	0	0	2	0	1	0	0	1	2	0	0	2	1	0	0	0	0	0	1	1	0	0	1	0
M110P	2	5	8	7	0	0	0	2	0	0	1	0	0	1	0	0	3	2	0	3	6	0	1	1	0	0	4	0	0
M110S	73	59	34	66	0	6	4	12	0	53	12	7	3	31	3	6	18	26	2	30	73	11	7	23	1	2	58	1	8
M110T	24002	18149	11852	20858	8926	7738	7696	16056	7691	15525	7439	8103	3798	10078	3314	3914	8573	9987	2036	11512	13536	15417	3637	10618	10278	2475	14716	7887	6070
M110W	10	0	5	7	1	0	0	3	0	0	0	0	0	3	0	0	5	0	0	1	0	0	2	0	0	0	2	0	0
M110Y	0	0	0	0	0	0	0	0	0	0	0	0	0	0	0	0	0	0	0	0	0	0	0	0	0	0	0	0	0
M110V	26905	20850	13669	23189	8355	7808	8011	16295	11202	17080	8458	6276	6040	11706	3339	4061	10099	11874	2945	12476	14151	9742	3302	11609	8331	2402	15829	15471	6698
M110X	0	0	0	0	0	0	0	0	0	0	0	0	0	0	0	0	0	0	0	0	0	0	0	0	0	0	0	0	0
M110B	65	82	40	89	50	22	17	58	14	22	30	2	11	24	4	5	38	38	7	47	37	4	5	47	1	2	60	8	71
P111A	1660	1303	885	1511	434	364	344	817	289	807	282	258	127	694	130	140	646	787	81	839	1021	529	164	735	448	130	1050	2605	290
P111R	1804	1318	724	1239	946	768	1572	3198	436	2257	2811	3983	1443	729	540	710	559	794	523	678	558	1699	113	573	2433	218	939	563	941
P111N	34	30	17	1	3	2	11	13	7	1	0	1	0	31	1	4	7	16	0	20	6	9	5	23	12	3	11	7	4
P111D	3	5	3	0	0	0	1	1	0	0	0	0	1	3	2	0	4	1	0	3	3	2	1	3	1	0	1	0	0
P111C	2	1	2	3	0	0	0	2	1	2	0	1	1	4	0	0	1	4	1	5	2	1	0	0	0	0	1	0	1
P111E	0	0	0	0	0	0	0	0	0	0	0	0	0	0	0	0	0	0	0	0	0	0	0	0	0	0	0	0	0
P111Q	50	48	34	2	1	2	4	22	21	2	0	0	1	28	11	9	18	25	8	20	15	17	15	23	15	10	16	14	5
P111G	0	0	1	0	0	0	0	0	0	0	0	0	0	0	0	0	0	0	0	2	0	0	0	0	0	0	0	0	0
P111H	7716	6408	4262	7366	2394	2719	3092	4714	3075	3874	3044	1916	1239	3390	1059	1334	3068	3445	524	4079	4863	1990	1063	3664	2768	973	4600	2654	1799
P111I	22	18	15	2	0	1	2	7	0	0	0	1	0	14	0	0	6	14	1	13	4	6	0	13	8	3	9	9	2
P111L	10484	8512	5320	9778	2007	2028	1621	3767	1742	3257	1487	1140	850	4416	568	647	3793	4498	343	4756	5092	2506	546	4434	3522	516	6223	2271	1349
P111K	0	0	0	0	0	0	0	0	0	0	0	0	0	0	0	0	0	1	0	0	0	0	0	0	0	0	0	1	0
P111M	0	0	0	0	0	0	0	0	0	0	0	0	0	0	0	0	0	0	0	0	0	0	0	0	0	0	0	0	0
P111F	17	20	15	19	1	5	1	3	0	1	0	3	0	6	2	2	10	13	0	15	9	0	0	5	24	0	11	3	0
P111P	5118109	4004287	2767208	4370046	4084632	3624783	5248931	7694600	3564429	5494030	4238522	2513943	2394696	2287899	2038436	2255681	2007239	2289918	1162973	2712926	2732483	2072164	2181663	2376423	2540572	1792193	2797855	1882127	2904555
P111S	14706	10835	7303	12189	3515	3523	3408	7607	4152	8603	3308	3257	1729	5884	1294	1521	5189	6070	853	6546	6928	4535	1272	5906	3969	1086	8171	8756	2586
P111T	5326	4422	2724	4489	1216	1163	1013	2514	1219	2263	1088	632	526	2224	416	504	1797	2365	272	2583	2446	2678	368	2204	3314	392	3020	2306	989
P111W	0	0	0	0	0	0	0	0	0	0	0	0	0	0	0	0	0	0	0	0	0	0	0	0	0	0	0	0	0
P111Y	30	35	22	7	0	2	4	29	8	1	1	2	1	22	5	2	14	31	1	17	14	10	4	19	5	7	22	6	4
P111V	0	1	2	2	0	0	0	1	0	0	0	0	0	2	0	0	2	0	0	2	0	1	0	1	0	0	1	0	0
P111X	0	0	0	0	0	0	0	0	0	0	0	0	0	0	0	0	0	0	0	0	0	0	0	0	0	0	0	0	0
P111B	0	0	0	0	0	0	0	0	0	0	0	0	0	0	0	0	0	0	0	0	0	0	0	0	0	0	0	0	0
H112A	0	0	0	0	0	0	0	0	0	0	0	0	0	0	0	0	0	0	0	0	0	0	0	0	0	0	0	0	0
H112R	16772	12743	8531	14946	4776	4709	5529	9242	4995	8723	6537	7391	2766	7134	2182	2670	6132	7099	1331	8114	9769	5151	2034	7421	5523	1638	9870	3773	3415
H112N	2044	1777	1412	2224	663	898	705	1264	497	1552	380	500	193	1058	209	259	955	1252	157	1917	1465	983	264	1146	874	362	1139	476	420
H112D	133	107	85	121	58	48	54	100	93	71	44	26	28	56	12	15	62	53	7	58	55	29	20	75	26	20	116	52	31
H112C	27	16	9	10	28	2	4	10	1	1	0	9	0	6	1	0	7	7	0	6	16	84	0	7	1	3	7	2	4
H112E	0	0	0	0	1	0	0	0	0	0	0	0	0	0	0	0	0	0	0	0	0	0	0	0	0	0	0	0	0
H112Q	2700	2180	1373	2099	781	880	744	1555	992	1026	438	457	328	1227	261	306	952	1253	197	1237	1248	777	353	1187	676	341	1404	943	572
H112G	0	0	0	0	0	0	0	0	0	0	0	0	0	0	0	0	0	0	0	0	0	0	0	0	1	0	1	0	0
H112H	5116013	4003805	2766368	4369053	4080836	3621467	5246027	7693560	3556066	5483334	4235602	2512415	2392364	2286603	2036643	2254402	2006526	2289137	1161313	2710994	2729982	2069286	2180932	2374815	2543184	1791356	2797057	1887518	2902391
H112I	3	4	3	3	0	0	0	2	2	0	1	0	0	2	0	1	0	1	0	2	5	17	1	4	1	2	5	0	0
H112L	11624	8624	5688	9432	5237	4958	4876	7162	9990	16272	6039	2922	4009	4910	2375	2212	4080	4783	2102	5325	5862	5143	914	5009	4237	1086	6519	3790	3886
H112K	0	2	2	0	0	0	0	2	0	0	0	0	0	5	0	0	0	0	0	0	1	0	0	1	3	1	0	0	1
H112M	0	0	0	0	0	0	0	0	0	0	0	0	0	0	0	0	0	0	0	0	0	0	0	0	0	0	0	0	0
H112F	14	3	3	16	0	0	0	0	1	1	0	0	0	3	0	0	2	0	0	2	7	0	0	7	0	0	2	0	0
H112P	1823	1366	858	1489	807	661	396	879	1301	1213	259	263	202	721	135	107	542	681	123	804	869	401	128	708	1027	156	946	159	493
H112S	16	19	18	7	1	3	4	8	5	0	0	1	0	13	0	2	4	10	0	17	12	5	0	9	6	5	5	2	1
H112T	1	1	1	0	0	0	7	0	1	0	0	0	0	2	0	0	0	0	0	0	1	0	0	0	0	0	1	0	0
H112W	0	0	0	0	0	0	0	0	0	0	0	0	0	0	0	0	0	0	0	0	0	0	0	0	0	0	0	0	0
H112Y	8787	6587	4184	7249	1959	1732	1657	3501	1435	2904	1243	1153	724	3601	645	580	3091	3699	350	4021	4147	4271	568	3636	1532	561	4855	4607	1311
H112V	0	0	0	0	0	0	0	1	0	1	0	0	0	0	0	0	0	0	0	0	1	0	0	0	0	0	0	0	0
H112X	6	7	2	5	2	1	1	9	0	0	0	0	0	5	1	0	0	7	0	6	4	0	0	1	0	0	3	0	0
H112B	0	2	0	0	0	1	0	0	0	0	0	0	0	0	0	0	0	0	0	1	0	0	0	0	0	0	0	0	0
F113A	0	1	0	0	0	0	0	0	0	0	0	0	0	0	0	0	0	0	0	0	0	0	0	0	0	0	0	0	0
F113R	19	2	13	4	0	0	0	0	0	0	0	0	0	2	0	0	0	4	0	3	1	0	0	0	0	0	3	0	0
F113N	0	2	2	5	0	0	0	2	0	0	0	0	0	3	0	1	1	4	0	0	4	0	0	1	0	0	1	0	1
F113D	0	0	0	0	0	0	0	1	0	0	0	0	0	0	0	0	0	0	0	0	0	0	0	0	0	0	0	0	0
F113C	733	549	353	670	177	203	150	279	44	240	631	109	52	296	73	53	297	293	35	340	454	88	56	336	235	73	447	300	79
F113E	0	0	0	0	0	0	0	0	0	0	0	0	0	0	0	0	0	0	0	0	0	0	0	0	0	0	0	0	0
F113Q	1	0	0	0	0	0	0	0	0	0	0	0	0	0	0	0	0	0	1	0	0	0	0	0	0	0	1	0	0
F113G	0	0	0	0	0	0	0	0	0	0	0	0	0	0	0	0	0	0	0	0	0	0	0	0	0	0	0	0	0
F113H	17	11	14	20	10	1	2	8	0	2	0	0	0	2	2	6	10	3	0	14	10	1	0	12	0	2	8	0	1
F113I	11950	9156	5692	10090	2214	1915	1672	4230	1894	3504	1534	2370	729	5071	690	762	4165	5175	365	5276	5868	3188	610	5271	4160	618	6805	4873	1338
F113L	27122	21573	13201	21661	4895	4989	4379	10926	4000	11025	5642	5456	2389	11376	1854	2235	9315	11843	1203	12142	12413	8200	1557	11256	8277	1516	16007	8771	3751
F113K	0	0	0	0	0	0	0	0	0	0	0	0	0	0	0	0	0	0	0	0	0	0	0	0	0	0	0	0	0
F113M	0	0	0	0	0	0	0	0	0	0	0	0	0	0	0	0	0	0	0	0	0	0	0	0	0	0	0	0	0
F113F	5095537	3986582	2756873	4352816	4082183	3622323	5248737	7690197	3561617	5488892	4237131	2512406	2394831	2278108	2037878	2255247	1999443	2279806	1162729	2703044	2721502	2067715	2181061	2366300	2535811	1791589	2783903	1876167	2903236
F113P	50	25	18	39	1	10	3	7	0	1	0	0	1	10	8	1	24	8	2	19	15	1	5	35	0	2	31	13	2
F113S	15526	12067	7785	13180	3680	3686	3235	7189	5158	6717	2843	2705	1739	6540	1293	1414	5629	6765	784	7217	8300	4987	1201	6641	5137	1070	9114	5385	2674
F113T	19	20	7	40	4	2	3	6	0	0	3	0	0	10	2	0	10	15	1	11	19	0	0	10	45	0	17	0	0
F113W	1	0	0	0	0	0	0	0	0	0	0	0	0	0	0	0	0	0	0	0	0	0	0	0	0	0	0	0	0
F113Y	6880	5545	3593	6449	1686	1809	1425	3503	2123	3273	2190	1757	632	2995	525	614	2776	3136	376	3417	3860	1512	610	3237	2549	518	4268	1757	1149
F113V	2074	1683	963	1671	299	422	396	939	536	1444	568	334	241	903	138	220	670	914	79	996	995	450	108	906	870	143	1314	4055	294
F113X	34	26	23	9	0	0	2	8	7	0	1	0	0	30	1	1	13	16	5	25	3	5	6	21	7	0	11	1	0
F113B	0	1	0	0	0	0	0	0	0	0	0	0	0	0	0	0	0	0	0	0	0	0	0	0	0	0	0	0	0
F114A	4	8	9	7	0	3	0	3	0	0	0	0	0	2	0	0	0	0	0	1	2	1	1	1	0	6	8	0	1
F114R	12	13	2	17	3	0	0	4	0	0	0	0	1	8	0	0	3	7	0	9	17	0	0	6	4	0	7	0	0
F114N	53	59	33	52	1	9	4	6	0	18	4	0	5	26	2	3	16	17	1	31	36	7	5	28	8	2	59	205	2
F114D	20	7	10	6	10	4	11	2	0	0	0	0	2	5	1	1	4	2	0	1	4	0	0	9	0	0	7	6	4
F114C	2506	1801	1183	2200	630	657	585	1418	985	1254	942	753	340	974	319	498	852	1062	200	1209	1374	1139	449	1081	774	334	1511	574	428
F114E	0	0	0	0	0	0	0	0	0	0	0	0	0	0	0	0	0	0	0	0	0	0	0	0	0	0	0	0	0
F114Q	0	0	0	0	0	0	0	0	0	0	0	0	0	0	0	0	0	0	0	0	0	0	0	0	0	0	0	0	0
F114G	0	0	0	0	0	0	0	0	0	0	0	0	0	0	0	0	0	0	0	0	0	0	0	0	0	0	0	0	0
F114H	30	18	15	35	2	9	15	32	1	69	0	3	1	6	3	0	13	10	2	21	8	1	5	12	1	0	20	3	15
F114I	14861	11401	8294	14130	4727	4557	4800	9837	4578	7673	4432	3280	1893	6471	2192	2539	6074	6358	1002	8514	11500	7882	3152	7652	11481	2746	9132	10397	3576
F114L	29641	22196	14993	25545	7738	7017	6700	16321	7800	15194	8154	6735	3419	12918	3279	3444	11073	12850	1708	14431	17060	10104	3586	13430	11290	3022	17459	11651	5902
F114K	0	0	0	0	0	0	0	0	0	0	0	0	0	0	0	0	0	0	0	0	0	0	0	0	0	0	1	0	0
F114M	7	1	0	0	0	0	0	0	0	0	0	0	0	0	0	0	1	0	0	0	0	0	0	0	0	0	0	0	0
F114F	5068984	3967231	2741534	4324955	4063199	3603910	5226696	7657556	3543700	5459433	4219563	2501284	2386019	2265848	2027442	2244765	1987354	2268147	1157822	2686549	2697623	2044927	2169640	2351563	2511860	1782632	2767439	1859533	2888523
F114P	66	47	33	60	2	9	3	17	2	3	10	6	1	36	4	1	20	24	3	23	32	0	6	39	36	9	51	77	1
F114S	26636	20963	13570	23771	11810	12404	15403	20634	11292	19923	11343	8514	5413	11628	6464	6244	10301	11959	3255	13379	15940	15558	5687	12485	15445	4413	15984	12033	8996
F114T	32	33	17	32	10	13	11	54	27	1	0	8	9	21	5	11	23	37	4	32	48	6	25	25	51	19	27	32	49
F114W	0	0	0	0	0	0	0	0	0	0	0	0	0	0	0	0	0	0	1	0	0	0	0	0	0	0	0	0	0
F114Y	14451	11481	7257	13116	5883	5735	4592	8976	5909	10039	4526	3353	3007	6281	2196	2476	5494	6332	1391	6750	7622	4255	1873	6330	4140	1636	8677	5162	4110
F114V	2573	1921	1533	2706	1133	1031	1176	2412	1061	1491	1569	1201	502	1062	557	563	1102	1124	190	1513	2168	2249	768	1333	1983	704	1519	1621	914
F114X	50	53	35	2	1	1	7	21	23	0	0	0	2	52	0	7	11	37	1	27	7	18	17	27	18	8	19	10	3
F114B	37	10	19	20	0	1	1	2	1	0	0	0	0	8	0	2	12	16	0	14	3	0	0	5	0	0	10	18	1
