rowname	Input	Input.1	Input.2	Input.3	uPA	uPA.1	uPA.2	uPA.3	FXIIa	FXIIa.1	FXIIa.2	FXIIa.3	uPA.4	Input.4	uPA.5	uPA.6	Input.5	Input.6	uPA.7	Input.7	Input.8	TMPRSS2	uPA.8	Input.9	TMPRSS2.1	uPA.9	Input.10	TMPRSS2.2	uPA.10
R115A	5	2	4	7	2	1	0	1	0	0	0	0	0	0	0	1	2	3	1	11	2	0	0	3	0	4	1	0	1
R115R	3865218	2694589	2783167	2507757	2700270	2173298	3020982	2554027	2719813	2990299	2626220	1846233	1378142	1456784	1609080	1386086	1337956	1475294	1171182	1698610	2001124	1895450	1595926	2205422	1737632	2031251	2007646	1480517	1744572
R115N	42	24	16	14	12	2	5	1	4	0	0	0	0	13	2	2	6	9	2	11	3	37	8	19	16	8	10	4	0
R115D	0	0	0	0	0	0	0	0	0	0	0	0	0	0	0	0	0	0	0	0	0	0	0	0	0	0	0	0	0
R115C	35	15	23	7	16	8	4	5	2	0	18	2	1	3	3	1	9	12	0	19	15	0	1	31	2	5	15	3	23
R115E	36	23	20	19	3	2	7	7	1	1	1	1	0	5	3	1	9	18	2	8	13	1	1	13	7	3	18	19	8
R115Q	19	7	2	7	0	4	0	1	0	0	0	5	0	6	2	2	1	5	0	9	0	1	0	6	0	0	3	0	2
R115G	26550	17519	17490	16723	5961	4944	4316	5729	8000	8378	5478	4527	2393	9425	2793	2341	8603	9668	2049	9780	13308	9654	2199	14531	9160	3260	15150	9126	3988
R115H	0	0	0	0	0	0	0	0	0	0	0	0	0	0	0	0	0	0	0	0	0	0	0	0	0	0	0	0	0
R115I	108	66	68	8	3	1	6	4	23	1	3	0	2	49	2	7	32	46	1	51	19	34	11	61	27	22	50	27	1
R115L	43	32	37	20	2	2	13	3	19	0	13	0	0	20	1	2	6	17	0	16	28	12	9	29	3	3	11	6	1
R115K	6593	4520	4352	4116	1552	1511	1293	1632	1837	1894	1320	1057	711	2305	723	868	2199	2470	624	2589	3376	13557	738	3861	3112	1049	3671	1991	1188
R115M	11740	8171	7889	7860	2307	2022	1637	2315	3321	3218	1072	1744	884	4170	890	679	3993	4672	689	4515	5732	2968	904	6505	3008	1275	6705	2362	1477
R115F	0	0	0	0	0	0	0	0	0	0	0	0	0	0	0	0	0	0	0	0	0	0	0	0	0	0	0	0	0
R115P	0	0	0	0	0	0	0	0	0	0	0	0	0	0	0	0	0	0	0	0	0	0	0	0	0	0	0	0	0
R115S	4218	3001	2947	2668	1552	1207	1045	1204	1309	1700	1935	730	539	1493	517	450	1363	1695	437	1639	2028	1065	452	2304	1067	761	2351	922	902
R115T	1516	994	1015	928	407	321	224	361	194	659	206	225	129	550	136	107	505	511	110	578	805	186	150	904	366	188	813	834	254
R115W	19951	14485	13335	11629	2984	2792	2410	3175	3693	4667	2753	2988	1247	6763	1444	1161	6446	7476	994	7406	9990	8112	1414	11011	5384	1941	11490	10375	2061
R115Y	0	0	0	0	0	0	0	0	0	0	0	0	0	0	0	0	0	0	0	0	0	0	0	0	0	0	0	0	0
R115V	64	57	64	58	10	10	4	14	0	0	2	18	3	27	4	1	22	28	1	21	40	20	1	36	89	7	51	1	14
R115X	98	83	64	60	11	19	7	21	0	31	10	0	12	40	11	5	36	32	9	42	73	13	1	43	4	6	67	24	22
R115B	90	54	76	44	9	12	16	6	27	65	3	1	6	33	9	2	26	36	5	29	32	0	3	33	0	6	38	0	10
L116A	2	0	0	1	0	0	0	1	39	0	0	0	0	0	0	0	0	2	0	0	4	0	0	1	0	0	0	0	0
L116R	1400	943	968	921	370	251	267	256	209	650	134	151	74	445	134	92	428	488	88	525	878	700	134	859	562	167	816	1276	172
L116N	0	0	0	0	0	0	0	0	0	0	0	0	0	0	0	0	0	0	0	0	0	0	0	0	0	0	0	0	0
L116D	0	0	0	0	0	0	0	0	0	0	0	0	0	0	0	0	0	0	0	0	0	0	0	0	0	0	0	0	0
L116C	0	0	0	0	0	0	0	0	0	0	0	0	0	0	0	0	0	0	0	0	0	0	0	0	0	0	0	0	0
L116E	1	1	8	3	1	0	0	2	0	0	3	1	0	0	0	1	2	1	0	6	1	0	1	6	0	0	3	0	2
L116Q	11228	7893	7963	7495	4885	4375	3092	3511	6470	6095	4638	2626	2264	4056	1955	1775	3832	4277	2312	4578	6410	4123	1419	6807	4478	2416	6503	5316	3134
L116G	0	0	0	0	0	0	0	0	0	0	0	0	0	0	0	0	0	0	0	0	0	0	0	0	0	0	0	0	0
L116H	7	9	1	4	3	0	0	1	2	0	0	0	0	1	0	0	1	6	2	3	0	0	0	2	2	1	2	1	1
L116I	3	1	2	1	0	1	0	0	0	0	3	0	0	0	0	0	1	2	0	0	0	0	0	1	0	5	1	0	0
L116L	3900984	2719130	2806931	2529537	2704032	2176536	3024544	2559513	2724141	2995004	2629198	1849979	1379450	1469228	1611090	1387895	1349467	1488842	1171531	1711248	2017990	1913710	1598195	2224552	1746122	2034109	2027854	1486273	1747536
L116K	12	7	2	4	0	1	0	1	0	0	1	0	1	5	0	4	3	5	1	2	1	3	2	7	1	3	4	2	0
L116M	4487	3104	2969	2735	2196	1719	1324	1445	2023	3356	1018	866	723	1601	743	548	1502	1690	820	1730	2448	2638	621	2507	1260	1021	2512	2053	1206
L116F	3	2	0	0	0	0	0	0	0	0	0	0	0	1	0	0	1	0	1	0	2	0	0	1	0	0	0	0	0
L116P	16813	11587	10819	10406	3231	2933	2421	3413	4881	5253	3692	3701	1444	5851	1535	1255	5563	6159	1190	6679	8049	9493	1193	9240	7083	1703	9631	10870	2201
L116S	35	11	13	27	6	6	2	4	1	1	3	1	1	11	1	0	13	4	1	13	14	11	4	19	3	6	9	4	1
L116T	11	5	11	5	2	0	4	1	0	0	0	1	1	6	0	0	3	7	0	3	4	0	0	3	0	0	9	8	0
L116W	0	1	2	1	4	0	0	1	0	0	0	0	1	0	3	2	1	0	0	2	1	0	1	0	0	0	0	0	1
L116Y	0	0	0	0	0	0	0	0	0	0	0	0	0	0	0	0	0	0	0	0	0	0	0	0	0	0	0	0	0
L116V	1260	884	836	730	355	317	310	347	450	533	344	196	110	450	158	144	372	469	158	520	732	423	245	770	364	352	686	408	257
L116X	0	0	0	0	0	0	0	0	0	0	0	0	0	0	0	0	0	0	0	0	0	0	0	0	0	0	0	0	0
L116B	80	64	44	55	16	17	5	10	27	21	0	9	0	31	1	0	25	40	2	25	54	9	3	37	2	6	60	0	13
F117A	5	18	2	10	0	2	1	1	0	0	0	0	0	0	0	1	3	8	0	2	1	0	0	2	13	0	2	0	0
F117R	3	0	0	3	0	1	0	0	0	0	0	4	0	0	2	0	1	0	0	1	2	0	0	1	0	0	0	0	0
F117N	7	5	12	3	3	5	2	1	0	11	0	2	0	1	0	0	1	3	1	1	2	0	1	9	0	1	2	0	2
F117D	0	0	0	0	0	0	0	0	0	0	0	0	0	0	0	0	0	0	0	0	0	0	0	0	0	0	0	0	0
F117C	879	587	564	584	240	176	132	184	202	207	44	246	78	317	109	69	296	327	70	362	406	133	110	579	81	122	471	292	117
F117E	0	0	0	0	0	0	0	0	0	0	0	0	0	0	0	0	0	0	0	0	0	0	0	0	0	0	0	0	0
F117Q	0	0	0	0	0	0	0	0	0	0	0	0	0	0	0	0	0	0	0	0	0	0	0	0	0	0	0	0	0
F117G	0	1	0	0	0	0	0	0	0	0	0	0	0	0	0	0	0	0	0	0	0	0	0	0	0	0	3	0	0
F117H	19	13	26	24	1	1	19	7	0	0	24	3	0	13	2	0	12	22	0	9	27	9	1	25	0	2	23	0	2
F117I	6319	4300	4207	3920	995	901	1468	1186	1693	2550	2079	1035	680	2201	867	784	2100	2405	398	2501	3393	2477	609	3649	2524	847	3633	2342	828
F117L	24441	17110	16020	15287	4301	3856	3499	4792	4427	6500	4845	4540	2172	8741	2093	1964	7905	9000	1830	9390	12011	9231	1881	13733	10872	2924	13441	6821	2944
F117K	0	0	0	0	0	0	0	0	0	0	0	0	0	0	0	0	0	0	0	0	0	0	0	0	0	0	0	0	0
F117M	0	0	0	0	0	0	0	0	0	0	0	0	0	0	0	0	0	0	0	0	0	0	0	0	0	0	0	0	0
F117F	3877145	2702495	2791473	2514784	2702568	2175262	3021286	2555899	2724327	2990892	2626003	1845504	1377620	1460619	1608706	1385198	1341758	1479972	1170629	1702113	2006505	1908357	1595893	2210945	1734636	2031492	2014917	1488617	1746015
F117P	61	22	35	31	17	10	4	13	27	2	28	0	1	17	6	7	24	9	0	18	41	14	9	26	2	5	14	32	4
F117S	16588	11558	11118	10240	3511	3203	2575	3463	4202	5545	2720	2412	1419	5994	1748	1528	5422	6166	1226	6722	8543	7225	1467	9538	5593	2188	9315	4491	2163
F117T	73	73	73	80	14	8	12	19	12	5	0	6	13	32	4	10	20	37	5	23	40	2	1	39	275	12	63	0	11
F117W	2	0	0	0	0	0	0	0	0	0	0	0	0	0	0	0	0	0	0	0	0	0	0	0	0	0	0	0	0
F117Y	9830	6747	6373	6247	3289	2627	2866	2756	3235	5019	3206	3663	2035	3397	2029	2087	3325	3638	1915	3786	5118	3450	1783	5689	5634	2102	5597	3083	2365
F117V	918	686	638	707	162	104	100	180	110	182	84	116	50	332	52	64	335	386	26	393	494	204	57	564	230	78	591	528	72
F117X	36	26	28	3	0	0	5	5	8	0	1	0	1	21	2	4	12	17	5	13	4	8	6	11	17	16	15	5	1
F117B	0	1	0	2	0	0	0	0	0	0	0	0	0	1	0	0	0	2	1	0	1	0	0	2	0	0	3	0	0
R118A	0	0	0	0	0	0	0	0	0	0	0	0	0	1	0	0	0	0	1	0	0	0	0	0	0	0	0	0	0
R118R	3897046	2716136	2804654	2527396	2706982	2178860	3026263	2560228	2726591	2996733	2632891	1850693	1380776	1468018	1612188	1388540	1348378	1487587	1173034	1710123	2017514	1907753	1598659	2223067	1747638	2035384	2026685	1488299	1749360
R118N	0	0	0	0	0	0	0	0	0	0	0	0	0	0	0	0	0	0	1	0	0	0	0	0	0	0	0	0	0
R118D	0	0	0	0	0	0	0	0	0	0	0	0	0	0	0	0	0	0	1	0	0	0	0	0	0	0	0	0	0
R118C	4	7	1	7	2	1	0	0	0	0	0	0	0	3	0	1	2	5	0	6	0	0	0	4	15	0	4	0	0
R118E	0	0	0	0	0	0	0	0	0	0	0	0	0	0	0	0	0	0	0	0	0	0	0	1	0	0	0	0	0
R118Q	12202	8456	8203	7947	3526	3067	2216	3070	3930	5318	1836	2356	1219	4195	1337	1251	3873	4460	1075	4780	6393	8922	1646	7141	4843	1941	6674	3072	2236
R118G	1774	1203	1014	947	499	367	283	444	255	755	217	502	169	594	196	231	527	634	251	617	703	272	122	814	245	209	877	970	254
R118H	8	21	12	3	0	1	3	3	9	0	1	0	0	17	5	2	7	14	2	18	4	23	3	16	13	6	1	4	1
R118I	0	0	0	0	0	0	0	0	0	0	0	0	0	0	0	0	0	0	0	0	0	3	0	0	0	0	0	0	0
R118L	12367	8724	8228	7528	2123	1799	1700	2586	4654	4391	2587	2182	1092	4560	986	1050	4151	4763	1026	4955	5573	8200	655	6598	3829	1126	6692	10330	1393
R118K	8	2	3	16	10	1	0	1	0	0	1	0	1	4	3	1	12	3	1	3	6	0	1	5	1	1	4	0	6
R118M	13	9	13	9	0	0	1	1	0	0	1	1	0	3	0	1	14	7	0	9	4	4	1	12	0	3	8	1	0
R118F	0	0	1	0	0	0	0	0	0	0	0	0	0	0	0	0	0	0	0	0	0	0	0	0	0	0	0	0	0
R118P	1110	647	711	713	396	530	314	354	851	758	219	216	170	359	119	87	360	406	122	348	543	234	97	542	141	189	537	128	287
R118S	1	10	2	4	0	0	0	1	0	0	0	0	0	2	1	0	1	3	1	2	0	0	0	3	1	0	1	2	0
R118T	0	0	0	0	0	0	0	2	0	0	0	0	0	1	0	0	0	0	0	0	0	0	0	0	0	0	0	0	0
R118W	11646	8311	7638	7260	1528	1505	1180	1792	1952	2949	1266	1572	630	3881	776	547	3845	4062	587	4422	5717	5678	624	6539	3150	910	6526	3405	969
R118Y	0	0	0	0	0	0	0	0	0	0	0	0	0	0	0	0	0	0	0	0	0	0	0	0	0	0	0	0	0
R118V	2	2	0	1	1	0	0	1	0	1	0	0	0	1	1	0	1	3	0	1	0	1	0	0	0	0	2	0	0
R118X	75	63	46	47	0	1	3	11	1	0	0	3	1	35	0	2	27	28	0	27	82	4	5	40	1	9	42	0	14
R118B	70	51	43	47	34	24	6	12	0	8	15	6	11	12	8	3	16	17	4	23	49	16	5	30	0	11	37	0	4
S119A	5	4	1	0	0	0	0	1	0	0	0	0	0	0	0	0	1	0	0	0	2	0	0	1	0	1	0	1	0
S119R	2480	1773	1713	1600	578	576	577	638	848	784	384	685	151	983	307	251	815	953	224	1105	1383	2942	352	1453	676	540	1329	567	471
S119N	11771	8347	8073	7557	2447	2159	1861	2512	3403	2541	1488	1643	986	4336	984	815	3979	4508	786	4751	6079	5809	1164	6667	2986	1644	6516	3689	1626
S119D	71	37	51	51	6	1	6	7	1	31	37	5	0	21	7	3	25	22	9	27	52	375	4	49	73	13	35	280	5
S119C	12392	8959	8415	7808	5328	5053	2877	3131	5752	7625	3062	2355	1877	4401	1682	1384	4040	4823	1797	4896	5820	6956	1099	6683	4705	1933	6921	6520	3538
S119E	0	0	0	0	0	0	0	0	0	0	0	0	0	0	0	0	0	0	0	0	0	0	0	0	0	0	0	0	0
S119Q	0	0	0	0	0	0	0	0	0	0	0	0	0	0	0	0	0	0	0	0	0	0	0	0	0	0	0	0	0
S119G	18883	13266	12587	11747	4890	4291	3747	4739	6110	7359	5312	4055	2101	6644	2298	2198	6313	7161	1967	7487	9765	11175	2603	10544	7180	3010	10088	13633	3297
S119H	1	2	0	0	1	0	0	2	0	1	0	0	0	0	0	0	0	0	0	0	1	0	0	0	2	0	0	0	0
S119I	3644	2511	2491	2159	783	607	807	983	1306	1613	2152	1642	411	1340	399	347	1211	1403	412	1371	1509	6604	284	1804	1311	532	2020	4715	687
S119L	1	0	2	0	0	1	0	0	2	0	0	0	0	2	1	0	0	1	0	1	0	12	0	3	0	1	2	0	0
S119K	1	1	1	1	0	0	0	1	0	0	0	0	0	0	0	0	0	0	0	1	0	1	0	2	0	0	0	0	0
S119M	0	0	0	0	0	0	0	0	0	0	0	0	0	0	0	0	0	0	0	1	0	0	0	0	0	0	0	0	0
S119F	11	8	7	2	0	0	1	1	4	0	0	0	1	8	1	0	1	0	0	2	3	5	1	5	5	0	2	5	0
S119P	0	1	0	0	0	0	0	0	0	0	0	0	0	0	0	0	0	0	0	1	0	0	0	1	0	0	0	0	0
S119S	3885961	2707993	2796532	2520337	2700669	2173206	3021834	2556198	2720607	2990004	2626456	1846933	1378424	1463559	1609759	1386540	1344471	1482672	1170799	1705258	2011341	1895510	1596141	2216949	1742412	2031923	2020674	1476632	1744704
S119T	1021	683	649	609	394	260	256	280	169	953	142	212	116	368	182	177	331	410	109	411	576	1693	166	602	518	189	459	165	192
S119W	0	0	0	0	0	0	0	0	0	0	0	0	0	0	0	0	0	0	0	0	0	0	0	0	0	0	0	0	0
S119Y	21	7	9	14	0	1	0	3	1	1	1	0	0	6	0	0	10	5	0	7	9	0	0	10	1	2	3	2	0
S119V	7	4	7	4	1	0	2	0	0	0	0	1	0	4	0	0	3	3	0	1	6	3	2	6	8	1	4	2	2
S119X	56	46	31	36	4	1	1	10	40	1	0	0	2	14	0	1	14	31	3	14	42	25	2	33	0	0	37	0	2
S119B	0	0	0	0	0	0	0	0	0	0	0	0	0	0	0	0	0	0	0	0	0	0	0	0	0	0	0	0	0
T120A	16076	11223	10988	10155	2980	2711	2308	3137	4442	5003	3029	2729	1343	5978	1418	1106	5584	6178	1085	6567	8150	5541	1171	8939	5030	1513	9162	6162	1950
T120R	358	253	248	244	89	91	84	101	107	196	113	61	38	148	65	55	138	126	43	184	228	73	50	233	222	64	172	54	66
T120N	4	4	6	2	0	0	0	0	0	0	0	0	0	2	0	0	2	4	2	1	0	2	0	1	1	0	0	2	0
T120D	0	0	0	0	0	0	0	0	0	0	0	0	0	0	0	0	0	0	0	0	0	0	0	0	0	0	0	0	0
T120C	0	0	0	0	0	0	0	0	0	0	0	0	0	0	0	0	0	0	0	0	0	0	0	0	0	0	0	0	0
T120E	45	32	36	11	7	0	1	6	6	0	3	18	0	16	0	4	10	22	2	20	6	13	5	28	9	5	23	8	2
T120Q	2	1	1	0	1	0	0	0	0	0	0	0	0	1	0	0	1	3	0	0	0	0	0	0	0	0	2	0	0
T120G	0	0	0	0	0	0	0	0	0	1	0	0	0	0	0	0	1	0	0	1	0	3	0	0	0	0	0	0	0
T120H	0	0	0	0	0	0	0	0	0	0	0	0	0	0	0	0	0	0	0	0	0	0	0	0	0	0	0	0	0
T120I	25	26	27	16	1	5	13	2	0	1	0	1	0	11	2	0	13	5	1	6	6	0	0	16	14	0	12	17	0
T120L	39	20	21	21	3	3	1	1	0	7	0	0	1	9	0	1	8	10	1	6	14	3	2	16	27	0	8	0	0
T120K	2497	1806	1734	1419	683	537	597	757	775	972	704	393	300	915	347	299	734	964	304	1009	1062	1982	299	1328	722	481	1277	1187	486
T120M	13995	9537	9689	8802	2221	1999	1722	2500	3971	4188	1964	1959	957	4819	919	867	4501	5305	815	5354	6720	4751	909	7635	3073	1295	7602	5611	1392
T120F	0	0	0	0	0	0	0	0	0	0	0	0	0	0	0	0	0	0	0	0	0	0	0	0	0	0	0	0	0
T120P	1358	934	831	812	307	222	204	230	265	562	129	92	87	497	135	94	438	510	94	500	639	245	105	710	329	175	776	477	198
T120S	13668	9507	8678	8523	3036	2356	2269	3221	3727	5872	2361	2649	1410	4951	1722	1498	4382	5172	1407	5124	6477	5055	1213	7362	5123	1944	7375	9190	2078
T120T	3888212	2710268	2798284	2521902	2705770	2178226	3024762	2558550	2724950	2994098	2630731	1849615	1379932	1464315	1611011	1387791	1345385	1483672	1172351	1706540	2013259	1913437	1598058	2218523	1745322	2034309	2021656	1483499	1748346
T120W	0	2	0	0	0	0	0	0	0	0	0	0	0	0	0	0	0	0	0	0	0	0	0	0	0	0	0	0	0
T120Y	0	0	0	0	0	0	0	0	0	0	0	0	0	0	0	0	0	0	0	0	0	0	0	0	0	0	0	0	0
T120V	38	21	21	13	3	6	4	0	0	4	0	5	0	21	0	1	15	18	1	18	23	4	5	14	0	2	19	1	2
T120X	0	0	0	0	0	0	0	0	0	0	0	0	0	0	0	0	0	0	0	0	0	0	0	0	0	0	0	0	0
T120B	9	8	5	5	0	0	4	1	0	9	0	9	1	3	1	0	2	3	0	4	4	1	1	7	5	1	6	3	4
V121A	19165	13253	12529	12030	2458	2112	1663	3066	3059	4865	1997	2581	1115	6659	969	937	6202	7257	979	7516	9364	6157	970	10465	8051	1284	10253	7906	1680
V121R	0	0	0	0	0	0	0	0	0	0	0	0	0	0	0	0	0	0	0	0	0	0	0	0	0	0	0	0	0
V121N	25	11	16	12	2	1	0	0	0	0	0	4	1	3	1	0	5	0	0	2	9	1	0	4	9	1	9	0	0
V121D	11126	7821	7831	7376	761	650	548	1144	1477	1467	1061	1098	304	3899	354	279	3709	4202	254	4405	5826	5119	326	6502	3365	374	6202	4269	572
V121C	0	0	0	0	0	0	0	0	0	0	0	0	0	0	0	0	0	0	0	0	0	0	0	0	0	0	0	0	0
V121E	26	21	23	3	0	0	0	3	7	0	0	0	0	15	0	1	3	16	2	14	4	8	0	14	10	1	11	7	0
V121Q	0	0	0	0	0	0	0	0	0	0	0	0	0	0	0	0	0	0	0	0	0	0	0	0	0	0	0	0	0
V121G	959	708	640	622	74	75	48	102	40	182	28	142	55	353	33	18	344	411	24	405	446	184	28	555	144	42	599	397	44
V121H	1	3	0	0	0	0	0	0	0	0	3	0	0	0	0	0	0	1	0	0	0	1	0	2	0	0	0	0	0
V121I	8260	5961	5660	5457	2095	1647	1477	1819	1906	3171	1664	1062	706	3044	829	772	2572	3061	580	3099	4127	4153	808	4601	1910	1185	4542	2449	1232
V121L	854	497	528	520	153	130	163	201	69	148	67	161	54	280	48	59	233	302	58	295	410	91	71	415	669	100	402	93	99
V121K	0	0	0	0	0	0	0	0	0	0	0	0	0	0	0	0	0	0	0	0	0	0	0	0	0	0	0	0	0
V121M	0	0	0	0	0	0	0	0	0	0	0	0	0	0	0	0	0	0	0	0	0	0	0	0	0	0	0	0	0
V121F	1411	1097	1040	799	298	203	357	454	348	339	222	290	98	534	173	136	453	588	148	707	726	403	165	785	322	244	735	399	164
V121P	14	53	5	17	2	3	7	4	12	7	4	7	0	4	0	0	2	1	0	4	2	3	2	4	1	1	6	0	4
V121S	32	25	17	5	1	1	0	4	6	1	3	0	0	13	1	0	3	23	0	14	10	8	4	18	13	1	16	10	1
V121T	42	19	26	20	2	4	1	5	2	2	1	0	0	16	3	0	14	16	3	8	22	12	1	20	17	2	14	2	2
V121W	0	0	0	0	0	0	0	0	0	0	0	0	0	0	0	0	0	0	0	0	0	0	0	0	0	0	0	0	0
V121Y	15	7	4	1	0	0	0	0	0	0	0	0	0	5	0	1	1	4	0	4	1	3	0	1	0	0	1	1	0
V121V	3894396	2714166	2802250	2525063	2709255	2181330	3027705	2561704	2731317	3000731	2633984	1852186	1381736	1466861	1613209	1389513	1347673	1486110	1174058	1708861	2015641	1914967	1599443	2221426	1745366	2036554	2025300	1490678	1750726
V121X	0	0	0	0	0	0	0	0	0	0	0	0	0	0	0	0	0	0	0	0	0	0	0	0	0	0	0	0	0
V121B	0	0	0	0	0	0	0	0	0	0	0	0	0	0	0	0	0	0	0	0	0	0	0	0	0	0	0	0	0
K122A	0	1	1	2	0	0	0	3	0	0	0	2	0	0	0	0	0	0	0	0	2	0	0	0	0	0	2	0	0
K122R	23389	15627	15113	14344	21780	15105	19344	13274	22870	31512	37542	22070	20583	8581	10809	7893	7929	8843	22883	9607	12258	29240	2498	13304	10563	7916	12886	16142	14940
K122N	4000	2759	2791	2453	1039	880	1031	1105	1359	1101	1349	878	546	1360	778	861	1369	1520	493	1747	1953	1808	530	2302	1461	888	2273	832	844
K122D	14	10	8	11	0	2	0	2	0	0	0	0	0	7	0	0	8	6	1	3	11	2	1	5	1	1	6	0	0
K122C	0	0	0	0	0	0	0	0	0	0	0	0	0	0	0	0	0	0	0	0	0	0	0	0	0	0	0	0	0
K122E	18118	12493	11902	11589	4101	3740	3003	3813	4157	4620	2580	2575	1344	6491	1864	1389	5941	6509	1212	7159	9282	7674	1496	10274	4018	2264	9888	6158	2550
K122Q	2319	1812	1625	1375	424	392	279	407	508	446	143	243	237	938	204	233	863	1053	138	941	959	611	189	1411	2068	292	1436	2302	308
K122G	74	60	42	47	7	9	21	10	2	22	17	11	3	33	18	1	22	26	5	32	42	6	16	51	2	18	55	66	16
K122H	3	0	0	0	0	0	0	0	0	0	0	0	0	2	0	0	0	0	0	0	1	1	1	0	1	0	1	1	0
K122I	64	27	34	36	3	8	2	1	41	48	0	4	4	22	0	2	17	17	2	28	25	23	3	40	4	8	27	3	4
K122L	28	16	28	12	1	6	4	3	1	12	0	8	0	9	0	2	5	9	0	10	15	2	1	11	0	0	14	1	4
K122K	3821694	2664197	2754720	2480343	2661235	2144215	2994294	2532522	2677833	2940166	2579388	1817830	1349630	1438479	1593686	1374298	1322917	1458585	1141335	1680896	1976441	1867091	1591581	2182161	1723940	2019854	1984672	1451484	1717407
K122M	16356	11524	11187	10570	4254	3274	3222	3847	4939	6968	7623	4232	2222	6278	2454	3154	5703	6419	1683	6634	7700	7357	2200	9447	5424	2649	9005	5413	3712
K122F	0	0	0	0	0	0	0	0	0	0	0	0	0	0	0	0	0	0	0	0	0	0	0	0	0	0	0	0	0
K122P	1	0	0	0	0	0	0	0	0	0	0	0	0	0	0	1	0	0	0	0	0	0	0	0	0	0	0	0	0
K122S	29	44	15	16	0	0	6	11	0	9	8	2	1	13	2	1	8	7	3	7	14	8	1	15	4	0	12	5	16
K122T	1547	1117	987	977	366	301	269	330	426	349	160	278	138	591	192	150	554	644	123	649	821	216	168	939	1458	269	882	4504	352
K122W	120	62	62	54	24	2	7	20	14	5	12	11	1	29	2	4	17	26	1	42	55	29	3	47	12	8	44	2	3
K122Y	25	13	17	12	6	4	2	3	5	3	0	1	0	16	0	0	10	7	0	9	7	2	0	7	13	1	14	0	1
K122V	99	41	40	47	9	7	8	12	1	0	2	1	2	13	1	3	16	21	5	21	26	0	7	27	0	2	38	0	11
K122X	102	90	69	61	7	18	4	8	21	21	0	0	1	32	1	0	22	45	1	22	54	9	1	56	18	4	47	0	7
K122B	48344	33749	31928	29976	21845	18193	10473	13135	26066	25631	10210	9385	9357	18792	5609	3724	15813	18255	8221	17527	26922	17031	3122	24715	10890	5615	26788	19298	14349
Q123A	0	0	0	0	0	0	0	0	0	0	0	0	0	1	0	0	0	0	0	0	0	0	0	0	0	0	0	0	0
Q123R	17579	11782	11924	11064	4390	3670	3017	4200	6017	5658	3442	2205	1894	6172	1654	1560	5675	6395	1558	6807	8673	6611	1549	9914	6404	2484	9230	12664	2986
Q123N	8	7	4	6	1	1	0	0	0	0	0	0	0	4	0	1	4	3	2	4	7	1	1	3	0	0	9	0	1
Q123D	0	0	2	0	1	0	0	0	0	0	0	0	0	0	0	0	3	0	0	2	0	0	0	2	0	0	0	0	0
Q123C	0	0	0	0	0	0	0	0	0	0	0	0	0	0	0	0	0	0	0	0	0	0	0	0	0	0	0	0	0
Q123E	848	570	592	506	181	169	171	194	122	221	103	102	76	310	94	53	290	309	50	293	400	215	47	505	488	119	465	110	142
Q123Q	3853623	2686837	2776344	2501363	2698963	2171999	3020042	2551753	2718020	2988009	2623772	1846341	1376225	1451207	1608608	1385137	1334677	1470834	1169567	1693642	1991974	1897785	1595939	2199614	1735254	2030527	2002402	1477687	1743224
Q123G	1	0	1	1	0	0	0	3	0	0	0	0	1	0	0	0	0	0	0	1	3	2	2	0	0	0	1	0	0
Q123H	23776	16488	16006	14887	4330	3932	3063	4516	4770	5481	2774	3336	1786	8810	1767	1610	8012	9372	1640	9655	11781	8669	1580	13650	8528	2580	13833	7042	3063
Q123I	9	11	4	2	2	1	3	5	8	0	1	0	0	4	0	0	5	2	1	2	3	3	1	3	0	1	5	36	2
Q123L	15798	10684	10142	9407	4786	4166	3652	4312	5759	6288	6290	2461	2814	5664	2265	2351	4981	5825	2335	5805	7230	4485	1661	8442	4453	2613	8361	4169	3224
Q123K	1922	1439	1252	1076	456	443	389	390	699	407	255	265	135	688	231	158	613	662	136	744	907	456	222	1017	525	368	1012	443	320
Q123M	0	0	0	0	0	0	0	0	0	0	0	0	0	0	0	0	0	0	0	0	0	0	0	0	0	0	0	0	0
Q123F	0	0	0	0	0	0	0	0	0	0	0	0	0	0	0	0	0	0	0	0	0	0	0	0	0	0	0	0	0
Q123P	1435	933	958	888	336	270	256	285	413	339	214	283	142	507	169	279	477	528	97	511	681	486	147	826	239	248	848	155	235
Q123S	2	1	0	0	1	0	2	0	0	0	0	0	4	1	0	0	2	0	5	0	0	0	0	1	0	0	0	0	2
Q123T	2	0	2	0	0	2	0	0	0	0	0	0	0	2	0	0	1	1	0	2	0	0	0	1	0	0	0	0	0
Q123W	0	0	0	0	0	0	0	0	0	0	0	0	0	0	0	0	0	0	0	0	0	0	0	0	0	0	1	0	0
Q123Y	27	13	24	20	11	9	6	5	0	0	0	2	0	7	4	3	15	19	2	10	16	0	0	19	16	1	20	6	3
Q123V	5	0	0	1	0	0	0	1	0	0	0	0	1	0	0	0	1	2	0	3	0	0	2	3	0	0	0	0	0
Q123X	21252	14861	13291	12674	1631	1486	1367	2838	2433	4509	2181	2536	991	8294	828	562	6449	8029	708	7839	14887	12382	666	10787	3970	848	11885	3899	1318
Q123B	39	16	23	30	12	8	1	4	2	1	2	0	0	15	0	2	9	11	5	14	26	15	1	25	0	0	18	0	4
V124A	76370	50909	65553	58394	6590	5887	6134	11178	7446	11913	7296	6933	2579	28371	2825	1632	25732	26581	1831	24550	37742	22361	2493	46613	11118	3436	37069	13612	4038
V124R	2	0	0	0	0	0	0	0	0	0	0	0	0	0	0	0	0	1	0	0	0	0	0	0	0	0	2	0	0
V124N	0	0	0	0	0	0	0	0	0	0	0	0	0	0	0	0	0	0	0	0	0	0	0	0	0	0	0	0	0
V124D	2	1	3	1	0	0	0	0	0	0	0	0	0	3	0	0	0	1	0	1	0	1	0	2	1	0	1	3	0
V124C	0	0	0	0	0	0	0	0	0	0	0	0	0	0	0	0	0	0	0	0	0	0	0	0	0	0	0	0	0
V124E	15201	11247	9607	8435	953	1024	755	1432	1447	3282	1475	1362	488	5471	507	419	4936	5672	390	5648	6986	4103	362	8444	4329	504	8922	8282	824
V124Q	2	0	1	3	0	0	1	0	0	0	0	0	0	0	0	0	1	0	0	0	1	0	0	2	0	1	2	0	0
V124G	1247	830	878	817	69	51	47	133	126	217	114	105	26	476	27	33	451	492	39	496	672	500	37	771	396	48	647	337	40
V124H	0	0	0	0	0	0	0	0	0	0	0	0	0	0	0	0	0	1	0	0	0	0	0	0	0	0	0	0	0
V124I	8	10	11	11	4	2	1	1	0	8	0	0	0	8	3	4	5	3	1	6	5	1	2	6	1	3	5	1	1
V124L	3057	2068	2072	1881	594	482	658	688	979	539	746	400	273	1113	439	526	1005	1200	331	1254	1428	1801	348	1669	1068	630	1691	574	422
V124K	14	4	8	2	0	0	1	1	0	0	0	3	0	9	1	0	9	2	0	3	12	4	2	4	0	2	9	0	8
V124M	7760	5261	5026	4845	1005	887	931	1300	1748	1981	1248	1270	573	2792	396	491	2389	2758	383	2869	3585	2460	394	4317	2829	559	4129	2574	784
V124F	0	1	2	0	0	0	1	0	0	0	0	0	0	2	0	0	0	0	0	0	1	1	0	2	1	0	0	0	0
V124P	2	0	2	0	0	0	0	0	0	0	0	0	0	1	0	0	1	5	0	5	0	1	0	4	0	0	2	0	0
V124S	85	68	64	9	0	2	3	6	9	1	2	1	0	61	5	0	26	52	0	37	14	34	5	65	12	10	35	11	1
V124T	39	19	17	18	4	2	2	2	0	0	0	0	0	3	0	1	4	14	0	7	6	3	1	20	13	1	9	0	0
V124W	0	2	0	0	0	0	0	0	0	0	0	0	0	2	0	0	0	0	0	1	2	0	0	0	0	0	0	0	0
V124Y	0	0	0	0	0	0	0	0	0	0	0	0	0	0	0	0	0	0	0	0	0	0	0	0	0	0	0	0	0
V124V	3832532	2673217	2747322	2477505	2705882	2177819	3023435	2553765	2726488	2992972	2628153	1847457	1380130	1443372	1611417	1388610	1326652	1465210	1173131	1690456	1986129	1899838	1598174	2182890	1740108	2034595	1995565	1480816	1748406
V124X	0	0	0	0	0	0	0	0	0	0	0	0	0	0	0	0	0	0	0	0	0	0	0	0	0	0	0	0	0
V124B	5	5	3	4	0	0	0	0	0	0	0	0	0	2	0	0	3	0	0	1	5	2	0	3	1	0	2	1	0
D125A	779	489	502	460	61	55	46	120	82	73	21	94	22	272	44	25	209	262	11	313	424	218	22	393	136	24	367	67	49
D125R	1	0	0	0	0	0	0	0	0	0	0	0	0	0	0	0	1	0	0	0	0	0	0	0	0	0	1	0	0
D125N	5900	3968	3617	3672	1323	996	1059	1395	1713	1529	1177	1155	458	2020	601	599	1886	2160	487	2177	2559	1874	487	3205	2097	774	3106	1909	626
D125D	3901434	2719345	2808043	2530179	2710165	2182096	3028141	2562541	2730896	3004269	2634506	1852096	1381962	1469239	1613433	1389597	1350143	1489181	1174165	1711814	2019816	1916090	1600005	2225732	1750310	2036985	2029093	1492883	1751481
D125C	12	7	12	6	0	0	1	0	0	0	0	1	0	8	0	0	0	2	0	6	5	1	0	2	0	1	0	0	0
D125E	2370	1747	1530	1349	510	350	417	523	1222	340	311	283	149	1005	210	180	728	907	140	962	1090	781	231	1257	499	401	1262	674	234
D125Q	0	0	0	0	0	0	0	0	0	0	0	0	0	0	0	0	0	0	0	0	0	0	0	0	0	0	0	0	0
D125G	15404	10844	9964	9548	1915	1678	1426	2361	2541	3069	2282	2676	1011	5366	833	877	4910	5581	907	6160	7590	7400	639	8669	4090	1064	8678	8286	1469
D125H	285	178	215	209	45	34	33	42	124	48	28	58	8	95	7	16	84	110	12	90	294	54	22	156	60	16	131	17	34
D125I	1	0	0	2	0	0	0	0	0	0	0	0	0	1	0	0	0	0	0	0	1	0	0	0	0	0	0	0	0
D125L	4	1	3	1	0	0	0	0	0	0	0	0	0	2	0	0	3	0	0	0	0	0	0	2	0	0	1	0	0
D125K	0	1	1	0	0	0	0	0	0	0	0	1	0	1	0	0	0	0	0	0	2	0	0	1	0	0	0	0	0
D125M	0	0	0	0	0	0	0	0	0	0	0	0	0	0	0	0	0	0	0	0	0	0	0	0	0	0	0	0	0
D125F	8	12	11	1	0	0	1	0	0	0	0	0	0	10	0	2	2	10	1	7	1	3	0	6	2	0	3	3	0
D125P	0	0	0	0	0	0	0	0	0	0	0	0	0	0	0	0	0	0	0	0	0	0	0	0	0	0	0	0	0
D125S	29	13	18	10	1	6	3	3	1	1	0	6	2	11	1	0	14	6	2	9	10	16	4	25	0	2	6	1	2
D125T	7	0	3	1	0	0	0	0	0	0	1	0	0	0	0	0	0	1	0	3	1	0	0	2	0	0	0	0	0
D125W	0	0	0	0	0	0	0	0	0	0	0	0	0	0	0	0	0	0	0	0	0	0	0	0	0	0	0	0	0
D125Y	2956	2013	1830	1803	507	452	512	696	1022	463	346	692	231	1094	296	246	901	1193	220	1177	991	933	161	1284	896	233	1445	1237	249
D125V	7134	5022	4820	4683	574	489	330	825	642	1121	362	469	226	2562	195	174	2332	2579	161	2615	3804	3740	247	4077	1787	289	3997	1134	380
D125X	1	2	0	1	0	0	0	0	0	0	0	0	0	0	0	0	1	0	0	0	0	0	0	1	0	0	0	0	0
D125B	1	0	0	0	0	0	0	0	0	0	0	0	0	0	0	0	0	0	0	1	0	0	0	0	0	0	0	0	0
F126A	3	0	5	0	0	0	0	0	0	0	0	0	0	1	0	0	1	2	0	5	1	0	0	3	0	0	1	0	0
F126R	1	1	1	1	0	0	0	1	0	0	0	0	0	1	0	0	2	1	0	0	3	0	0	4	0	0	2	1	1
F126N	2	3	4	11	3	2	0	2	0	0	0	0	0	2	0	0	1	1	0	2	2	0	0	4	0	0	5	14	1
F126D	0	0	0	0	0	0	0	0	0	0	1	0	0	0	0	0	0	0	0	0	1	0	0	0	0	0	0	0	0
F126C	1449	1068	1097	992	112	100	87	155	80	288	363	62	36	558	49	40	516	544	41	648	852	207	59	918	577	65	841	814	73
F126E	0	0	0	0	0	0	0	0	0	0	0	0	0	0	0	0	0	0	0	0	0	0	0	0	0	0	0	0	0
F126Q	0	0	0	0	0	0	0	0	0	0	0	0	0	0	0	0	0	0	0	0	0	0	0	0	0	0	0	0	0
F126G	0	0	0	0	0	0	0	0	0	0	0	0	0	0	0	0	0	0	0	0	0	0	0	0	0	0	0	0	0
F126H	6	5	4	8	0	0	0	0	0	0	0	0	0	2	0	0	2	5	0	2	5	21	0	8	0	0	8	1	0
F126I	7289	5105	4804	4696	557	543	420	848	1518	1243	844	811	277	2815	259	229	2462	2775	255	2968	3814	3929	232	4129	2500	259	4222	2307	410
F126L	26127	19044	18037	17314	4342	5134	5283	5125	2977	5617	3688	5679	1814	9348	2513	1308	8274	9705	1865	9884	11969	18958	1185	14290	7215	1892	13459	7638	2786
F126K	0	0	0	0	0	0	0	0	0	0	0	0	0	0	0	0	0	0	0	0	0	0	0	0	0	0	0	0	0
F126M	0	0	0	0	0	0	0	0	0	0	0	0	0	1	0	0	0	0	0	0	0	0	0	0	0	0	0	0	0
F126F	3866823	2693927	2782126	2505327	2705856	2176319	3022763	2555770	2726658	2996294	2628825	1844992	1379295	1455233	1610728	1388155	1338421	1474640	1171498	1697844	2003660	1893866	1599085	2204980	1737300	2035351	2008599	1476356	1747658
F126P	69	54	23	23	7	3	3	11	30	12	0	2	0	15	4	1	16	25	0	13	28	43	1	22	20	0	44	380	4
F126S	22130	15312	16288	16081	1763	1736	1710	3862	2337	3376	2161	2442	994	8868	744	742	7088	9149	675	8914	10388	6570	624	13336	8276	995	13254	10605	1600
F126T	10	5	24	11	0	2	2	6	0	1	0	8	0	8	2	0	6	5	0	8	14	1	0	3	0	0	11	96	2
F126W	0	0	0	0	0	0	0	0	0	0	0	0	0	0	0	0	0	0	0	0	0	0	0	0	0	0	0	0	0
F126Y	10042	7371	6655	5935	2005	1922	1326	2132	3988	3231	1930	2126	1438	3914	1087	1008	3571	4251	1431	4116	4752	5813	557	5732	2959	1042	6169	5828	1687
F126V	2364	1732	1499	1513	455	395	375	594	655	851	1222	1408	215	909	234	233	850	884	341	923	1092	1702	74	1376	1030	185	1468	2171	302
F126X	11	15	2	12	1	0	0	0	0	0	0	1	0	11	0	0	4	5	0	7	7	0	1	7	0	0	7	0	0
F126B	0	0	0	1	0	0	0	0	0	0	0	0	0	0	0	0	0	0	0	0	0	0	0	0	0	0	0	0	0
S127A	857	660	548	623	242	268	124	253	99	165	89	108	71	295	88	78	312	369	81	351	466	159	85	522	282	135	505	249	141
S127R	0	0	0	0	0	0	0	0	0	0	0	0	0	0	0	0	0	0	0	1	0	0	0	0	0	0	0	0	0
S127N	0	0	0	0	0	0	0	0	0	0	0	0	0	0	0	0	0	0	0	0	0	0	0	0	0	0	0	0	0
S127D	0	0	0	0	0	0	0	0	0	0	0	0	0	0	0	0	0	0	0	0	0	0	0	0	0	0	0	0	0
S127C	0	0	0	0	0	0	0	0	0	0	0	0	0	0	0	0	0	0	0	0	0	0	0	0	0	0	1	0	0
S127E	2	5	2	0	0	0	0	0	0	0	0	0	0	1	0	0	0	1	0	1	1	0	2	0	0	3	1	0	0
S127Q	22	2	6	7	16	5	1	6	0	0	0	3	2	5	0	0	2	5	2	6	11	0	0	6	3	0	8	0	14
S127G	0	0	0	0	0	0	0	0	0	0	0	0	0	0	0	0	0	0	0	0	0	0	0	0	0	0	0	0	0
S127H	0	0	0	0	0	0	0	0	0	0	0	0	0	0	0	0	0	0	0	0	0	0	0	0	0	0	0	0	0
S127I	14	11	7	4	1	1	1	1	0	27	1	4	2	4	1	0	1	3	0	4	6	0	3	4	0	8	4	0	2
S127L	4890	3506	3139	2983	1048	1095	995	1303	1036	1664	1165	951	449	1702	542	452	1429	1831	403	1864	2080	1829	408	2304	1197	676	2460	1301	682
S127K	25	23	22	1	0	1	4	4	5	0	0	1	0	16	1	3	6	8	0	13	5	4	2	10	13	3	9	5	0
S127M	0	0	0	0	0	0	0	0	0	0	0	0	0	0	0	0	0	0	0	0	0	0	0	0	0	0	0	0	0
S127F	2	2	7	5	0	1	0	0	0	0	0	0	0	7	0	1	4	4	0	3	2	0	0	11	6	1	5	1	0
S127P	20401	13887	14044	13316	6215	5347	4207	5711	13136	15591	7970	6903	2479	7452	1910	1444	6622	7772	2350	7894	10711	8891	1420	11527	7265	2790	11628	7747	4256
S127S	3890580	2711303	2799443	2522547	2703776	2176090	3024162	2557405	2719689	2987496	2627599	1847285	1379244	1464725	1611494	1388275	1346197	1484132	1171855	1707685	2013310	1911918	1598330	2219989	1745867	2034236	2022155	1490366	1746779
S127T	12353	9190	8455	7597	3115	2724	1897	2851	3023	4029	1738	1507	1504	4611	1318	1207	4452	5007	1179	4962	6121	3639	1298	7074	3998	1669	7314	4254	2253
S127W	1	1	1	1	0	0	0	0	0	0	1	0	0	1	0	0	0	0	0	2	0	1	0	0	0	0	0	0	0
S127Y	14	6	8	6	2	3	1	1	0	0	0	12	0	6	0	0	4	3	4	7	8	0	3	3	57	3	5	0	2
S127V	0	1	1	0	2	0	0	1	0	0	0	0	0	0	0	0	1	2	1	1	1	5	3	3	0	0	1	0	0
S127X	7127	5017	4863	4821	678	621	565	964	1250	1941	470	756	316	2847	265	252	2177	2841	223	2523	3851	4655	260	3340	1180	258	3985	2281	391
S127B	38	28	23	14	6	0	12	6	5	0	1	1	2	14	1	4	7	14	8	17	15	9	4	19	9	7	9	7	4
E128A	1575	1135	1123	1251	220	239	137	303	151	310	91	225	98	590	92	60	529	569	48	673	1734	2719	216	964	622	152	943	475	178
E128R	6	4	4	8	1	2	2	0	0	0	0	0	0	6	0	0	4	1	1	9	14	0	0	1	0	1	1	0	0
E128N	6	2	5	6	1	1	2	1	0	0	2	0	0	5	2	0	2	0	0	1	3	1	0	2	1	2	12	0	0
E128D	11642	8151	8078	7708	3860	3112	2656	3374	3358	3958	1912	2495	1375	4216	1460	1203	3800	4492	1096	4706	5873	4998	1627	6117	2970	2184	6294	2740	2376
E128C	0	0	0	0	0	0	0	0	0	0	0	0	0	0	0	0	0	0	0	0	0	0	0	0	0	0	0	0	0
E128E	3882828	2705441	2794526	2517873	2701052	2174197	3020938	2555364	2724346	2992157	2625324	1844348	1377267	1462536	1610024	1387291	1344100	1482182	1170284	1704909	2009558	1906477	1597195	2216329	1739863	2032896	2019031	1484890	1744925
E128Q	154	119	142	125	23	39	28	33	14	35	27	39	14	62	15	10	55	58	13	58	81	47	5	80	58	16	100	93	29
E128G	17798	13015	11568	10121	2029	1817	1670	2653	2585	3153	2099	2671	1003	6162	957	1005	5455	6381	772	6142	7264	4227	814	9251	4977	1308	9641	6169	1311
E128H	0	0	0	1	0	0	0	0	0	0	0	0	0	0	0	0	0	0	0	0	0	0	0	1	0	0	0	0	0
E128I	0	0	0	0	0	0	0	0	0	0	0	0	0	0	0	0	0	0	0	0	0	0	0	0	0	0	0	0	0
E128L	25	21	12	5	0	0	2	3	7	0	0	3	0	12	1	0	6	3	3	11	7	7	0	9	10	4	8	3	6
E128K	4666	3299	3071	2972	589	590	576	759	1065	1027	480	489	166	1744	211	190	1416	1854	197	1827	2230	1280	237	2551	967	402	2572	809	449
E128M	44	39	20	32	9	4	0	1	0	0	0	13	0	19	0	1	19	16	0	22	24	0	2	17	1	0	21	46	2
E128F	0	0	0	0	0	0	0	0	0	0	0	0	0	0	0	0	0	0	1	0	0	0	0	0	0	0	0	0	0
E128P	0	0	0	0	0	0	0	0	0	0	0	0	0	0	0	0	0	0	0	0	0	0	0	0	0	0	0	0	0
E128S	0	3	2	0	0	0	0	0	2	0	0	0	0	1	0	0	0	3	0	0	2	7	4	3	7	0	4	4	0
E128T	1	2	1	1	5	2	0	0	0	0	0	0	0	0	0	0	0	4	0	0	0	0	0	2	0	0	3	0	0
E128W	3	1	4	5	0	1	1	1	1	1	1	1	0	3	0	0	1	0	0	2	2	1	0	3	1	0	3	0	0
E128Y	7	10	13	9	0	2	0	7	3	2	0	1	0	4	1	2	5	4	1	6	7	2	2	6	2	0	11	3	1
E128V	10202	7215	6969	7073	2785	2659	2251	2535	2597	3121	3308	2213	1623	3579	1075	713	3377	3783	1666	3965	5121	3464	539	5619	4394	1289	5568	3541	2126
E128X	19	8	1	12	0	2	0	1	1	0	0	0	0	10	0	0	2	8	0	8	5	3	0	4	0	2	4	1	0
E128B	7350	5177	5030	4723	4527	3489	3706	3471	4113	7149	5790	5033	2523	2737	1782	1241	2443	2634	2024	2995	4663	7877	1177	3853	6004	1533	3874	7437	3121
V129A	21645	14890	14201	13780	7157	6422	4901	5868	8448	10377	4030	4311	3535	8012	3090	2626	7137	8205	2930	8628	11853	7549	2565	12759	7274	4095	12185	7166	5735
V129R	4	0	0	2	0	0	0	1	0	0	0	0	0	0	0	0	1	0	0	0	2	0	0	0	0	0	1	0	0
V129N	0	0	0	0	0	0	0	0	0	0	0	0	0	0	0	0	0	0	0	0	0	0	0	0	0	0	0	0	0
V129D	21	15	18	6	9	14	1	4	0	6	0	1	5	8	0	1	8	5	0	6	4	0	1	4	0	0	5	1	14
V129C	0	0	0	0	0	0	0	0	0	0	0	0	0	0	0	0	0	0	0	0	0	0	0	0	0	0	0	0	0
V129E	13960	9542	9020	8638	4323	3247	2703	3304	4339	5029	1733	2206	1553	5035	1842	1429	4656	5149	1250	5632	7587	5339	1688	7729	3488	2339	7652	5403	2739
V129Q	1	2	1	4	0	0	0	0	0	0	0	0	0	0	0	0	2	3	1	0	1	0	0	4	0	0	6	1	0
V129G	1237	902	813	744	336	235	341	319	148	436	732	226	146	414	212	276	412	468	135	494	674	562	219	653	232	306	633	220	249
V129H	0	0	0	0	0	0	0	0	0	0	0	0	0	0	0	0	0	0	0	0	0	0	0	0	0	0	0	0	0
V129I	34	14	11	11	3	2	2	3	5	1	24	5	1	10	1	1	5	6	0	14	6	3	0	7	2	0	23	22	9
V129L	2559	1812	1740	1543	539	446	512	582	593	801	246	501	207	979	222	173	818	910	142	1003	1219	573	216	1432	1650	306	1346	394	335
V129K	16	5	3	3	7	1	6	2	0	0	0	0	0	2	1	0	1	7	0	7	5	3	0	9	3	2	4	0	0
V129M	10080	6901	6867	6456	3112	2481	2977	2832	3890	6245	6279	4493	1907	3582	2023	2180	3231	3725	1583	3969	5136	6597	1528	5517	4947	2144	5311	6648	2152
V129F	2	2	7	0	0	2	0	0	2	0	0	0	0	1	0	0	0	0	0	2	2	0	0	0	0	0	0	0	0
V129P	1	2	1	1	0	0	0	0	1	0	0	0	0	0	1	0	2	1	0	1	1	1	0	3	0	0	3	0	0
V129S	19	18	12	7	4	3	2	4	11	1	2	2	0	13	3	0	6	10	1	17	1	3	4	9	4	1	7	3	0
V129T	16	16	11	5	6	4	4	7	28	0	4	2	1	11	2	6	8	9	2	7	13	4	3	13	7	8	3	1	3
V129W	0	0	2	0	0	0	0	0	0	0	0	0	0	0	0	0	0	0	0	0	0	0	0	0	0	0	0	0	0
V129Y	0	0	0	0	0	0	0	0	0	0	0	0	0	0	0	0	0	0	0	0	0	0	0	0	0	0	0	0	0
V129V	3886721	2709514	2797856	2520715	2699597	2173291	3020519	2555579	2720762	2988010	2625984	1845782	1376714	1463611	1608220	1385020	1344921	1483493	1170059	1705546	2010073	1910462	1595594	2216664	1742247	2030588	2020902	1486352	1743286
V129X	0	0	0	0	0	0	0	0	0	0	0	0	0	0	0	0	0	0	0	0	0	0	0	0	0	0	0	0	0
V129B	10	7	6	10	8	8	1	1	16	7	0	2	0	8	3	4	6	1	3	8	11	14	0	9	23	0	9	0	2
E130A	2849	1884	1624	1303	839	605	1246	1265	1579	1020	2813	2104	981	912	685	486	808	1044	848	772	1009	5471	142	1134	1277	312	1350	1341	707
E130R	38	26	22	35	2	2	2	1	0	4	1	0	0	16	1	1	12	23	0	18	20	3	2	16	15	1	26	1	1
E130N	1	1	0	0	0	1	0	0	1	0	0	0	0	0	0	0	0	1	0	2	0	0	0	0	0	0	3	0	1
E130D	2560	1947	1899	1733	674	529	581	730	922	365	381	501	178	1001	318	277	874	1049	185	1122	1398	652	321	1467	797	447	1397	1501	354
E130C	0	0	0	0	0	0	0	0	0	0	0	0	0	0	0	0	0	0	0	0	0	0	0	0	0	0	0	0	0
E130E	3878148	2702692	2791479	2516583	2704981	2177424	3023127	2557200	2723594	2995780	2628234	1846425	1379368	1460941	1610726	1387604	1342633	1480375	1172102	1703351	2007193	1902251	1597962	2214054	1741450	2034103	2016551	1486581	1747496
E130Q	384	220	270	270	57	68	99	74	21	101	78	36	15	118	35	18	134	139	13	149	197	97	20	178	95	45	173	70	26
E130G	24149	16931	15717	13458	3484	3057	3309	4029	5822	5687	3658	4486	1434	8303	1785	1673	7294	8807	1352	8897	10541	7635	1636	12753	8111	2413	13190	8100	2373
E130H	2	0	0	0	1	0	0	0	0	0	0	0	0	0	0	0	0	0	0	0	0	0	0	0	0	0	0	0	0
E130I	0	0	0	0	0	0	0	0	0	0	0	0	0	0	0	0	0	0	0	0	0	0	0	0	0	0	0	0	0
E130L	23	24	18	2	0	0	1	2	2	0	0	0	0	18	1	1	5	9	1	17	5	11	3	9	5	4	14	2	0
E130K	5034	3524	3310	3117	610	597	525	707	847	1091	493	481	213	1874	244	211	1606	1924	194	1870	2356	1555	287	2707	2276	473	2679	928	402
E130M	14	11	8	10	5	0	0	1	89	0	0	0	1	0	2	0	4	8	0	4	8	918	2	7	1	0	5	0	0
E130F	0	0	0	0	0	0	0	0	0	0	0	0	0	0	0	0	0	1	0	0	0	0	0	0	0	0	0	0	0
E130P	0	0	0	0	0	0	0	0	0	0	0	0	0	0	0	0	0	0	0	0	0	0	0	0	0	0	0	0	0
E130S	3	7	4	0	0	0	1	2	5	0	0	0	0	4	0	2	0	1	0	1	1	10	0	4	4	0	2	5	0
E130T	2	1	0	0	0	0	0	0	0	0	0	1	0	0	0	0	0	0	0	0	0	0	0	0	0	0	0	0	0
E130W	28	17	29	13	4	3	6	0	2	0	12	2	0	10	0	0	12	4	0	16	20	6	1	10	1	1	16	0	5
E130Y	2	3	1	0	3	0	0	0	1	0	3	0	0	1	0	0	1	3	0	0	1	0	0	1	1	0	1	0	1
E130V	14457	10157	10149	9394	1917	1642	1340	2361	1598	2866	1577	1649	769	5270	869	723	4798	5405	597	5519	7074	8219	647	7879	4179	1097	7956	4608	1263
E130X	6	4	7	9	1	0	0	0	0	0	0	0	0	2	0	0	3	7	0	6	5	0	1	7	0	0	2	1	1
E130B	8626	6193	6032	5998	2523	2228	1732	2134	3760	3999	1784	1846	1110	3216	954	720	3030	3192	814	3590	6760	4282	794	4586	1665	893	4725	3073	1894
R131A	0	1	0	0	0	0	0	0	0	0	0	0	0	0	0	0	0	0	0	0	0	0	0	0	0	1	1	0	1
R131R	3876345	2701167	2791691	2514810	2703678	2176435	3023456	2556743	2726737	2993463	2629783	1848474	1379111	1459992	1610451	1387056	1341675	1480045	1171919	1703024	2004192	1904610	1597461	2213379	1745137	2033616	2015018	1486322	1746851
R131N	3	0	4	2	0	1	0	1	0	0	0	0	0	0	0	1	3	1	1	1	3	0	0	6	1	1	4	0	1
R131D	0	0	0	0	0	0	0	0	0	0	0	0	0	0	0	0	0	0	0	0	0	0	0	0	0	0	0	0	0
R131C	29	16	23	21	2	4	1	0	0	443	2	8	3	6	1	1	18	5	0	8	7	10	0	18	1	2	15	1	8
R131E	4	9	5	3	2	1	0	2	2	0	0	1	0	1	1	0	0	3	1	5	6	0	0	7	0	2	3	0	1
R131Q	0	0	0	0	0	0	0	0	0	0	0	0	0	0	0	0	0	0	0	0	0	0	0	0	0	0	0	0	0
R131G	19930	14363	12840	11129	4292	3944	3352	4008	4663	5293	2784	2568	1819	7017	1991	1806	6472	7513	1595	7313	8819	7122	1768	11075	6634	2523	11408	8157	2945
R131H	0	0	0	0	0	0	0	0	0	0	0	0	0	0	0	0	0	0	0	0	0	0	0	0	0	0	0	0	0
R131I	2359	1756	1642	1409	871	769	731	712	557	749	339	335	382	909	351	243	762	901	348	957	1067	565	306	1237	566	513	1193	613	572
R131L	10	8	8	4	0	1	0	2	1	0	0	0	0	4	0	0	2	5	0	7	4	7	2	9	3	2	3	5	0
R131K	4142	2658	2623	2454	1071	740	718	986	962	1759	1002	922	399	1437	442	374	1223	1544	289	1505	1838	2986	323	2053	682	651	2148	1400	676
R131M	10	7	4	3	0	2	4	1	0	2	0	0	0	6	0	1	2	3	0	4	3	3	1	12	0	0	1	0	0
R131F	0	0	0	0	0	0	0	0	0	0	0	0	0	1	0	0	0	0	0	0	0	0	0	0	0	0	0	0	0
R131P	0	0	0	0	0	0	0	0	0	0	0	0	0	0	0	0	0	0	0	0	0	0	0	0	0	0	0	0	0
R131S	10928	7668	7228	7073	3158	2544	2136	2863	2511	4897	2286	2635	1238	3846	1524	1565	3729	3958	1093	4335	5400	5255	1311	5907	4039	1732	5955	3147	1993
R131T	69	72	66	52	52	52	26	36	21	17	34	32	18	30	37	19	36	19	9	44	27	19	8	72	21	21	35	7	29
R131W	17	25	16	20	2	5	1	1	1	3	4	1	0	17	0	1	4	6	0	11	9	39	2	8	0	0	17	1	1
R131Y	0	0	0	0	0	0	0	0	0	0	0	0	1	0	0	0	0	0	0	0	0	0	0	0	0	0	0	0	0
R131V	3	0	1	2	1	1	2	1	1	0	1	0	0	2	0	0	1	1	0	2	0	0	1	2	2	2	0	1	0
R131X	22477	15892	14418	14943	1972	1657	1542	3150	2787	4287	2799	2555	1098	8418	822	649	7287	7988	851	8118	15213	10494	635	11027	2791	723	12289	6557	1446
R131B	0	0	0	0	0	0	0	0	0	0	0	0	0	0	0	0	0	0	0	0	0	0	0	0	0	0	0	0	0
A132A	3899961	2718242	2805899	2529024	2707310	2180081	3024936	2560577	2731401	3000618	2631059	1850965	1380717	1468822	1611124	1387324	1349354	1488804	1172980	1711130	2018358	1914718	1597714	2225244	1744867	2034636	2028712	1492587	1749543
A132R	0	0	0	0	0	0	0	0	0	0	0	0	0	0	0	0	0	0	0	0	0	0	0	0	0	0	0	0	0
A132N	5	1	1	2	0	0	0	1	0	0	0	2	0	2	0	2	0	1	0	7	5	1	0	0	1	2	2	0	0
A132D	4041	2955	2822	2479	432	336	454	554	557	410	387	440	170	1535	236	190	1307	1516	180	1662	2173	2399	214	2168	1751	329	2099	1224	271
A132C	0	0	0	0	0	0	0	0	0	0	0	0	0	0	0	0	1	0	0	0	1	0	0	0	0	0	0	0	0
A132E	12	13	20	1	1	0	0	0	3	0	0	0	0	9	2	2	8	9	1	8	3	15	3	7	8	3	14	6	1
A132Q	0	0	0	0	0	0	0	0	0	0	0	0	0	0	0	0	0	0	0	0	0	0	0	0	0	0	0	0	0
A132G	1826	1321	1165	1044	268	205	212	318	166	615	336	297	103	688	132	146	626	676	121	685	800	1056	92	889	446	136	1042	1184	186
A132H	0	0	0	0	0	0	0	0	0	0	0	0	0	0	0	0	0	0	0	0	0	0	0	0	0	0	0	0	0
A132I	24	8	15	8	0	0	0	1	0	0	0	0	0	1	1	1	3	8	0	10	11	2	0	6	0	0	9	1	0
A132L	0	2	1	0	0	0	0	0	0	0	0	2	0	0	0	0	1	0	0	0	0	0	0	0	7	0	0	0	0
A132K	0	0	0	0	0	0	0	0	0	0	0	0	0	0	0	0	0	0	0	0	0	0	0	0	0	0	0	0	0
A132M	0	0	0	0	0	0	0	0	0	0	0	0	0	0	0	0	0	0	0	0	0	0	0	0	0	0	0	0	0
A132F	2	1	3	1	0	2	0	0	0	0	0	0	1	0	0	0	0	1	0	1	1	1	0	4	1	0	1	0	0
A132P	1407	910	951	848	134	139	148	183	114	543	453	214	69	474	86	56	441	480	63	526	726	938	67	725	333	89	731	341	108
A132S	3805	2762	2931	2504	1147	788	848	942	799	1422	832	1000	371	1408	422	349	1268	1400	257	1523	2186	1292	469	2047	1418	619	2070	909	586
A132T	12904	8811	8274	7943	3336	2572	3282	3203	3217	4366	3693	3028	1666	4577	2650	2845	4251	4679	1735	5050	6307	6059	2168	7093	6289	2508	6986	6361	2391
A132W	0	0	0	0	0	0	0	0	0	0	0	0	0	0	0	0	0	0	0	0	0	0	0	0	0	0	0	0	0
A132Y	1	1	2	2	0	0	0	0	0	0	0	0	0	0	0	0	0	0	0	1	1	0	0	0	0	0	0	0	0
A132V	12336	8615	8485	8069	2473	2033	2089	2727	1986	2927	2274	1583	972	4170	967	801	3954	4416	769	4731	6014	4629	1091	6629	4756	1467	6422	3598	1438
A132X	2	0	0	0	0	0	0	0	0	12	0	0	0	0	0	0	0	2	0	0	2	0	0	0	0	0	2	0	0
A132B	0	0	0	0	0	0	0	0	0	0	0	0	0	0	0	0	0	0	0	0	0	0	0	0	0	0	0	0	0
R133A	0	0	0	0	1	0	0	0	0	0	0	0	0	0	1	1	0	0	0	0	0	0	0	0	0	0	0	0	0
R133R	3821596	2664011	2755074	2480318	2702519	2175233	3021607	2550660	2721110	2985512	2620602	1839474	1376772	1438028	1609472	1386339	1325063	1459218	1170669	1685036	1981418	1882898	1597668	2188708	1734661	2033647	1987710	1476583	1745239
R133N	4	0	4	0	0	0	4	1	0	0	0	0	0	0	0	0	0	0	0	3	1	0	0	4	0	0	2	0	1
R133D	0	0	0	0	0	0	0	0	0	0	0	0	0	0	0	0	0	0	0	0	0	0	0	0	0	0	0	0	0
R133C	12	12	4	14	1	0	5	1	0	0	17	6	0	6	0	2	6	7	0	10	15	1	0	7	2	1	11	0	0
R133E	71	41	42	41	8	9	6	12	29	0	15	17	0	12	2	3	15	16	1	13	22	38	4	19	10	19	16	202	5
R133Q	0	0	0	0	3	1	5	0	0	0	0	0	0	1	0	1	1	1	0	0	0	0	1	2	0	1	3	0	0
R133G	22730	15919	15268	14476	4332	3835	3270	4218	4857	8031	3915	3402	1947	8469	1738	1608	7671	8176	1430	9030	11693	9342	1522	12571	9592	2162	12686	9623	3132
R133H	0	0	0	0	0	0	0	0	0	0	0	0	0	0	0	0	0	0	0	0	0	0	0	0	0	0	0	0	0
R133I	3330	2311	2354	1834	490	430	630	762	1061	1732	1465	1102	367	1252	333	225	1099	1374	314	1352	1486	3121	243	1635	1498	320	1673	1345	401
R133L	36	25	21	5	0	1	2	2	1	0	1	1	0	20	2	0	5	19	1	17	3	19	1	9	6	1	12	4	0
R133K	4956	3322	3176	2921	1196	894	1107	1540	1174	1589	1874	2331	595	1728	553	540	1570	1811	600	1739	2119	2343	345	2447	2151	528	2570	3432	820
R133M	3	1	2	1	0	0	1	0	1	0	0	0	0	1	0	0	1	1	0	2	0	1	0	1	1	0	1	0	0
R133F	0	0	0	0	0	0	0	0	0	0	0	0	0	0	0	0	0	0	0	0	0	0	0	0	0	0	0	0	0
R133P	0	0	0	0	0	0	0	0	0	0	1	0	0	0	0	0	0	0	0	0	0	0	0	0	0	0	0	0	0
R133S	5397	3726	3574	3401	1272	954	839	1169	1173	1639	672	846	556	1826	688	702	1779	1944	383	2035	2716	1651	600	2772	2147	740	2560	1864	751
R133T	279	175	230	207	94	68	75	69	15	63	32	109	21	126	38	38	107	111	22	144	161	82	29	168	134	37	134	14	29
R133W	60	30	37	22	0	6	1	4	1	4	2	0	6	16	1	4	8	24	0	25	17	9	0	10	3	4	27	0	1
R133Y	0	0	0	0	0	0	0	0	0	0	0	0	0	0	0	0	0	0	0	0	0	0	0	0	0	0	0	0	0
R133V	7	2	7	2	1	0	0	0	0	0	0	3	0	4	0	1	5	0	0	4	0	0	0	4	3	2	6	1	0
R133X	77845	54067	50776	48683	5184	4725	4417	10068	8821	12343	10438	10240	3805	30197	2792	2252	23884	29290	2686	25924	36937	31605	1405	36455	9669	2327	40679	13143	4145
R133B	0	0	0	0	0	0	0	0	0	0	0	0	0	0	0	0	0	0	0	0	0	0	0	0	0	0	0	0	0
F134A	1	0	0	0	0	0	0	0	0	0	0	0	0	0	0	0	0	0	0	0	0	1	0	0	0	0	0	0	0
F134R	7	5	3	0	0	0	0	0	0	0	0	0	0	1	0	0	1	0	1	3	3	12	0	4	0	0	3	0	0
F134N	0	2	0	1	0	0	1	0	0	1	0	2	0	0	0	0	0	1	0	0	1	0	0	0	0	0	0	0	0
F134D	0	0	0	1	0	0	0	0	0	0	0	0	0	0	0	0	0	0	0	0	0	0	0	0	0	0	0	0	0
F134C	697	466	477	504	225	131	110	144	87	133	46	69	35	230	67	58	224	236	45	295	372	362	55	370	157	110	305	68	91
F134E	0	0	0	0	0	0	0	0	0	0	0	0	1	0	0	0	0	0	0	0	0	0	0	0	0	0	0	0	0
F134Q	0	0	1	0	0	0	0	0	0	0	0	0	0	0	0	0	0	0	0	0	0	0	0	0	0	0	0	0	0
F134G	0	0	0	0	0	0	0	0	0	0	0	0	0	0	0	0	0	0	0	0	0	0	0	0	0	0	0	0	0
F134H	26	29	32	23	1	3	10	2	9	0	0	2	2	9	0	3	17	11	0	6	23	13	3	22	0	2	17	0	1
F134I	5592	3804	3923	3597	1025	898	812	1237	1240	1775	1611	1035	474	2075	394	410	1871	2197	401	2238	2720	3676	403	2956	1188	607	3123	2228	775
F134L	17020	11719	11306	10575	3663	3190	3150	3780	3302	4566	2894	3228	1455	6027	1569	1508	5416	6214	1429	6577	8628	8660	1535	9103	6366	2277	8953	4053	2530
F134K	0	0	0	0	0	0	0	0	0	0	0	0	0	0	0	0	0	0	0	0	0	0	0	0	0	0	0	0	0
F134M	0	0	0	0	0	0	0	0	0	0	0	0	0	0	0	0	0	0	0	0	0	0	0	0	0	0	0	0	0
F134F	3890093	2712112	2799367	2522433	2704257	2176716	3023538	2558086	2727699	2995995	2630096	1848726	1379960	1465332	1611222	1387329	1346099	1484764	1172407	1707070	2013294	1905656	1597351	2219948	1742372	2033381	2023451	1491352	1747079
F134P	22	28	21	28	0	5	1	5	0	1	0	6	1	17	1	4	11	22	1	18	23	0	2	30	0	1	13	0	0
F134S	11983	7875	7919	7504	3029	2717	2348	2795	3142	3771	2341	2707	1129	4078	1288	1323	3848	4447	1003	4661	6153	5372	1374	6409	6838	1856	6356	4140	2251
F134T	9	5	6	4	2	1	4	3	0	24	2	0	0	2	0	0	1	1	1	3	2	0	1	8	0	1	2	0	0
F134W	0	0	0	0	0	0	0	0	0	0	0	0	0	0	0	0	0	0	0	0	0	0	0	0	0	0	0	0	0
F134Y	10188	7111	7018	6801	2668	2179	1802	2225	2663	4363	1942	1679	889	3635	973	966	3476	3831	704	4129	4902	6993	991	5543	2681	1384	5502	4260	1538
F134V	644	456	453	449	231	316	191	226	92	283	102	77	123	257	103	112	240	248	114	314	459	338	90	404	267	160	353	104	258
F134X	42	29	43	5	0	0	2	3	9	0	0	0	0	23	3	3	10	19	0	20	8	27	13	15	8	10	12	6	1
F134B	2	1	0	0	0	0	0	0	0	1	0	0	0	0	0	0	0	1	0	0	0	0	0	0	0	0	0	0	0
I135A	89	54	61	62	16	10	31	29	2	0	12	4	5	33	9	2	31	42	0	31	51	99	12	63	11	10	32	23	7
I135R	2	3	1	0	0	0	1	1	1	0	0	1	0	2	1	0	0	2	1	3	2	4	0	5	2	0	3	0	0
I135N	13009	8838	8761	8047	2278	2025	1767	2559	2756	3968	1972	2214	980	4922	1110	1027	4437	4787	864	5275	6523	4675	928	7334	5090	1378	7424	6008	1708
I135D	44	37	24	31	0	15	4	8	0	1	12	6	1	9	2	3	25	13	1	19	18	0	5	21	4	6	35	0	3
I135C	0	0	0	0	0	0	0	0	0	0	0	0	0	1	0	0	1	0	0	0	0	0	1	2	0	0	0	0	0
I135E	0	0	0	0	0	0	0	0	0	0	0	0	0	0	0	0	0	0	0	0	0	0	0	0	0	0	0	0	0
I135Q	0	0	0	0	0	0	0	0	0	0	0	0	1	0	0	0	0	0	0	0	0	0	0	0	0	0	0	0	0
I135G	17	10	6	5	0	1	1	0	1	1	0	1	2	9	0	1	4	6	0	1	8	1	0	5	0	5	8	0	3
I135H	0	0	1	0	0	0	0	0	0	0	0	0	0	1	0	0	1	0	0	0	0	0	0	0	0	0	0	0	0
I135I	3876987	2702842	2790111	2514212	2700998	2173894	3020653	2555166	2722563	2991237	2628106	1846905	1377962	1459805	1609348	1386359	1341612	1479746	1171053	1701572	2005805	1910274	1596399	2211248	1739541	2031714	2014801	1486958	1744791
I135L	1086	708	702	695	232	145	167	213	124	182	145	88	112	395	92	83	349	384	44	424	661	207	127	584	176	127	606	208	160
I135K	39	27	23	5	0	5	3	0	7	0	0	0	0	10	0	1	7	13	0	12	6	19	0	15	19	7	8	11	0
I135M	325	164	175	186	66	43	62	73	32	71	29	35	16	91	41	19	85	108	22	112	137	108	25	179	31	44	148	40	18
I135F	8011	5527	5592	5160	1681	1374	1378	1737	2412	1930	1118	1368	657	2934	695	543	2692	2931	472	3315	4343	3020	715	4518	2606	1065	4344	2774	1110
I135P	12	2	1	1	0	0	2	0	0	0	0	0	0	0	0	0	2	1	0	2	3	0	0	2	0	0	1	0	0
I135S	1162	859	808	779	358	219	172	266	265	292	336	158	124	439	120	79	398	439	126	480	569	1114	75	735	281	155	671	360	179
I135T	15113	10487	10214	9138	4996	4661	3527	3658	4955	6360	3318	3092	1937	5316	2023	1645	5025	5691	1811	6027	7739	4793	1687	8630	5936	2712	8494	5051	3384
I135W	0	0	0	0	0	0	0	0	0	0	0	0	0	0	0	0	0	0	0	0	0	0	0	0	0	0	0	0	0
I135Y	95	86	49	29	0	10	3	5	1	57	1	9	3	34	0	3	21	34	8	23	17	1	6	67	10	4	57	0	5
I135V	20335	13998	14040	13575	4476	3754	4198	4791	5124	6814	3985	3650	2269	7685	2179	1951	6524	7795	1704	8038	10706	6795	1838	11404	6170	2562	11458	4778	3156
I135X	0	0	0	0	0	0	0	0	0	0	0	0	0	0	0	0	0	0	0	0	0	0	0	0	0	0	0	0	0
I135B	0	0	0	0	0	0	0	0	0	0	0	0	0	0	0	0	0	0	0	0	0	0	0	0	0	0	0	0	0
I136A	96	69	71	52	6	5	1	6	0	17	10	4	2	36	1	2	43	23	0	32	39	1	2	57	28	5	36	3	28
I136R	4	3	1	1	0	0	0	0	0	0	0	0	0	0	0	0	0	0	0	1	0	4	0	1	3	0	0	4	0
I136N	13349	9004	8730	8211	857	808	611	1457	1149	2548	2320	1376	464	4828	423	313	4381	4940	325	5139	6899	7578	357	7075	4993	438	7128	8414	677
I136D	75	53	63	50	6	9	5	4	82	215	0	1	6	37	5	0	29	37	17	33	52	193	4	41	40	7	41	0	4
I136C	10	10	13	12	0	1	0	3	0	0	0	0	0	4	0	1	4	5	0	8	5	0	1	4	0	0	13	0	0
I136E	0	0	0	0	0	0	0	0	0	0	0	0	0	0	0	0	0	0	0	0	0	0	0	0	0	0	0	0	0
I136Q	0	0	0	0	0	0	0	0	0	0	0	0	0	0	0	0	0	0	0	0	0	0	0	0	0	0	0	0	0
I136G	7	1	1	7	0	0	1	1	0	0	0	1	0	0	0	0	4	1	0	0	2	0	0	3	0	0	1	0	0
I136H	2	0	0	2	0	0	0	0	0	0	0	0	0	0	0	0	2	0	0	0	1	0	0	0	0	0	0	1	0
I136I	3863261	2693845	2782078	2506779	2706249	2178227	3025051	2557243	2725361	2991321	2625014	1845137	1379818	1455388	1611416	1388100	1337128	1475259	1172577	1697193	2000630	1893274	1598319	2205494	1729284	2035129	2009093	1471466	1748408
I136L	1538	1064	1161	975	265	148	218	253	167	322	2004	144	98	569	98	96	555	594	50	621	827	959	92	803	1514	141	807	954	183
I136K	27	31	13	7	0	0	2	1	1	0	0	0	0	17	1	1	9	16	0	25	11	16	1	16	9	5	7	13	0
I136M	363	228	264	273	45	50	64	72	49	58	117	44	28	171	21	27	131	151	23	139	206	203	32	231	149	36	166	161	62
I136F	11694	8086	7818	7546	806	817	612	1340	1507	1932	797	1402	319	4267	431	306	3851	4325	300	4584	5986	5075	362	6415	4244	498	6116	3318	720
I136P	8	1	8	3	3	0	0	2	10	0	0	0	0	3	0	0	1	4	1	1	2	0	0	2	0	1	3	0	0
I136S	1084	766	797	740	57	84	52	138	68	551	84	565	32	433	15	23	340	390	26	490	659	1851	40	646	564	49	642	493	46
I136T	24236	16830	16254	14454	2658	2432	2112	3661	3862	7012	5358	5124	1509	8797	1318	1152	7832	8929	1261	9410	11292	10132	888	12969	11243	1174	13233	13794	1824
I136W	0	0	0	0	0	0	0	0	0	0	0	0	0	0	0	0	0	0	0	0	0	0	0	0	0	0	0	0	0
I136Y	51	26	22	25	1	0	2	2	0	0	0	22	3	14	0	1	23	13	1	15	12	0	0	22	12	0	25	0	1
I136V	20521	13625	13275	12788	4148	3575	3238	4323	5987	6937	3330	3711	1790	7122	1891	1694	6881	7305	1525	7643	9965	11824	1720	11033	7794	2306	10779	7590	2571
I136X	0	0	0	0	0	0	0	0	0	0	0	0	0	0	0	0	0	0	0	0	0	0	0	0	0	0	0	0	0
I136B	0	0	0	0	0	0	0	0	0	0	0	0	0	0	0	0	0	0	0	0	0	0	0	0	0	0	0	0	0
N137A	1	1	0	0	0	0	0	0	0	0	0	0	0	0	0	0	0	0	0	0	0	0	0	0	0	0	0	0	0
N137R	24	17	20	27	2	0	9	7	0	0	13	2	0	13	1	1	14	17	2	18	21	0	1	27	18	1	12	0	0
N137N	3872160	2699753	2788080	2512353	2707013	2179078	3024555	2557106	2727590	2996717	2628359	1844720	1379902	1458850	1611595	1387954	1340479	1478590	1172669	1700254	2006021	1900714	1598972	2210310	1734746	2035690	2014032	1476487	1748797
N137D	19339	13404	12713	12100	3552	3097	3461	4327	5257	5097	5368	5365	1784	6746	1797	1687	6293	6948	1519	7389	9177	9272	1282	10415	10808	1902	10120	11829	2302
N137C	50	15	36	14	2	0	0	1	0	35	0	3	2	13	0	0	12	14	0	17	19	1	2	17	24	0	24	1	1
N137E	21	17	27	16	2	3	2	2	74	0	0	4	2	12	5	0	15	7	0	17	11	1199	0	10	3	0	18	6	1
N137Q	1	1	5	6	0	0	0	0	0	0	0	0	0	1	1	0	2	0	0	6	6	0	0	1	0	1	3	0	1
N137G	43	52	65	35	2	2	0	6	0	46	1	9	0	26	0	4	13	24	1	26	30	17	0	33	2	2	39	3	3
N137H	1617	1158	1048	1005	148	104	99	188	181	295	72	124	72	534	63	44	518	572	47	629	781	359	41	877	600	101	835	349	91
N137I	4511	3094	3079	2981	345	347	278	510	359	741	433	414	101	1530	149	89	1407	1637	93	1875	2320	1443	146	2476	1392	195	2345	1681	294
N137L	0	0	0	0	0	0	0	0	0	0	0	0	0	1	0	0	0	0	0	0	0	0	0	0	0	0	0	0	0
N137K	6455	4469	4286	3979	505	534	431	729	567	1585	623	740	211	2402	227	199	2117	2380	142	2695	3335	3230	260	3724	1282	279	3774	2368	454
N137M	0	0	1	0	0	0	0	0	0	0	0	0	0	0	0	0	0	0	0	0	0	0	0	0	0	0	0	0	0
N137F	19	9	5	10	1	2	0	1	0	0	0	2	0	0	0	1	4	2	0	3	4	0	0	4	0	0	5	0	0
N137P	0	0	0	0	0	0	0	0	0	0	0	0	0	0	0	0	0	0	0	0	0	0	0	0	0	0	0	0	0
N137S	16663	11262	11056	10045	1786	1581	1484	2559	2625	3835	1959	2284	1053	5893	890	899	5447	6131	830	6590	8093	9060	692	9106	5036	889	8633	8516	1260
N137T	894	609	625	553	78	77	53	119	34	112	34	173	29	279	26	20	257	332	26	306	390	146	29	482	231	38	444	307	68
N137W	0	0	0	0	0	0	0	0	0	0	0	0	0	0	0	0	0	0	0	0	0	0	0	0	0	0	0	0	0
N137Y	14488	9741	9483	8761	1663	1330	1594	2948	1556	2450	2172	3688	912	5357	864	816	4613	5311	777	5489	6350	5631	393	7289	5735	691	7777	4664	1247
N137V	4	4	6	5	0	0	1	0	0	0	0	1	0	6	0	0	4	0	0	0	1	0	0	4	0	0	0	0	0
N137X	33	34	33	34	2	1	2	2	0	0	0	2	1	17	2	2	15	23	0	14	24	38	0	33	0	0	23	0	5
N137B	3	2	1	1	0	0	0	1	0	0	0	0	0	6	0	0	4	4	0	6	5	0	0	4	0	0	6	0	0
D138A	1178	801	676	640	177	130	77	151	130	77	45	113	56	402	56	44	316	414	54	362	516	523	60	602	190	110	587	112	103
D138R	0	0	0	0	0	0	0	0	0	0	0	0	0	0	0	0	0	0	0	0	0	0	0	1	0	0	0	0	0
D138N	5164	3441	3303	3090	1119	935	1009	1303	1032	1417	2571	1172	459	1891	859	932	1609	1926	488	1911	2431	1501	693	2659	1191	978	2617	1306	700
D138D	3899539	2718538	2806436	2529657	2707861	2179919	3025285	2559684	2729526	3000216	2627149	1845879	1379847	1468458	1611397	1387832	1349515	1488195	1172430	1711495	2020025	1914946	1598876	2225623	1731722	2035245	2028728	1491366	1749393
D138C	3	4	3	1	0	0	2	1	2	1	0	0	0	3	1	0	1	3	0	4	0	2	0	2	6	1	2	1	0
D138E	2838	1980	1913	1572	606	540	543	682	691	699	544	382	195	994	288	245	913	1017	176	1105	1219	714	352	1408	538	512	1396	654	449
D138Q	0	0	0	0	0	0	0	0	0	0	0	0	0	0	0	0	0	0	0	0	0	0	0	0	0	0	0	0	0
D138G	14805	10311	9882	9277	3261	2988	3230	4038	4779	5652	4815	5653	1973	5272	1996	1768	4748	5632	1777	5617	6623	8535	1268	7887	22484	1907	7955	8321	2408
D138H	116	54	79	60	35	22	25	34	19	19	20	38	12	34	9	3	31	40	11	51	45	62	10	56	15	12	55	4	18
D138I	8	1	1	7	0	0	0	0	0	1	0	0	0	2	0	1	1	3	0	9	4	0	0	3	0	0	5	0	1
D138L	0	0	0	0	0	0	0	0	0	0	0	0	0	0	0	0	0	0	0	1	0	0	0	0	0	0	0	0	0
D138K	1	1	0	2	0	0	0	0	0	0	1	1	0	0	0	0	0	0	0	1	2	0	0	1	0	0	0	1	0
D138M	0	0	0	0	0	0	0	0	0	0	0	0	0	0	0	0	0	0	0	0	0	0	0	0	0	0	0	0	0
D138F	32	20	32	3	0	1	2	2	0	13	0	0	0	19	2	1	5	22	4	15	5	18	0	12	8	0	15	8	3
D138P	0	0	0	0	0	0	0	0	0	0	0	0	0	0	0	0	0	0	0	0	0	0	0	0	0	0	0	0	0
D138S	12	2	6	6	1	3	3	5	0	11	0	0	0	2	0	1	2	6	3	5	2	1	0	8	0	1	3	0	0
D138T	14	2	3	2	0	0	1	0	0	0	0	0	0	3	1	0	3	2	0	0	0	0	0	3	0	0	5	0	0
D138W	0	0	0	0	0	0	0	0	0	0	0	0	0	0	0	0	0	0	0	0	0	0	0	0	0	0	0	0	0
D138Y	1125	840	883	577	294	195	323	356	283	174	173	224	74	467	140	99	378	488	89	500	397	253	165	548	355	244	528	217	159
D138V	11491	7646	7349	7030	1747	1423	1469	2250	1781	2633	3716	4069	1453	4139	871	790	3692	4244	1074	4256	5318	4554	394	5998	3368	779	6194	4221	1290
D138X	0	1	3	1	0	0	0	0	0	0	0	0	0	0	0	0	0	0	0	2	1	1	0	1	0	0	0	0	0
D138B	0	0	0	0	0	0	0	0	0	0	0	0	0	0	0	0	0	0	0	0	0	0	0	0	0	0	0	0	0
W139A	0	0	0	0	0	0	0	0	0	0	0	0	0	0	0	0	0	0	0	0	0	0	0	0	0	0	0	0	0
W139R	38174	26765	25718	23646	4935	4333	4487	5783	5465	9311	6493	5396	2169	14214	2627	1955	12530	13988	1861	15132	19079	19644	1719	20464	14452	2269	20803	15420	3146
W139N	0	0	0	0	0	0	0	0	0	0	0	0	0	0	0	0	0	0	0	0	0	0	0	0	0	0	0	0	0
W139D	0	0	0	0	0	0	0	0	0	0	0	0	0	0	0	0	0	0	0	0	0	0	0	0	0	0	0	0	0
W139C	13856	9599	9548	9343	2802	2215	2148	2875	3005	4939	2316	2832	1470	5171	1367	1007	4714	4984	1055	5556	6945	6507	861	7247	4477	1350	7034	5077	1784
W139E	5	5	6	4	0	0	0	0	0	0	0	1	0	2	0	1	2	1	0	2	4	0	0	3	0	0	4	0	0
W139Q	39	20	19	20	2	7	6	7	1	2	2	3	0	8	2	2	21	11	1	22	8	12	2	22	12	0	11	1	0
W139G	2224	1559	1601	1469	168	190	99	259	230	370	413	239	71	825	83	48	801	841	43	936	1260	430	71	1231	1351	103	1300	1055	122
W139H	1	0	0	0	0	0	0	0	0	0	0	0	0	0	0	0	0	0	1	1	0	0	0	1	0	0	0	0	0
W139I	0	0	0	0	0	0	0	0	0	0	0	0	0	0	0	0	0	0	0	0	0	0	0	0	0	0	0	0	0
W139L	4313	3246	3317	2944	1054	900	808	940	907	1255	560	542	320	1658	397	366	1587	1941	298	2321	2119	814	381	2571	1307	584	2358	1066	546
W139K	29	27	40	26	0	3	1	2	0	0	2	0	0	15	3	3	10	15	1	14	13	0	1	22	3	1	11	12	3
W139M	33	22	34	21	4	2	2	8	0	38	0	25	0	15	0	4	12	10	0	21	9	0	2	31	13	4	17	47	3
W139F	70	48	65	2	1	0	2	7	13	2	0	0	0	23	4	5	15	33	3	38	8	32	8	42	36	8	17	26	0
W139P	4	1	2	0	0	0	0	0	0	0	0	0	0	1	0	0	0	1	0	0	2	0	0	4	0	0	3	1	0
W139S	1272	963	891	794	212	219	164	265	215	416	225	138	72	446	92	53	409	455	85	537	634	159	71	687	335	114	696	394	148
W139T	4	2	1	3	0	2	0	1	0	0	0	0	0	2	0	0	2	0	0	4	0	0	0	2	1	0	1	0	0
W139W	3831200	2669939	2758800	2484317	2699872	2172765	3020162	2551534	2720258	2984926	2624893	1842568	1377042	1441798	1608744	1386440	1326605	1462969	1170639	1683935	1978160	1884550	1596599	2190058	1728533	2033214	1990294	1471309	1744316
W139Y	49	43	30	9	17	8	8	15	40	3	0	8	10	19	8	12	5	15	7	24	8	11	10	26	86	13	15	18	3
W139V	0	5	3	5	0	1	1	0	0	0	0	0	1	0	0	0	1	1	0	5	7	0	0	5	0	1	4	0	0
W139X	27792	19297	18864	18321	2453	2249	1884	3638	3986	4314	1713	2490	1289	10781	1000	888	8733	10364	939	9932	16716	10927	813	13650	3237	923	15743	4009	1710
W139B	17261	12101	11630	11001	3581	3262	2197	3172	4123	5337	2417	3289	1625	6708	1293	932	5767	6363	1173	6854	11616	8024	1280	8746	6034	1205	9779	7776	2743
V140A	25813	18449	16640	15166	5277	4425	4010	5446	6856	8261	4852	4753	2439	9037	2554	2365	8470	9640	2196	9835	11714	8365	2259	13603	8831	2917	14036	13695	3615
V140R	1	0	0	0	0	0	0	0	0	0	0	0	0	0	0	0	0	0	0	1	0	0	0	1	0	0	0	0	0
V140N	0	0	0	0	0	0	0	0	0	0	0	0	0	0	0	0	0	0	0	0	0	0	0	0	0	0	0	0	0
V140D	2	7	1	0	0	0	0	1	0	0	0	0	0	1	0	0	1	2	0	1	1	0	0	0	0	0	1	1	0
V140C	0	0	0	0	0	0	0	0	0	0	0	0	0	0	0	0	0	0	0	0	0	0	0	0	0	0	0	0	0
V140E	11805	8061	7714	7436	1022	915	752	1488	1640	2626	1271	1478	550	4312	548	416	3966	4690	410	4848	6043	3955	345	6330	4039	527	6500	6406	789
V140Q	1	0	0	0	0	0	0	0	0	0	0	0	0	0	0	0	1	1	0	2	0	0	0	0	0	0	0	0	0
V140G	2096	1457	1386	1267	233	236	172	298	252	440	212	226	109	756	127	98	672	903	64	851	1099	1577	130	1105	284	128	1142	777	156
V140H	0	0	0	0	0	0	0	0	0	0	0	0	0	0	0	0	0	0	0	0	0	0	0	0	0	0	0	0	0
V140I	67	38	38	39	8	13	5	15	1	0	3	29	6	23	6	5	18	28	0	20	12	1	3	25	2	5	24	0	8
V140L	2195	1399	1493	1298	320	246	333	458	674	540	401	513	143	727	136	112	611	788	111	852	863	813	135	1050	504	232	1000	776	192
V140K	36	13	16	17	2	2	2	5	0	0	0	0	0	6	0	2	12	15	0	11	7	21	1	21	5	0	21	0	0
V140M	9492	6648	6781	6207	1864	1727	1326	1949	2170	3137	1628	1519	768	3468	756	636	3121	3701	626	3757	5005	4892	593	5218	3079	966	5267	3180	1338
V140F	0	0	0	0	0	0	0	0	0	0	0	0	0	0	0	0	1	1	0	0	0	0	0	1	0	0	1	0	0
V140P	1	0	0	1	0	0	0	0	0	0	0	0	0	2	0	1	0	1	0	0	2	0	0	0	0	0	1	0	0
V140S	15	11	15	5	4	1	1	2	7	1	1	1	1	16	0	0	2	10	3	8	1	7	2	9	10	7	11	10	0
V140T	41	20	18	20	4	2	3	3	1	0	0	4	2	20	3	2	11	10	1	18	8	1	0	13	2	4	9	16	0
V140W	2	0	1	0	1	0	0	0	0	0	0	0	0	0	0	0	0	0	0	0	1	1	0	0	0	0	0	0	0
V140Y	0	0	0	0	0	0	0	0	0	0	0	0	0	0	0	0	0	0	0	0	0	0	0	0	0	0	0	0	0
V140V	3884754	2707537	2796466	2520468	2706366	2178589	3025365	2558841	2726642	2995908	2630666	1849008	1380051	1463318	1611490	1388079	1344328	1482201	1172695	1705127	2011832	1911475	1598350	2217435	1743121	2035003	2020076	1481349	1748426
V140X	0	0	0	0	0	0	0	0	0	0	0	0	0	0	0	0	0	0	0	0	0	0	0	0	0	0	0	0	0
V140B	5	2	0	1	0	0	0	0	0	0	0	0	0	0	0	0	0	1	0	3	0	2	0	1	0	0	1	1	0
K141A	16	8	10	8	1	1	2	1	0	0	0	16	4	9	0	0	3	2	0	2	9	0	1	4	6	2	14	0	0
K141R	21217	14873	13829	12722	6857	5896	5028	6571	7570	10198	6385	7697	3329	7760	2915	2531	7026	8115	3139	8458	9567	10951	2037	10932	7021	3227	11171	9826	4551
K141N	2835	2168	2145	1806	814	733	856	810	1060	765	737	750	281	1163	468	416	981	1292	287	1334	1404	989	467	1537	1052	661	1561	383	504
K141D	16	18	5	7	3	0	1	1	0	1	0	0	0	8	0	0	8	6	0	9	3	0	0	5	13	0	10	0	1
K141C	0	0	0	0	0	0	0	0	0	0	0	0	0	0	0	0	0	0	0	0	0	0	0	0	0	0	0	0	0
K141E	19003	13481	13550	12103	5269	4394	3747	4735	5107	7494	4496	3839	1909	7099	2188	2107	6435	7273	1709	7492	9827	7893	1973	10056	6926	2689	10040	7829	3181
K141Q	1247	875	888	874	412	268	205	268	290	185	148	193	91	460	123	82	433	460	95	523	838	440	110	648	258	170	680	820	227
K141G	51	40	50	45	6	9	8	14	2	21	1	4	2	17	4	1	41	15	3	30	23	16	4	36	30	2	27	6	0
K141H	2	2	2	0	0	0	0	0	0	0	0	0	0	0	0	0	0	0	0	0	0	0	0	0	0	0	0	0	0
K141I	34	19	31	20	2	1	0	3	5	5	2	17	0	18	0	0	9	16	3	17	13	20	6	21	6	1	28	86	7
K141L	20	8	12	12	8	4	1	5	0	0	0	0	1	5	0	3	6	7	0	11	16	1	6	8	0	3	6	1	0
K141K	3853971	2684612	2773383	2498904	2688318	2162713	3013838	2545701	2709525	2975754	2619217	1837270	1372468	1450656	1605454	1383008	1332830	1470616	1166086	1691541	1990078	1870747	1592324	2200774	1734729	2027764	2003350	1475773	1736696
K141M	16136	11661	11479	10344	3497	3280	2420	3282	4382	4391	3005	2620	1527	6123	1510	1334	5556	6079	1177	6794	8501	21904	1585	9013	4728	1917	8840	4704	2642
K141F	0	0	0	0	0	0	0	0	0	0	0	0	0	0	0	0	0	0	0	0	0	0	0	0	0	0	0	0	0
K141P	0	0	0	0	0	0	0	0	0	0	0	0	0	0	0	0	0	0	0	0	0	0	0	0	0	0	0	0	0
K141S	7	6	4	5	2	0	3	1	0	0	1	4	0	6	6	1	4	4	0	1	7	2	1	6	3	0	4	0	0
K141T	1301	910	932	803	316	329	245	263	381	570	384	167	150	521	163	178	485	517	106	530	691	213	135	719	504	192	717	280	209
K141W	31	24	20	26	21	20	7	6	0	5	7	16	4	20	6	5	16	16	10	18	21	6	12	25	2	9	17	0	16
K141Y	5	6	7	5	1	0	4	1	2	0	0	0	3	7	0	2	3	0	1	4	3	4	2	3	1	0	4	0	1
K141V	41	82	57	39	17	30	39	32	35	0	49	6	6	25	2	13	22	34	9	18	31	9	4	43	0	14	31	2	12
K141X	19	9	12	9	0	2	0	1	2	7	0	2	1	5	6	1	3	4	0	4	10	1	1	7	0	0	7	0	0
K141B	20374	14840	14153	14193	9557	8476	5565	6811	9882	11517	4602	4930	4293	7784	2775	2034	7353	7536	3481	8548	15546	17914	3150	10975	4598	3138	11583	6501	6477
T142A	13481	9211	8934	8310	3752	3199	2679	3265	4092	4984	1951	1873	1430	4766	1542	1237	4518	4972	1209	5183	6616	3278	1138	7322	2759	1705	7071	3486	2254
T142R	687	511	455	440	261	194	164	187	247	391	115	67	84	237	93	113	222	265	87	277	356	208	82	427	469	158	357	204	149
T142N	9	2	7	3	0	0	1	1	0	2	0	0	0	3	2	0	0	3	0	0	3	2	3	3	0	0	2	1	0
T142D	0	0	0	0	0	0	0	0	0	0	0	0	0	0	0	0	0	1	0	0	0	0	0	0	0	0	0	0	0
T142C	0	0	0	0	0	0	0	0	0	0	0	0	0	0	0	0	0	0	0	0	0	0	0	0	0	0	0	0	0
T142E	16	19	15	0	1	2	1	1	5	0	0	0	0	9	0	2	2	12	0	8	4	5	5	13	2	3	5	8	0
T142Q	0	0	0	0	0	0	0	0	0	0	0	0	0	0	0	0	0	1	0	0	1	0	0	0	0	0	0	0	0
T142G	1	0	0	0	0	0	1	0	1	0	0	0	0	1	1	0	0	0	0	0	0	0	0	0	0	0	0	0	0
T142H	0	0	0	0	0	0	0	0	0	0	0	0	0	0	0	0	0	0	0	0	0	0	0	0	0	0	0	0	0
T142I	8115	5576	5524	4912	4230	3145	3517	3259	8655	6305	3403	2656	2540	3100	1689	1405	2761	3155	2034	3194	3885	2872	706	4237	2128	1411	4327	5810	2690
T142L	7	1	4	1	1	3	5	2	1	0	0	0	1	0	0	1	2	0	0	0	3	0	2	0	0	0	4	1	5
T142K	930	733	692	483	197	151	258	297	295	161	96	230	66	333	126	87	254	325	76	397	310	270	142	445	210	306	357	100	102
T142M	55	37	37	22	7	1	0	6	2	1	0	22	0	20	2	0	19	27	0	12	20	1	1	32	0	1	19	1	5
T142F	0	0	0	0	0	0	0	0	0	0	0	0	0	0	0	0	0	0	0	0	0	0	0	0	0	0	0	0	0
T142P	1304	801	802	691	95	118	111	206	118	190	80	316	115	494	49	91	391	462	118	515	531	738	34	689	426	44	639	775	88
T142S	9375	6099	6055	5827	2988	2464	2143	2506	3096	3341	3011	1912	1247	3346	1286	1008	3031	3488	971	3546	4589	6425	874	4777	3408	1442	4907	6156	1816
T142T	3902304	2720616	2808021	2531220	2703564	2176875	3023088	2558773	2721731	2995537	2630377	1850454	1378584	1469366	1610828	1387771	1350000	1489257	1171610	1712190	2020245	1917309	1598829	2226846	1750473	2034717	2030380	1489668	1747407
T142W	0	0	0	0	0	0	0	0	0	0	0	0	0	0	0	0	0	0	0	0	0	0	0	0	0	0	0	0	0
T142Y	0	0	0	0	0	0	0	0	0	0	0	0	0	0	0	0	0	0	0	0	0	0	0	0	0	0	0	0	0
T142V	39	35	22	16	5	4	1	2	0	1	1	1	2	9	2	1	11	20	1	10	21	0	2	21	1	2	19	1	8
T142X	3	1	1	0	0	0	0	1	0	0	0	0	0	2	0	0	3	4	0	2	4	2	0	0	1	0	3	0	0
T142B	0	0	0	0	0	0	0	0	0	0	0	0	0	0	0	0	0	0	0	0	0	0	0	0	0	0	0	0	0
H143A	2	0	0	0	0	0	0	0	0	0	0	0	0	0	0	0	0	0	0	0	0	0	0	0	0	0	0	0	0
H143R	18565	12924	12891	12070	4781	4179	3703	4399	6808	7173	3670	3842	1782	6770	2105	1686	6388	7068	1377	7549	9494	7352	1753	10174	5930	2417	10164	4773	2959
H143N	1576	1200	1168	897	526	410	468	464	557	597	432	252	159	643	222	175	493	668	174	609	736	398	234	856	360	373	800	418	288
H143D	540	393	373	361	236	145	147	185	478	441	227	129	158	210	200	164	219	180	107	214	349	500	112	296	188	109	316	87	191
H143C	152	79	98	88	24	8	10	17	2	0	3	6	4	51	6	0	39	68	2	39	32	31	3	60	24	6	83	27	28
H143E	0	1	0	0	0	0	0	0	0	0	0	0	0	0	0	0	0	0	0	1	0	0	0	1	0	0	0	0	0
H143Q	3960	2602	2879	2360	1179	1021	942	995	2272	1683	701	597	404	1426	516	379	1248	1440	343	1478	1569	3103	365	1931	853	617	1943	837	711
H143G	15	6	11	4	1	1	1	0	0	0	0	0	0	1	0	0	0	1	0	1	2	1	0	9	1	0	1	0	0
H143H	3881181	2705581	2792543	2517030	2704549	2177059	3023477	2557479	2723256	2993474	2630901	1848021	1379472	1461442	1610727	1387544	1342903	1481462	1172624	1703505	2010131	1907454	1598015	2215474	1744946	2034206	2019417	1490203	1747655
H143I	9	2	3	1	2	4	1	0	0	0	0	0	0	4	0	0	2	2	0	4	6	0	0	5	0	0	2	2	0
H143L	17296	11717	11665	10885	1730	1503	1507	2590	2397	4329	1631	2114	1087	6342	845	793	5554	6361	672	6618	7981	6920	640	9220	3900	922	8642	4618	1186
H143K	3	5	1	0	1	0	0	0	5	0	1	1	0	1	2	1	1	3	0	2	1	1	3	2	1	1	0	1	0
H143M	0	0	0	0	0	0	0	0	0	0	0	0	0	0	0	0	0	0	0	0	0	0	0	0	0	0	0	0	0
H143F	31	20	24	25	3	1	3	0	9	0	0	1	1	6	0	1	9	13	0	15	10	1	3	16	0	1	16	0	2
H143P	2373	1632	1675	1624	189	164	189	301	83	279	224	184	94	893	106	103	850	856	74	1038	1345	593	89	1289	821	61	1272	1141	182
H143S	24	31	12	9	0	1	1	5	5	0	1	1	0	20	2	1	6	13	1	16	5	13	1	12	15	1	1	2	0
H143T	0	0	0	0	0	0	0	0	0	0	0	0	0	0	0	0	1	0	0	0	0	0	0	0	0	0	0	0	0
H143W	0	0	0	0	0	0	0	0	0	0	0	0	0	0	0	0	0	0	0	0	0	0	0	0	0	0	0	0	0
H143Y	10580	7434	7212	6562	1880	1660	1518	2070	2370	2937	1243	2383	908	3871	889	869	3495	3854	732	4239	4909	4742	600	5453	2838	1075	5428	4102	1319
H143V	0	0	1	0	0	0	0	0	0	0	0	0	0	0	0	0	0	0	0	1	7	0	0	0	0	0	0	0	0
H143X	16	14	11	7	0	0	2	1	1	0	0	0	0	6	0	0	3	2	0	5	11	1	0	14	0	0	3	0	1
H143B	3	1	2	2	0	0	0	0	0	0	0	0	0	0	0	0	3	1	0	0	0	0	0	0	0	0	2	0	2
T144A	17691	11808	11842	11334	2326	2008	2039	3282	3039	4669	6656	4632	1372	6324	1316	1044	5880	6581	1144	6810	8931	7829	658	9248	9406	1008	8662	15463	1431
T144R	772	516	529	491	61	63	40	94	66	59	50	49	8	244	21	18	253	245	21	301	392	144	16	364	102	26	368	220	47
T144N	3	2	2	4	0	0	1	0	1	2	1	0	0	2	1	1	0	1	0	2	0	1	0	2	1	0	0	6	0
T144D	0	0	0	0	0	0	0	0	0	0	0	0	0	0	0	0	0	0	0	0	0	0	0	0	0	0	0	0	0
T144C	0	0	0	0	0	0	0	0	0	0	0	0	0	0	0	0	0	0	0	0	0	0	0	0	0	0	0	0	0
T144E	47	29	28	10	1	3	3	5	5	0	3	1	0	25	0	1	7	23	2	17	6	18	2	15	29	1	12	23	1
T144Q	2	0	0	0	0	0	0	1	0	0	0	0	0	0	0	0	0	0	0	0	0	0	0	0	0	0	2	0	0
T144G	1	2	0	0	0	0	0	0	0	0	0	0	0	0	0	0	0	0	0	0	3	0	0	0	4	0	3	0	0
T144H	0	0	0	0	0	0	0	0	0	0	0	0	0	0	0	0	0	0	0	0	0	0	0	0	0	0	0	0	0
T144I	5584	3542	3783	3407	532	374	439	730	529	1067	1517	590	205	1890	172	163	1690	1840	170	2180	2490	1786	210	2829	1284	246	2652	922	325
T144L	0	1	2	3	0	0	1	0	0	22	0	0	0	2	0	2	1	1	0	6	2	0	0	1	0	0	2	1	0
T144K	542	431	462	314	124	110	148	187	365	71	83	81	32	206	66	42	175	203	39	265	185	149	102	262	222	162	235	89	41
T144M	21	6	11	16	0	1	1	2	0	0	0	0	2	14	0	2	6	7	6	11	10	0	1	12	0	0	7	1	0
T144F	0	0	0	0	0	0	0	0	0	0	0	0	0	0	0	0	0	0	0	0	0	0	0	0	0	0	0	0	0
T144P	1415	1031	1032	983	69	93	89	184	203	145	58	122	22	521	37	41	489	562	46	620	787	308	37	836	385	59	761	571	80
T144S	11467	8065	7908	7302	2509	2115	1865	2519	2759	3972	2502	1975	1056	4208	1069	1069	3831	4297	878	4676	5617	4468	895	6342	4081	1388	6050	2667	1586
T144T	3898746	2718182	2804946	2528048	2709473	2181385	3027339	2561495	2731275	3000905	2628161	1850080	1381372	1468237	1612938	1389332	1348871	1488230	1173800	1710431	2018157	1916387	1599897	2224885	1744363	2036899	2029321	1486248	1751013
T144W	0	0	0	0	0	0	0	0	0	0	0	0	0	0	0	0	0	0	0	0	0	0	0	0	0	0	0	0	0
T144Y	0	0	0	0	0	0	0	0	0	0	0	0	0	0	0	0	0	0	0	0	0	0	0	0	0	0	0	0	0
T144V	30	19	15	11	6	3	1	4	0	1	3	1	0	8	0	0	9	1	0	8	3	2	0	12	0	0	9	0	0
T144X	5	8	9	2	0	1	3	3	1	0	0	0	0	5	0	1	2	1	0	7	5	18	0	4	0	0	6	0	0
T144B	0	0	0	0	0	0	0	0	0	0	0	0	0	0	0	0	0	0	0	0	0	0	0	0	0	0	0	0	0
