rowname	Input	Input.1	Input.2	Input.3	uPA	uPA.1	uPA.2	uPA.3	FXIIa	FXIIa.1	FXIIa.2	FXIIa.3	uPA.4	Input.4	uPA.5	uPA.6	Input.5	Input.6	uPA.7	Input.7	Input.8	TMPRSS2	uPA.8	Input.9	TMPRSS2.1	uPA.9	Input.10	TMPRSS2.2	uPA.10
K145A	1	0	3	0	0	0	0	0	0	0	0	0	0	0	0	0	1	1	0	0	0	0	0	0	0	0	0	0	0
K145R	10705	9350	7971	6390	3108	2626	2597	2876	3673	6428	4531	7804	1827	4685	1446	1250	3288	4191	1331	4021	4393	5976	944	3749	3976	1596	6656	6815	3324
K145N	11775	10719	9414	7761	4249	3756	2914	3124	3636	6075	2926	5864	1597	5029	1732	1265	3587	4594	1115	4906	5636	3840	1516	4503	4022	2170	7537	3473	3699
K145D	21	29	34	19	5	6	3	4	0	1	0	1	1	7	0	5	6	11	0	13	8	32	2	6	1	0	15	9	3
K145C	0	0	0	0	0	0	0	0	0	0	0	0	0	0	0	0	0	0	0	0	0	0	0	0	0	0	0	0	0
K145E	15417	13701	11790	9524	2687	2348	2210	2670	3872	5614	3138	4995	1444	6606	1303	1063	4850	6041	902	6257	6877	6567	1093	5759	6671	1639	9733	9297	2313
K145Q	1273	1173	1066	852	383	264	298	285	322	722	318	514	294	621	169	186	397	490	143	596	835	1561	178	523	766	260	791	698	358
K145G	17	9	14	14	18	1	2	3	0	1	1	1	0	14	2	1	7	7	1	16	8	0	3	5	3	0	19	0	10
K145H	3	2	3	2	2	0	0	1	0	0	0	0	1	0	3	0	0	0	0	0	2	0	1	1	0	7	4	0	3
K145I	6048	5718	4883	4133	763	644	557	771	799	1837	1105	1125	305	2766	293	298	1871	2353	212	2660	2917	1957	312	2336	1740	387	3847	2380	696
K145L	15	6	6	4	0	0	0	1	4	3	0	0	1	7	0	1	2	4	1	1	5	7	2	3	0	1	5	0	0
K145K	3628524	3251084	2963503	2343977	2370236	1891068	2837918	2106701	2132840	3627288	2868729	3392642	1525289	1616892	1580318	1281253	1154157	1435304	1045199	1625358	1766370	1664842	1600001	1485621	1720856	2055237	2189137	1501513	2310444
K145M	10	10	9	16	16	2	11	2	0	0	0	3	1	2	1	1	0	3	1	7	8	0	3	2	0	4	2	0	3
K145F	0	0	0	0	0	0	0	0	0	0	0	0	0	0	0	0	0	0	0	0	0	0	0	0	0	0	0	0	0
K145P	0	0	0	0	0	0	0	0	0	0	0	0	0	0	0	0	0	0	0	0	0	0	0	0	0	0	0	0	0
K145S	25	21	12	19	3	2	1	5	10	2	1	11	2	23	2	2	9	9	0	7	9	0	2	18	11	7	25	4	3
K145T	1542	1354	1177	969	277	212	198	257	143	772	270	775	72	730	133	105	438	652	54	593	698	659	97	592	1026	149	949	299	318
K145W	0	0	0	0	0	0	0	0	0	0	0	0	0	0	0	0	0	0	0	0	0	0	0	0	0	0	0	0	0
K145Y	63	57	61	43	3	13	2	9	1	0	3	1	0	28	1	2	20	24	2	14	20	3	0	27	3	7	46	0	0
K145V	17	12	6	10	3	1	0	5	0	0	0	4	0	5	0	0	10	7	0	4	4	1	1	3	0	2	2	0	0
K145X	24535	22891	19074	15500	1537	1546	1234	2539	1994	5642	1661	4196	935	11549	735	481	7181	9879	577	9407	14827	13928	670	8574	4101	731	15990	3582	1565
K145B	27	20	17	13	2	8	0	7	0	0	2	8	2	13	0	1	13	12	1	6	19	1	3	8	0	2	13	0	3
G146A	1059	951	774	655	161	126	121	134	60	106	112	476	75	442	60	51	274	344	34	412	413	1345	64	405	800	94	673	898	118
G146R	239	247	175	164	67	53	167	89	83	365	343	52	101	125	74	109	76	89	30	135	159	38	56	101	83	74	160	161	120
G146N	6	10	8	10	0	6	4	3	1	0	5	1	1	2	0	1	4	13	0	0	0	0	2	8	8	6	7	0	3
G146D	6468	5783	4840	3965	1083	923	885	1203	1340	1987	1266	1985	590	2792	565	572	1863	2517	353	2623	2964	2202	499	2176	3348	650	4099	2562	1070
G146C	3309	2905	2655	1973	619	483	556	614	594	814	547	1460	228	1303	256	190	966	1223	165	1520	1327	1635	286	1150	819	506	1745	760	467
G146E	1	0	0	0	0	0	0	0	0	0	0	0	0	0	0	0	0	2	0	1	3	0	1	1	1	0	2	0	0
G146Q	0	0	0	0	0	0	0	0	0	0	0	0	0	0	0	0	0	0	0	0	0	0	0	0	0	0	0	0	0
G146G	3684065	3301662	3006437	2379305	2380555	1900183	2845232	2116233	2144347	3649333	2879549	3412469	1530376	1642164	1584841	1284670	1171112	1457449	1048715	1647274	1795512	1692444	1603479	1506084	1736351	2060251	2225053	1522114	2320142
G146H	0	2	0	0	0	0	0	0	0	0	0	0	0	0	0	0	0	0	0	1	0	0	0	0	0	0	0	0	0
G146I	10	11	5	0	1	0	0	0	2	0	0	0	0	5	0	0	2	6	0	1	0	2	2	1	5	1	2	3	1
G146L	1	2	3	0	0	0	1	0	0	0	0	0	0	0	0	0	1	0	0	2	0	0	0	0	1	0	2	0	0
G146K	0	0	0	0	0	0	0	0	0	0	0	0	0	0	0	0	0	0	0	0	0	0	0	0	0	0	0	0	0
G146M	0	0	0	0	0	0	0	0	0	0	0	0	0	0	0	0	0	0	0	0	0	0	0	0	0	0	0	0	0
G146F	13	15	9	2	0	0	2	2	1	0	0	1	0	7	0	0	5	1	0	4	1	3	1	3	7	1	8	2	0
G146P	0	0	0	0	0	0	0	0	0	0	0	0	0	0	1	0	0	0	0	0	0	0	0	0	0	0	0	0	0
G146S	3861	3582	3192	2515	592	549	596	649	647	1550	602	985	329	1721	267	249	1274	1529	166	1504	1873	1393	303	1462	1576	424	2456	1360	674
G146T	0	0	0	0	0	0	0	0	0	0	0	0	0	0	0	0	0	0	0	0	0	0	0	0	0	0	0	0	0
G146W	0	3	0	2	0	0	0	0	0	0	0	0	0	0	0	0	0	0	0	0	0	0	0	0	0	0	0	0	0
G146Y	15	11	12	1	0	0	3	1	0	0	0	0	1	7	1	0	6	6	0	3	2	2	1	3	10	1	7	4	0
G146V	967	968	932	650	214	173	378	332	219	230	261	515	70	407	73	72	254	402	76	386	380	310	134	334	167	191	555	206	147
G146X	4	4	1	4	0	1	0	0	0	0	0	0	0	2	0	0	0	1	0	0	2	0	0	2	0	0	2	0	0
G146B	0	0	0	0	0	0	0	0	0	0	0	0	0	0	0	0	0	0	0	0	0	0	0	0	0	0	0	0	0
M147A	72	58	64	48	31	24	19	13	24	4	1	13	5	26	3	8	39	16	4	30	22	9	5	32	32	5	59	53	14
M147R	1463	1364	1120	911	333	330	230	262	359	585	208	567	153	699	134	137	435	574	116	565	644	1069	157	512	376	221	962	320	389
M147N	1	0	4	0	0	0	0	0	0	0	0	0	1	2	1	1	0	2	0	0	0	1	1	0	1	0	0	0	0
M147D	0	0	0	0	0	0	0	0	0	0	0	0	0	0	0	0	0	0	0	0	0	0	0	0	0	0	0	0	0
M147C	0	0	0	0	0	0	0	0	0	0	0	0	0	0	0	0	0	0	0	0	0	0	0	0	0	0	0	0	0
M147E	50	49	18	30	9	5	6	4	1	88	1	6	3	17	11	3	14	24	4	25	19	19	14	15	8	26	26	0	9
M147Q	0	0	0	0	0	0	0	0	0	0	0	4	0	0	0	2	0	0	0	1	0	0	1	1	0	0	0	0	0
M147G	4	2	3	2	0	0	0	1	0	0	0	0	0	0	0	3	1	6	0	2	0	0	0	0	13	0	5	0	0
M147H	0	0	0	0	0	0	0	0	0	0	0	0	0	0	0	0	0	0	0	0	0	0	0	0	0	0	0	0	0
M147I	6227	5881	5051	3935	1043	850	890	1024	901	2014	1118	1583	428	2782	431	381	1865	2495	297	2447	2471	1467	424	2272	1861	626	3715	1032	764
M147L	5656	4879	4253	3562	662	552	674	819	591	2379	1250	1590	380	2335	341	279	1630	2096	171	2250	2763	1817	373	2175	2441	564	3362	2860	714
M147K	8943	7500	6693	5466	2607	2013	2056	2159	2303	4217	2329	3857	1137	3630	1242	966	2604	3405	705	3650	4248	4297	1238	3303	3905	1692	5444	3036	2581
M147M	3649498	3271375	2980340	2356890	2372969	1893969	2839327	2109601	2137736	3633075	2872142	3401368	1526772	1627530	1581064	1281527	1160782	1443923	1046345	1633370	1777812	1679250	1599749	1492426	1725343	2055392	2203367	1509014	2313182
M147F	2	1	1	0	13	8	1	1	10	17	2	0	1	2	0	0	1	0	0	0	0	0	2	0	0	0	0	0	0
M147P	0	0	1	0	0	0	0	0	0	0	0	0	1	0	0	0	0	0	0	3	0	0	0	0	0	0	0	0	0
M147S	37	13	9	16	7	0	3	1	0	0	0	1	1	15	0	0	4	9	3	12	4	13	1	7	7	1	14	0	5
M147T	16381	14534	12608	10746	3896	3241	3325	3462	3587	9095	4147	5862	1995	6731	2059	1953	4894	6292	1341	6682	8680	6339	2114	6247	5015	2588	10546	7877	3639
M147W	0	0	0	0	0	1	0	0	0	0	0	0	0	1	0	0	0	2	0	3	0	0	0	0	0	0	1	0	0
M147Y	0	0	0	0	0	0	0	0	0	0	0	0	0	0	0	0	0	0	0	0	0	0	0	0	0	0	0	0	0
M147V	11662	10468	8863	7622	1718	1503	1413	1911	1782	2911	1487	3093	894	5195	852	652	3564	4730	551	4819	5960	5093	748	4733	4174	1084	7255	3878	1444
M147X	0	0	0	0	0	0	0	0	0	0	0	0	0	0	0	0	0	0	0	0	0	0	0	0	0	0	0	0	0
M147B	22	32	15	18	4	1	1	2	0	0	0	0	0	12	0	2	4	8	2	7	13	0	1	7	0	0	15	0	1
I148A	32	35	35	26	11	2	7	10	25	12	74	1	8	6	3	9	7	16	0	8	14	1	1	14	13	4	25	20	3
I148R	1	2	7	0	0	0	0	1	0	0	0	0	0	0	0	0	1	2	0	0	1	0	1	1	2	0	1	0	0
I148N	12496	11198	10241	8566	2690	2132	1969	2218	2953	4383	3266	3837	1181	5787	1239	1004	4072	5025	828	5497	7666	5701	1313	5202	5104	1589	8458	5860	2781
I148D	33	43	24	29	12	5	9	9	0	0	12	0	0	22	2	3	11	21	0	15	15	0	2	18	3	2	24	3	9
I148C	0	0	0	0	0	0	0	0	0	0	0	0	0	0	0	0	2	0	0	1	0	0	0	0	0	0	0	0	0
I148E	0	0	0	0	0	0	0	0	0	0	0	0	0	0	0	0	0	0	0	0	0	0	0	0	0	0	0	0	0
I148Q	0	0	0	0	0	0	0	0	0	0	0	0	0	0	0	0	0	0	0	0	0	0	0	0	0	0	0	0	0
I148G	1	0	0	2	0	0	0	0	0	1	1	0	0	1	0	0	3	2	0	0	4	17	0	0	1	0	1	0	0
I148H	2	0	1	0	0	0	0	1	0	0	0	0	0	0	0	0	0	0	0	0	0	0	0	0	0	0	0	0	0
I148I	3642242	3264189	2974336	2352086	2367204	1890076	2834052	2104929	2131084	3622151	2858325	3383624	1521109	1623555	1577917	1278795	1158179	1440870	1042588	1630330	1774275	1669855	1598975	1489442	1718480	2053179	2197258	1501507	2307447
I148L	783	703	604	495	115	77	303	119	60	209	174	180	95	383	81	93	263	316	46	275	417	194	108	300	169	135	484	166	125
I148K	36	36	39	2	0	0	1	2	4	0	0	1	7	22	3	1	8	18	2	14	11	4	7	14	11	4	24	18	1
I148M	804	722	600	467	174	129	121	136	139	363	203	184	109	336	60	76	247	211	36	319	364	171	76	298	275	97	519	193	150
I148F	12448	11510	9595	8266	2073	1719	1789	2083	1958	4479	3402	4352	1018	5501	907	650	3802	4905	737	5176	5842	4448	785	4790	5085	1207	8005	5722	2053
I148P	6	1	0	0	0	0	0	0	0	0	0	0	0	1	0	0	0	2	0	0	0	0	0	1	0	0	1	0	0
I148S	858	754	676	570	120	140	104	131	100	615	53	177	51	421	51	66	293	330	28	380	452	236	78	366	428	97	537	167	209
I148T	14444	12986	11150	9278	6413	4609	4597	4525	5789	11959	5554	8820	4091	6117	2869	2501	4373	5668	2792	5843	6983	6394	1720	5571	5943	3122	9192	5005	5415
I148W	0	0	0	0	0	0	0	0	0	0	0	0	0	0	0	0	0	0	0	0	0	0	0	0	0	0	0	0	0
I148Y	208	253	191	88	3	11	7	2	14	46	14	3	2	87	0	0	62	109	5	75	54	21	0	85	500	3	190	260	13
I148V	15624	13723	11544	9371	4477	3597	4986	5094	5168	10167	11607	16765	4100	6738	3006	2716	4514	6087	2477	5932	6538	12332	1762	5627	7161	2760	10052	9148	4536
I148X	0	1	0	0	0	0	0	0	0	0	0	0	0	0	0	0	0	0	0	1	0	0	0	1	1	0	0	1	0
I148B	0	0	0	0	0	0	0	0	0	0	0	0	0	0	0	0	0	0	0	0	0	0	0	0	0	0	0	0	0
S149A	7	10	9	5	1	1	2	0	0	0	0	0	0	1	0	0	1	0	0	3	5	0	0	1	103	0	0	0	0
S149R	4185	4094	3380	2663	772	610	707	828	775	1074	639	1336	300	1958	295	243	1246	1727	215	1719	1943	959	400	1551	1964	542	2768	1089	683
S149N	9677	8536	7702	6215	2167	1810	1826	1931	2345	3258	1611	3268	1071	4188	1118	876	2914	3671	610	3759	4559	3234	1036	3628	3493	1430	5887	4857	2135
S149D	52	52	35	38	9	8	5	6	2	0	0	14	3	12	4	4	14	12	2	19	25	9	4	24	9	7	39	49	8
S149C	13469	11934	10378	8289	2824	2242	2273	2493	3113	5175	3743	4896	1569	5838	1692	1399	3989	5051	1055	5205	6434	5276	1504	5104	5051	2039	8609	6355	2736
S149E	0	0	0	0	0	0	0	0	0	0	0	0	0	0	0	0	0	0	0	0	0	0	0	0	0	0	0	0	0
S149Q	0	0	0	0	0	0	0	0	0	0	0	0	0	0	0	0	0	0	0	0	0	0	0	0	0	0	0	0	0
S149G	18241	16047	14086	11465	4258	3439	3587	3654	4815	7028	4479	6501	1877	7849	1976	1590	5359	6962	1309	7247	8762	8333	1891	7069	7018	2805	11684	14257	3888
S149H	6	1	3	1	0	1	4	0	0	0	1	20	0	0	1	0	2	1	0	2	0	0	1	4	1	0	1	24	0
S149I	3016	2685	2288	1723	597	518	625	663	539	1590	718	1223	301	1293	377	273	923	1208	264	1319	1466	1860	345	1138	1118	547	1903	1168	663
S149L	7	1	5	0	0	0	1	0	0	0	0	0	0	3	0	0	0	0	0	1	0	0	0	5	3	1	0	0	0
S149K	0	2	3	1	0	0	0	0	0	0	0	0	0	2	1	1	0	0	0	0	0	0	0	0	0	0	0	1	0
S149M	0	0	0	0	0	0	0	0	0	0	0	0	0	0	0	0	0	0	0	0	0	0	0	0	0	0	1	0	0
S149F	4	4	3	0	0	0	0	2	1	0	0	0	0	3	0	0	4	1	1	3	0	0	1	2	2	2	3	3	0
S149P	0	0	0	0	0	0	0	0	0	0	0	0	0	0	0	0	0	0	0	0	0	0	0	0	0	0	0	0	0
S149S	3650760	3272273	2980681	2358416	2372568	1893751	2838750	2109537	2135642	3636011	2871197	3400490	1526593	1627612	1580614	1281483	1161245	1444759	1046055	1634328	1779183	1679468	1599559	1492984	1724129	2054724	2203528	1500029	2312484
S149T	548	467	441	406	94	112	158	143	61	249	295	195	56	200	54	42	133	177	27	244	245	229	85	192	268	102	326	221	143
S149W	14	4	2	3	0	0	0	0	0	0	0	0	1	7	0	0	1	0	0	1	0	0	0	4	2	0	5	0	0
S149Y	15	24	14	7	0	0	1	0	0	0	1	1	0	4	0	1	2	3	0	4	9	1	0	6	13	0	6	16	0
S149V	7	14	9	6	2	2	6	3	0	0	0	0	0	4	6	2	0	5	0	5	0	1	1	11	2	0	4	1	2
S149X	10	8	4	8	0	3	0	0	1	0	1	0	0	3	0	0	4	5	1	7	5	4	1	7	0	0	7	0	0
S149B	0	0	0	0	0	0	0	0	0	0	0	0	0	0	0	0	0	0	0	0	0	0	0	0	0	0	0	0	0
N150A	0	0	0	0	0	0	0	0	0	0	0	0	0	0	0	0	0	0	0	0	0	0	0	0	0	0	0	0	0
N150R	10	14	13	1	8	0	2	4	10	70	0	2	0	9	1	0	3	7	0	9	3	6	2	11	7	7	7	24	4
N150N	3649943	3271703	2980843	2357994	2370963	1892793	2838108	2109281	2129133	3628361	2869467	3397999	1523963	1627513	1580203	1281052	1161295	1444573	1043566	1634190	1778467	1679169	1600651	1492664	1727213	2055604	2202432	1506815	2310544
N150D	14347	12560	10872	9002	4076	3337	2980	3104	4336	8297	4401	5859	1657	6116	1933	1373	4282	5345	1175	5612	7049	6376	1713	5515	6152	2648	9302	6855	3564
N150C	20	17	7	15	7	3	1	2	1	0	0	1	5	9	1	0	5	5	1	5	3	0	1	8	1	1	13	13	2
N150E	2	13	8	6	0	5	0	1	0	19	0	39	0	6	0	0	4	5	0	3	3	1	1	1	40	4	4	1	1
N150Q	1	2	2	0	0	0	1	0	0	0	0	0	0	0	0	0	1	0	0	1	0	0	0	0	0	0	0	0	0
N150G	27	15	14	22	44	12	5	17	1	5	3	19	5	16	9	7	6	12	3	12	17	5	8	4	8	11	25	2	4
N150H	892	780	617	667	141	117	154	121	96	398	98	177	46	363	73	64	225	381	61	379	440	214	72	329	149	108	550	363	149
N150I	9658	8611	7554	5960	1271	1076	1114	1557	1794	2855	1736	3961	792	4118	689	640	2724	3626	594	3764	4532	5422	527	3698	2578	765	6262	5414	1448
N150L	0	8	6	0	0	1	0	0	0	0	0	0	0	1	0	0	1	1	0	2	1	0	0	0	0	0	2	0	0
N150K	1048	1005	843	564	171	134	191	195	228	230	184	182	76	468	87	84	288	440	54	477	429	176	143	391	284	176	631	203	168
N150M	0	0	0	0	0	0	0	2	0	0	0	0	0	0	0	0	0	0	0	0	0	0	0	0	0	0	0	0	0
N150F	10	15	12	7	3	0	1	0	1	0	0	1	0	7	0	0	3	7	0	2	8	2	0	4	0	0	4	0	3
N150P	0	0	0	0	0	0	0	0	0	0	0	0	0	0	0	0	0	0	0	0	0	0	0	0	0	0	0	0	0
N150S	12777	11089	9715	8034	5288	3813	4212	3428	10301	11815	5645	7340	4474	5409	2486	2231	3679	4799	3650	5062	6265	5541	1127	4848	3243	2095	8134	4611	5505
N150T	977	807	699	580	154	147	101	110	138	230	69	237	64	364	68	35	283	340	46	362	549	156	58	362	578	80	646	552	156
N150W	0	0	0	0	0	0	0	0	0	0	0	0	0	0	0	0	0	0	0	0	0	0	0	0	0	0	0	0	0
N150Y	10277	9469	7816	6373	1163	1057	1075	1432	1254	2104	1082	2118	689	4559	587	428	3026	4025	388	3973	4848	2287	525	3880	2922	700	6737	3217	1183
N150V	29	42	19	21	3	2	0	5	1	1	0	9	0	13	1	0	9	12	0	11	21	19	0	8	1	0	19	0	11
N150X	0	6	3	0	0	0	0	1	0	0	0	0	0	6	0	0	3	4	1	2	1	0	0	7	0	0	3	0	0
N150B	0	0	0	0	0	0	0	0	0	0	0	0	0	0	0	0	0	0	0	0	0	0	0	0	0	0	0	0	0
L151A	1	0	9	3	0	0	0	0	0	0	1	2	0	4	0	0	0	0	0	1	0	0	0	2	0	1	1	0	0
L151R	6	6	6	1	0	1	2	1	0	0	0	9	1	2	3	0	1	0	1	0	2	0	0	2	0	0	1	0	3
L151N	0	0	0	0	0	0	0	0	0	0	0	0	0	0	0	0	0	0	0	0	0	0	0	0	0	0	0	0	0
L151D	0	0	0	0	0	0	0	0	0	0	0	0	0	0	0	0	0	0	0	0	0	0	0	0	0	0	0	0	0
L151C	0	0	0	0	0	0	0	0	0	0	0	0	0	0	0	0	0	0	0	0	0	0	0	0	1	0	0	0	0
L151E	0	0	0	0	0	0	0	0	0	0	0	0	0	1	0	0	0	0	0	0	0	0	0	0	3	0	0	0	0
L151Q	43	25	25	29	20	3	8	8	15	66	8	6	1	19	4	3	17	12	1	17	19	1	3	20	6	4	22	1	7
L151G	0	0	0	0	0	0	0	0	0	0	0	0	0	0	0	0	0	0	0	0	0	0	0	0	0	0	0	0	0
L151H	0	0	0	0	0	0	0	0	0	0	0	0	0	0	0	0	0	0	0	0	0	0	0	0	0	0	0	0	0
L151I	7	12	10	9	22	8	6	5	10	18	0	12	1	2	2	0	3	10	0	10	3	2	0	3	1	7	9	0	20
L151L	3643735	3265424	2976367	2353567	2367547	1889418	2835612	2107084	2132029	3623259	2868145	3396052	1523687	1623805	1579040	1280817	1159226	1441334	1043539	1631819	1770829	1641153	1597690	1490503	1723220	2053640	2196721	1501675	2306614
L151K	10	7	10	7	0	2	0	1	0	1	0	0	0	5	2	0	2	6	1	5	11	3	0	3	1	1	9	2	0
L151M	15957	14487	11954	10043	4622	4004	3990	3891	4121	9572	3909	5918	2323	6921	2662	2139	4635	6146	1579	6317	7614	5388	2449	6178	4948	3338	10705	5695	4359
L151F	1825	1677	1492	1199	713	564	637	553	495	933	385	1113	249	773	242	185	472	736	203	723	780	352	212	639	377	378	1090	339	730
L151P	56	41	29	36	2	8	1	5	1	8	0	3	3	32	2	1	7	31	2	13	17	0	3	17	7	2	33	1	3
L151S	15318	13767	11572	9950	5531	4284	4618	4079	5323	11326	6307	8362	3211	6763	2587	1748	4648	6100	2726	6219	8041	8654	1923	6133	8943	2959	10243	11824	5843
L151T	102	101	65	55	14	41	4	11	0	28	2	29	13	38	7	2	29	44	3	17	32	69	6	37	15	3	71	0	34
L151W	902	719	596	518	87	50	84	88	15	72	492	145	34	326	43	22	262	310	23	307	419	144	48	281	565	42	584	136	64
L151Y	10	8	9	2	2	1	1	1	0	0	0	1	0	6	1	0	2	7	0	1	2	4	0	3	0	0	6	0	0
L151V	997	914	729	697	431	387	331	309	479	578	305	282	359	458	172	161	340	404	216	433	501	250	200	392	269	244	623	262	360
L151X	17	11	12	13	1	2	1	2	1	27	0	0	1	9	0	0	5	5	0	9	16	14	1	5	1	2	21	8	3
L151B	21032	18957	16158	13117	4300	3724	2650	3222	4805	8497	3131	6010	1888	9813	1371	836	6188	8437	1245	7975	14350	43340	2293	7512	4819	1578	14632	8127	4702
L152A	0	0	0	1	0	0	0	0	0	0	0	1	0	0	0	0	2	0	0	0	0	0	0	1	0	0	1	0	0
L152R	1627	1686	1422	1253	231	255	199	274	136	498	199	798	63	784	119	78	597	697	77	755	1010	1227	102	679	365	177	1274	613	233
L152N	16	12	12	10	3	0	0	5	0	0	0	1	0	11	0	0	3	5	1	5	5	0	4	4	7	1	7	3	3
L152D	0	0	1	1	0	0	0	1	0	0	0	0	0	2	0	0	0	1	1	1	0	0	0	1	0	0	1	0	0
L152C	15	1	3	2	9	2	11	3	0	1	1	0	1	2	0	0	1	3	0	0	3	0	0	2	1	0	3	0	0
L152E	0	0	0	0	0	0	0	0	0	0	0	0	0	0	0	0	0	0	0	0	0	0	0	0	0	0	0	0	0
L152Q	53	47	43	18	3	14	14	4	4	1	2	0	1	33	2	2	10	26	0	16	32	2	1	27	4	9	39	15	9
L152G	0	0	0	0	0	0	0	0	0	0	0	0	0	0	0	0	0	0	0	0	0	0	0	0	0	0	0	0	0
L152H	15978	14044	11740	9968	2417	2016	1917	2311	2647	3364	2535	3454	1124	6695	1228	1111	4507	5895	798	6396	7744	4729	1168	5973	7063	1502	9961	5889	2623
L152I	2900	2481	2299	1716	756	564	577	621	757	1476	452	678	271	1291	327	281	806	1152	229	1158	1365	854	379	1082	633	519	1769	722	665
L152L	3648355	3270943	2980201	2356411	2375758	1896278	2841508	2111457	2137796	3639172	2873625	3403427	1528038	1626972	1582325	1282661	1160870	1444201	1046983	1633256	1776503	1677437	1601095	1492196	1720774	2057201	2202114	1508399	2314905
L152K	0	0	0	0	0	0	0	0	0	0	0	0	0	0	0	0	0	0	0	0	0	0	0	0	0	0	0	0	0
L152M	5	0	2	0	0	0	0	1	0	1	0	0	0	1	0	0	0	1	0	2	0	0	1	1	0	0	0	0	0
L152F	7429	6267	5616	4664	1324	1096	1158	1349	1149	2399	1299	3186	525	3176	667	624	2013	2931	407	2978	3645	4392	612	2738	2685	891	4585	2436	1296
L152P	23167	20305	17348	14875	2691	2195	2484	3111	4717	7331	4496	6186	1695	9807	1419	1123	6903	8504	1019	9118	12101	10666	1397	8852	11562	1818	14728	9708	2911
L152S	40	32	30	20	4	7	4	7	0	5	8	5	0	15	3	2	13	12	1	10	14	8	4	12	9	8	31	8	3
L152T	5	10	2	7	0	3	2	3	0	10	0	6	1	1	0	0	3	5	0	6	3	0	0	6	2	1	4	0	0
L152W	0	0	0	0	0	0	0	0	0	0	0	0	0	0	0	0	0	0	0	0	0	0	0	0	0	0	0	0	0
L152Y	33	31	21	34	0	3	2	11	0	1	1	1	4	12	2	0	6	22	1	11	12	0	0	11	2	4	15	2	2
L152V	395	297	303	266	96	64	69	102	88	126	67	201	48	175	46	32	103	127	22	154	199	59	65	145	69	68	239	275	92
L152X	0	0	0	0	0	0	0	0	0	0	0	0	0	0	0	0	0	0	0	0	0	0	0	0	0	0	0	0	0
L152B	0	0	0	0	0	0	0	0	0	0	0	0	0	0	0	0	0	0	0	0	0	0	0	0	0	0	0	0	0
G153A	856	712	731	579	214	197	166	190	99	332	153	252	89	367	64	62	265	382	48	326	360	872	102	289	137	133	566	122	198
G153R	7151	6426	5470	4743	1667	1330	1524	1407	1282	2678	1428	1720	632	3211	749	644	1994	2723	518	2749	3399	1920	682	2673	2196	1079	4528	2749	1604
G153N	0	0	1	0	0	0	0	0	0	0	0	0	0	0	0	0	0	0	0	0	0	0	0	0	0	0	0	0	0
G153D	17	9	12	3	0	2	4	0	1	2	0	1	2	3	0	1	3	9	0	3	1	1	2	0	4	3	7	3	5
G153C	4	6	8	4	0	4	2	1	0	1	0	1	1	5	4	0	0	2	0	2	1	0	2	3	0	1	2	1	2
G153E	8009	7026	5947	5462	2112	1820	1768	1821	1695	4157	2897	2670	972	3461	1071	809	2318	2928	592	3043	3933	3231	912	3042	2337	1240	5014	2808	2024
G153Q	1	0	0	0	1	0	0	0	0	0	0	0	0	0	1	0	0	0	0	0	0	0	0	0	0	0	0	0	0
G153G	3671639	3290661	2997038	2370477	2376143	1896295	2842074	2113338	2141769	3642526	2874718	3407738	1528765	1636456	1582949	1283424	1167467	1452554	1047456	1642332	1789290	1686585	1602093	1501060	1735424	2057938	2216920	1517467	2315856
G153H	0	0	0	0	0	0	0	0	0	0	0	0	0	0	0	0	0	0	0	0	0	0	0	0	0	0	0	0	0
G153I	0	0	0	0	0	0	0	0	0	0	0	0	0	0	0	0	0	0	0	0	0	0	0	0	0	0	0	0	0
G153L	36	27	18	0	1	0	1	3	9	0	0	6	1	19	0	2	5	14	0	17	4	7	3	12	6	7	13	6	2
G153K	12	15	16	12	18	21	0	5	3	4	5	2	2	10	3	4	2	4	1	6	6	7	1	7	0	2	7	2	1
G153M	14	14	6	6	0	1	3	1	1	0	0	0	1	8	1	0	1	6	0	10	6	0	0	5	1	3	9	0	0
G153F	0	0	0	0	0	0	0	0	0	0	0	0	0	0	0	0	0	0	0	0	0	0	0	0	0	0	0	0	0
G153P	0	0	0	0	0	0	0	0	0	0	0	0	0	0	0	0	0	0	0	0	0	0	0	0	0	0	0	0	0
G153S	4	4	4	1	0	0	3	1	0	0	0	2	0	5	0	1	1	3	0	0	0	0	0	1	0	0	1	0	0
G153T	2	2	1	1	0	1	0	0	0	0	0	0	0	0	0	0	0	0	0	2	0	0	0	1	1	0	0	0	0
G153W	2420	2194	2145	1492	690	525	543	495	403	675	430	600	246	1077	233	216	819	1065	188	1455	1252	501	244	964	482	440	1447	403	492
G153Y	0	0	1	0	0	0	0	0	0	0	0	0	0	0	0	0	0	0	0	0	0	0	0	0	0	0	0	0	0
G153V	9830	9037	7637	6462	2446	2298	1856	1996	2030	4009	3054	4952	1059	4345	1062	751	2960	3885	733	3914	4382	6248	786	3668	2585	1347	6250	4508	2554
G153X	0	0	1	4	0	0	0	0	0	0	0	0	0	0	0	0	1	0	0	0	0	0	0	0	0	0	0	1	0
G153B	23	23	7	0	0	3	1	2	2	1	0	0	1	10	1	0	1	7	3	7	2	2	1	5	3	6	7	0	4
K154A	1	4	2	3	0	0	1	0	3	0	1	1	1	1	0	1	1	1	0	4	0	1	3	1	0	0	2	0	0
K154R	19088	17057	14704	12648	4137	3594	3180	3513	5439	7828	3508	7077	1916	7755	1915	1512	5545	7256	1464	7366	8961	9212	1807	7574	6769	2853	12955	7007	4104
K154N	9605	8929	7410	6468	2566	2414	1961	2177	2445	3870	2163	3629	1260	4041	1145	944	2904	3789	890	3945	4807	7059	1170	3829	3337	1645	6546	5342	2248
K154D	17	19	16	14	7	2	11	5	1	1	0	137	2	18	2	2	7	6	4	16	12	0	2	4	0	23	19	21	7
K154C	12	13	12	6	0	2	5	0	0	1	0	0	0	7	0	0	2	1	0	3	4	0	0	0	0	0	5	0	0
K154E	18495	16176	14115	11769	8085	6115	7191	6465	10478	18459	15242	20751	5400	7759	4081	3022	5479	7130	4009	7449	9032	15508	2530	7011	7755	4109	12009	13298	7971
K154Q	641	463	466	431	173	182	132	162	74	279	120	277	70	247	92	89	187	208	83	258	327	161	104	222	106	126	424	225	199
K154G	37	44	26	33	7	10	5	14	1	3	5	7	0	18	3	2	15	13	1	8	26	9	1	17	3	2	29	1	9
K154H	3	3	1	2	1	0	0	4	2	1	1	0	9	1	0	0	2	0	0	1	2	1	0	1	1	0	1	0	2
K154I	9496	8712	7480	6357	1986	1572	1539	1665	1140	2643	1461	2852	802	3946	918	795	2861	3534	565	3780	4690	3848	876	3667	3451	1162	6155	2265	1874
K154L	4	4	9	6	0	0	1	1	0	0	0	0	0	4	0	0	5	1	1	1	4	2	1	2	0	0	6	0	0
K154K	3617617	3241952	2955931	2334300	2364100	1886682	2831874	2101822	2124909	3614336	2857442	3373945	1520684	1613848	1576780	1278632	1150842	1431475	1041457	1620246	1755892	1648175	1597131	1479387	1715644	2051086	2179826	1493766	2303844
K154M	18	10	14	8	0	1	0	4	1	0	1	0	0	4	0	2	9	6	0	3	7	1	0	11	0	0	14	0	0
K154F	0	0	0	0	0	0	0	0	0	0	0	0	0	0	0	0	0	0	0	0	0	0	0	0	0	0	0	0	0
K154P	0	0	1	0	0	1	2	0	4	4	0	0	0	0	0	0	0	0	0	0	0	1	1	2	0	0	0	0	0
K154S	34	25	29	19	5	6	1	4	2	5	0	10	3	8	2	2	6	12	4	5	19	5	1	4	0	4	18	2	4
K154T	2305	1982	1630	1454	554	478	401	515	783	1379	418	884	268	885	259	209	638	910	222	797	888	873	231	857	1001	372	1493	1579	465
K154W	0	0	0	0	0	0	0	0	0	0	0	0	0	0	0	0	0	0	0	0	0	0	0	0	0	0	0	0	0
K154Y	43	23	33	22	15	5	3	7	0	49	3	3	2	8	0	1	8	14	2	16	14	0	2	9	2	1	29	6	4
K154V	43	32	26	26	15	2	5	6	0	2	3	8	2	14	3	0	6	16	1	22	9	3	0	9	295	5	17	1	9
K154X	22518	20661	17109	15651	1631	1417	1625	2889	2011	5524	2314	8349	1347	10393	931	699	7302	9171	830	9923	17912	14511	957	9106	4812	803	15197	4557	1989
K154B	41	47	29	29	10	14	8	7	1	1	3	14	5	20	7	2	18	39	6	23	30	4	11	17	0	8	26	0	13
G155A	31	30	29	28	11	9	11	10	17	28	17	41	10	12	8	3	13	15	7	6	14	24	8	17	14	12	17	41	9
G155R	3432	3364	2573	2210	605	544	517	668	728	1343	644	1581	376	1396	290	291	1041	1332	220	1312	1487	768	231	1160	756	343	2166	1614	554
G155N	0	0	0	0	0	0	0	0	0	0	0	0	0	0	0	0	0	1	0	0	0	0	0	0	0	0	0	0	0
G155D	6	3	2	1	1	1	0	0	0	0	0	0	0	0	7	0	0	0	0	3	0	0	0	2	5	0	5	0	0
G155C	4	2	3	1	0	0	0	1	0	0	0	1	0	2	0	0	1	3	0	6	0	0	1	1	0	0	0	0	0
G155E	3298	2710	2429	1989	793	558	699	675	464	1193	384	1331	324	1356	351	257	934	1174	184	1234	1519	825	302	1154	799	418	2146	2120	698
G155Q	0	0	0	0	0	0	0	0	0	0	0	0	0	0	0	0	0	1	0	1	0	0	0	0	0	0	0	0	0
G155G	3688233	3305592	3010206	2381524	2381289	1900899	2846237	2117264	2145622	3650549	2881068	3414068	1530819	1643898	1585254	1285161	1172282	1459067	1048931	1649017	1795781	1694631	1603958	1507230	1739958	2061011	2227093	1523098	2321030
G155H	0	0	0	0	0	0	0	0	0	0	0	0	0	0	0	0	0	0	0	0	0	0	0	0	0	0	0	0	0
G155I	2	2	1	0	0	1	0	0	0	0	0	2	0	2	0	0	1	1	0	0	0	1	1	0	1	0	2	3	0
G155L	14	7	2	0	0	0	0	1	1	0	0	1	0	9	0	0	2	3	2	14	1	5	0	4	2	1	3	3	0
G155K	4	8	11	11	7	8	1	0	2	0	0	1	0	7	1	0	2	3	0	0	2	0	1	5	0	1	4	0	0
G155M	0	0	0	0	0	0	0	0	0	0	0	0	0	0	0	0	0	0	0	0	0	0	0	0	0	0	0	0	0
G155F	0	0	0	0	0	0	0	0	0	0	0	0	0	0	0	0	0	0	0	0	0	0	0	0	0	0	0	0	0
G155P	0	0	0	0	0	0	0	0	0	0	0	0	0	0	0	0	0	0	0	0	0	0	0	0	0	0	0	0	0
G155S	5	3	0	0	3	1	0	0	0	0	0	0	0	1	0	0	1	2	0	1	1	6	0	2	0	0	0	0	0
G155T	0	0	0	0	0	0	0	0	0	0	0	0	0	0	0	0	0	0	0	0	0	0	0	0	0	0	0	0	0
G155W	11	1	8	1	0	0	1	1	0	0	0	3	0	2	0	0	2	5	2	1	4	9	0	5	5	3	5	0	1
G155Y	0	0	0	0	0	0	0	0	0	0	0	0	0	0	0	0	0	0	0	0	0	0	0	0	0	0	0	0	0
G155V	887	855	698	631	256	149	205	206	224	298	336	317	81	414	71	72	267	392	86	419	429	171	112	373	472	195	649	624	154
G155X	4091	3579	3081	2850	327	327	274	434	236	974	236	598	161	1878	156	130	1291	1583	107	1852	3398	2934	214	1777	1164	215	2681	567	296
G155B	0	0	0	0	0	0	0	0	0	0	0	0	0	0	0	0	0	0	0	0	0	0	0	0	0	0	0	0	0
A156A	3672568	3291940	2998331	2371466	2376901	1897148	2842079	2113575	2141075	3643201	2876228	3406793	1529038	1637786	1583033	1283199	1167995	1453552	1047658	1643341	1788777	1682884	1601261	1501199	1729302	2057292	2216685	1518195	2316687
A156R	0	0	0	0	0	0	0	0	0	0	0	0	0	0	0	0	0	0	1	0	0	0	0	0	0	0	0	0	0
A156N	0	1	1	2	0	1	0	1	0	0	1	0	0	0	0	0	1	1	0	2	3	0	1	1	1	0	0	0	0
A156D	2768	2397	2158	1780	812	560	620	637	570	1186	399	815	287	1068	358	304	801	1021	233	1152	1547	788	521	1084	1244	607	1702	672	607
A156C	0	0	0	0	0	0	0	0	0	0	0	1	0	0	0	0	0	0	0	0	0	0	0	0	0	0	0	0	0
A156E	24	18	16	1	0	0	1	1	0	0	0	4	2	10	0	0	4	8	1	13	3	4	1	10	7	12	16	3	1
A156Q	0	0	0	0	0	0	0	0	0	0	0	0	0	0	0	0	0	0	0	0	0	0	0	0	0	0	0	0	0
A156G	1295	1161	855	776	353	257	436	418	228	908	1181	2651	303	519	347	413	406	470	154	471	688	1033	281	521	2393	491	818	122	434
A156H	0	0	2	0	0	0	1	0	0	0	0	0	0	1	0	0	0	0	0	2	0	0	0	0	0	0	1	0	0
A156I	18	20	6	18	0	0	0	1	1	1	0	0	0	9	0	0	2	8	1	4	7	1	0	5	5	0	6	0	0
A156L	0	0	0	0	0	0	0	0	0	0	0	0	0	0	0	0	1	0	0	0	0	0	0	0	0	0	0	0	0
A156K	0	0	0	0	0	0	0	0	0	0	0	0	0	0	0	1	0	0	0	0	0	0	0	0	0	0	0	0	0
A156M	0	0	0	0	0	0	0	0	0	0	0	0	0	0	0	0	0	0	0	0	0	0	0	0	0	0	0	0	0
A156F	3	1	2	3	0	0	0	1	0	0	0	0	0	5	0	0	1	0	0	0	1	0	0	0	0	0	0	0	0
A156P	545	432	408	323	65	43	53	73	83	26	66	81	13	260	14	12	135	199	19	234	338	208	31	211	201	41	395	91	83
A156S	2572	2394	2031	1669	705	644	622	588	654	1027	644	991	262	1109	306	308	780	991	221	1097	1200	732	436	991	1984	508	1609	440	648
A156T	8059	7081	6051	5225	1507	1397	1216	1424	2225	3580	1659	2788	704	3313	742	616	2432	3008	426	3070	3896	4737	763	3099	3106	1194	5308	4095	1663
A156W	0	0	0	0	0	0	0	0	0	0	0	0	0	0	0	0	0	0	0	0	0	0	0	0	0	0	0	0	0
A156Y	0	1	0	0	0	0	0	0	0	0	0	0	0	0	0	0	0	0	0	0	0	0	0	0	1	0	0	0	0
A156V	12166	10710	9182	7983	2949	2447	2917	2541	2458	4456	2507	3820	1162	4897	1338	1061	3279	4324	825	4480	6176	8987	1533	4609	4932	2054	8231	4452	2619
A156X	0	0	0	0	0	0	0	0	0	0	0	0	0	0	0	0	0	0	0	0	0	0	0	0	0	0	0	0	0
A156B	0	0	0	0	0	0	0	0	0	0	0	0	0	0	0	0	0	0	0	0	0	0	0	0	0	0	0	0	0
V157A	20627	17684	15413	13107	2480	2361	2294	2803	3149	5746	3541	5557	1138	8579	1426	1054	6057	7785	809	8172	10393	7180	1302	8057	7363	1799	13413	10360	2638
V157R	6	1	3	2	0	0	0	0	0	0	0	0	0	1	1	0	3	1	0	1	8	0	0	0	0	0	0	0	0
V157N	0	0	0	0	0	0	0	0	0	0	0	0	0	0	0	0	0	0	0	0	0	0	0	0	0	0	0	0	0
V157D	1	1	0	0	3	0	0	3	0	0	0	1	0	0	0	0	1	1	0	0	0	0	0	0	0	0	1	1	0
V157C	0	0	0	0	0	0	0	0	0	0	0	0	0	0	0	0	0	0	0	0	0	0	0	0	0	0	0	0	0
V157E	12102	10617	8808	7619	1663	1185	1623	1941	1264	4846	3128	3982	1126	5138	905	666	3553	4576	830	4477	5833	7838	560	4430	4426	966	8219	9070	1762
V157Q	1	1	2	1	0	0	0	0	0	0	1	2	1	1	0	0	0	2	0	0	0	55	0	2	0	0	3	0	1
V157G	1486	1408	1087	980	142	152	108	144	125	339	147	642	44	622	91	73	484	579	58	645	853	631	60	619	465	100	1046	889	187
V157H	0	0	0	0	0	0	0	0	0	0	0	0	0	0	0	0	0	0	0	0	0	0	0	0	0	0	0	0	0
V157I	9	15	9	7	0	1	1	2	1	19	1	5	0	6	0	0	4	4	1	3	10	0	4	3	4	4	10	1	0
V157L	3049	2792	2467	1861	580	495	648	639	660	1858	526	1063	297	1352	333	344	900	1223	210	1199	1336	1112	353	1161	1047	528	2020	1264	537
V157K	19	14	11	14	2	0	0	2	0	1	1	1	0	3	0	0	4	10	0	9	8	19	0	3	0	0	6	1	0
V157M	12487	11024	9186	8057	2072	1603	1727	2009	1897	4285	2461	3509	834	5245	1001	912	3443	4628	549	4787	5946	4626	976	4562	3497	1610	8233	5783	1935
V157F	3	1	1	0	0	0	0	0	0	0	0	0	0	0	0	0	1	3	0	0	4	0	0	1	1	0	1	1	0
V157P	0	1	1	1	0	0	0	0	0	0	0	0	0	0	0	0	0	0	0	1	0	0	0	1	0	1	0	0	0
V157S	52	29	18	9	0	0	3	1	24	0	0	7	1	36	2	0	7	16	0	17	14	12	7	10	11	8	20	8	1
V157T	41	40	19	30	2	4	5	6	0	4	4	112	4	19	6	3	8	17	0	19	20	5	2	9	18	3	36	0	5
V157W	2	4	0	0	0	0	0	0	0	0	0	0	0	0	0	0	0	0	0	1	0	0	0	1	0	0	0	0	0
V157Y	0	0	0	0	0	0	0	0	0	0	0	0	0	0	0	0	0	0	0	0	0	0	0	0	0	0	0	0	0
V157V	3650124	3272514	2982005	2357548	2376347	1896695	2841535	2111708	2140174	3637285	2872875	3403063	1528325	1627971	1582371	1282861	1161365	1444733	1047082	1634528	1778199	1677889	1601564	1492866	1726344	2057180	2201759	1500689	2315676
V157X	0	0	0	0	0	0	0	0	0	0	0	0	0	0	0	0	0	0	0	0	0	0	0	0	0	0	0	0	0
V157B	9	10	13	10	1	1	1	2	0	2	0	0	1	4	2	1	7	4	0	7	12	7	0	5	0	0	4	3	0
D158A	686	594	485	411	63	71	45	76	32	112	44	83	20	266	12	16	207	236	12	227	309	140	17	255	146	43	425	102	110
D158R	1	1	1	0	0	0	0	1	0	0	0	0	0	1	0	0	0	0	0	1	0	0	0	0	0	0	5	0	0
D158N	5770	4987	4207	3588	1349	1215	1079	1066	2190	3018	979	2271	756	2283	630	459	1599	2070	538	2152	2760	2195	537	2138	877	693	3776	1786	1387
D158D	3666989	3287253	2994179	2368216	2378511	1898356	2843519	2114252	2141230	3643784	2876951	3408230	1528645	1635288	1583766	1284092	1166362	1450989	1047714	1641362	1786744	1683449	1602674	1499132	1731868	2059291	2212980	1513716	2317759
D158C	5	2	3	2	0	0	1	0	0	1	0	1	0	2	0	0	2	1	0	6	4	0	0	2	2	3	5	0	0
D158E	2141	2067	1711	1263	335	231	386	418	320	430	254	867	157	965	236	195	632	916	149	904	910	2560	282	780	984	297	1291	1154	216
D158Q	0	0	0	0	0	0	0	0	0	0	0	0	0	0	0	0	0	0	1	1	0	0	0	0	0	0	0	0	0
D158G	14608	12458	10817	9190	1983	1750	1880	1999	1997	4636	2971	3444	1123	5907	945	667	4041	5476	695	5375	6921	4980	850	5731	6647	1175	9624	5444	2081
D158H	208	204	182	174	38	46	55	52	86	55	36	66	25	122	34	27	72	109	18	115	112	73	29	98	97	41	203	82	43
D158I	8	3	3	13	0	0	0	2	0	0	0	1	0	2	0	0	0	4	0	1	3	0	1	3	0	0	4	0	0
D158L	0	0	0	0	0	0	0	0	0	0	0	0	0	0	0	0	0	0	1	0	0	0	0	0	0	0	0	0	0
D158K	1	1	1	1	1	0	0	0	0	0	0	0	0	0	0	0	1	0	0	0	0	0	0	0	0	0	1	0	0
D158M	0	0	0	0	0	0	0	0	0	0	0	0	0	0	0	0	0	0	0	0	0	0	0	0	0	0	0	0	0
D158F	10	17	10	1	0	2	1	1	1	0	0	1	1	13	1	0	3	13	0	9	0	1	3	3	4	0	6	7	1
D158P	0	0	0	0	0	0	0	0	0	0	0	0	0	0	0	0	0	0	0	0	0	0	0	0	0	0	0	0	0
D158S	21	20	20	14	0	0	2	1	0	0	0	5	1	18	2	1	5	12	6	8	8	0	2	4	4	3	21	1649	4
D158T	2	0	0	0	0	0	0	0	0	0	0	0	0	0	1	0	0	1	0	0	0	0	0	1	4	0	0	0	0
D158W	0	0	0	0	0	0	0	0	0	0	0	0	0	0	0	0	0	0	0	0	0	0	0	0	0	0	0	0	0
D158Y	2013	1956	1764	1368	332	249	329	400	399	372	206	430	139	940	120	120	616	889	90	907	922	654	165	759	451	252	1346	563	235
D158V	7555	6592	5659	5004	680	577	648	992	1039	1977	1244	2545	904	3170	391	337	2297	2866	315	2796	3943	5322	268	2824	2092	401	5084	3567	906
D158X	0	0	1	0	0	0	0	0	0	0	0	0	0	0	0	0	0	0	0	0	0	0	0	0	0	0	0	0	0
D158B	0	1	0	1	0	0	0	0	0	0	0	0	0	0	0	0	0	0	0	2	0	0	0	0	0	0	0	0	0
Q159A	0	0	0	0	0	0	0	0	0	0	0	0	0	0	0	0	0	0	0	0	0	0	0	0	0	0	0	0	3
Q159R	18786	16803	14199	12292	3925	3334	3373	3364	5081	8666	4563	6729	1922	7720	1954	1547	5515	7123	1579	6956	8800	5802	1518	7240	6511	2250	12235	8530	3472
Q159N	0	1	3	0	0	0	0	1	0	0	0	0	0	2	0	0	0	0	1	1	1	0	1	0	1	0	0	0	0
Q159D	0	0	0	0	0	0	0	0	0	0	0	0	0	0	0	0	0	0	0	0	0	0	0	0	0	0	0	0	0
Q159C	0	0	0	0	0	0	0	0	0	0	0	0	0	0	0	0	0	0	0	0	0	0	0	0	0	0	0	0	0
Q159E	389	302	287	228	121	121	58	89	125	135	108	364	40	152	48	40	108	128	32	139	172	29	41	135	61	74	275	122	101
Q159Q	3640545	3263322	2973636	2350188	2371996	1892737	2838847	2109136	2134724	3632125	2870145	3401095	1526399	1624344	1580778	1281623	1158502	1441087	1045509	1630932	1770424	1669154	1598523	1488758	1725547	2055281	2195690	1507789	2311930
Q159G	1	0	0	0	0	0	0	0	1	0	0	0	0	1	0	0	0	2	0	0	0	0	0	0	0	0	0	1	0
Q159H	6495	5980	4893	4116	1259	1036	1177	1096	874	2830	1434	1511	460	2705	676	489	1864	2580	356	2516	2846	7383	711	2590	2104	1052	4283	2342	1145
Q159I	0	0	0	0	0	0	0	0	0	0	0	0	0	0	0	0	0	0	0	0	0	0	0	0	0	0	0	0	0
Q159L	17398	15157	13086	11043	2016	1714	1564	2044	1874	3141	1749	3055	818	7032	689	473	4936	6434	522	6311	7996	9343	1526	6406	4312	1086	10991	3063	2141
Q159K	3010	2704	2390	1868	663	519	473	501	772	902	789	548	246	1241	246	247	867	1119	144	1214	1457	815	298	1099	968	484	1878	500	592
Q159M	19	37	11	11	0	4	0	1	1	1	0	3	0	5	0	0	3	10	0	8	11	3	0	2	0	0	9	0	1
Q159F	0	0	0	0	0	0	0	0	0	0	0	0	0	0	0	0	0	1	0	0	0	0	0	0	0	0	0	0	0
Q159P	2196	1874	1675	1492	943	774	641	627	1643	1405	506	825	337	961	455	349	644	757	258	855	1085	764	347	893	683	542	1471	555	780
Q159S	1	2	4	0	0	0	0	0	0	0	0	0	0	1	0	2	0	0	0	1	0	0	1	0	0	0	1	0	0
Q159T	1	2	0	1	0	0	1	0	0	0	0	0	1	0	0	0	0	2	0	0	0	0	0	3	0	0	2	0	0
Q159W	26	20	16	17	4	2	0	1	1	3	1	2	0	12	0	0	9	12	1	11	7	0	0	8	8	1	26	1	0
Q159Y	21	7	12	9	0	3	0	3	0	0	0	0	0	5	0	0	4	8	2	2	5	0	0	5	1	0	9	1	16
Q159V	0	1	2	0	0	0	0	0	0	0	0	6	0	0	0	0	0	1	0	0	1	0	0	1	0	0	1	0	0
Q159X	9	12	6	11	1	1	1	2	0	0	0	0	0	1	1	0	4	4	0	4	14	10	0	0	1	1	7	1	1
Q159B	11121	9932	8823	7970	2364	2252	1810	2395	2198	5177	3390	3806	1548	4795	1291	1144	3381	4314	1135	4916	9817	6071	1862	4590	2979	1428	7893	5165	2560
L160A	0	5	3	3	0	3	0	2	0	0	0	2	0	1	0	0	0	0	0	0	6	0	1	1	0	1	0	0	0
L160R	2525	2290	2069	1876	705	591	458	602	692	1239	433	1180	304	1090	342	236	715	1019	193	973	1291	607	370	989	867	516	1651	1180	802
L160N	0	0	0	0	0	0	0	0	0	0	0	0	0	0	0	0	0	0	0	0	0	0	0	0	0	0	0	0	0
L160D	0	0	0	0	0	0	0	0	0	0	0	0	0	0	0	0	0	0	0	0	0	0	0	0	0	0	0	0	0
L160C	0	0	0	0	0	0	0	0	0	0	0	0	0	0	0	0	0	0	0	0	0	0	0	0	0	0	0	0	0
L160E	1	3	2	3	0	0	0	0	0	0	0	2	0	0	0	0	0	1	0	0	3	0	0	0	0	0	0	0	0
L160Q	16089	14614	12188	10549	6792	5673	4757	4516	6678	12370	6152	8668	2976	6766	3150	2620	4850	5946	2184	6443	8264	7884	3397	6443	6794	3966	10892	10202	6805
L160G	0	0	0	0	0	0	0	0	0	1	0	0	0	0	0	0	0	0	0	0	0	0	0	0	0	0	0	0	0
L160H	6	14	5	1	1	4	0	0	3	1	1	1	0	4	2	2	3	2	0	2	6	7	2	8	0	5	7	1	0
L160I	7	7	2	1	1	0	0	0	0	0	0	0	1	7	0	0	0	5	0	3	9	0	1	2	0	1	1	1	0
L160L	3647093	3268637	2978998	2355265	2368863	1890714	2836716	2107746	2133801	3623698	2867687	3390827	1524580	1626064	1579174	1280105	1159516	1443098	1044423	1632162	1774874	1669397	1597751	1490447	1716499	2053226	2198143	1500412	2307586
L160K	44	48	48	31	4	9	4	11	4	42	3	33	0	31	8	2	9	19	0	25	38	6	5	12	4	3	24	4	3
L160M	5220	4448	3603	2865	1695	1302	1366	1523	1600	2929	2271	4987	1144	2193	884	789	1310	2022	804	1811	2175	2584	826	1821	1752	1205	3239	2038	1851
L160F	5	5	3	3	0	0	1	0	0	0	1	1	0	2	0	0	3	3	0	2	1	0	0	0	0	0	2	0	0
L160P	28032	25208	21386	18072	5034	3995	4459	4648	4375	13681	6015	11898	2686	12469	2477	2053	9148	11132	1819	12059	15475	18651	2372	11624	16821	3112	20134	14056	5465
L160S	97	100	58	55	42	32	49	59	12	109	9	109	17	43	25	31	31	35	62	42	35	8	5	34	3	24	79	2	57
L160T	8	24	29	8	0	1	0	2	0	0	0	1	2	4	0	6	6	3	0	6	3	1	2	6	4	3	5	4	1
L160W	1	0	0	1	0	0	0	1	0	0	0	0	0	0	0	1	1	0	0	1	0	0	0	0	1	0	1	0	0
L160Y	0	0	0	0	0	0	0	0	0	0	0	0	0	0	0	0	0	0	0	0	0	0	0	0	0	0	0	0	0
L160V	864	720	625	481	143	164	134	147	116	314	111	230	56	280	73	69	235	284	52	331	420	210	91	321	431	125	564	169	163
L160X	0	0	0	0	0	0	0	0	0	0	0	0	0	0	0	0	0	0	0	0	0	0	0	0	0	0	0	0	0
L160B	26	33	24	32	12	9	1	3	13	1	2	5	5	23	3	0	10	13	2	6	36	19	5	22	0	12	29	1	9
T161A	14952	13030	11517	9654	2130	1918	2132	2136	1808	4139	2635	3769	1116	6569	1088	890	4428	5583	744	5789	7480	8595	1087	5802	4783	1376	9747	4638	2234
T161R	668	628	528	450	47	62	52	76	46	126	232	1046	15	275	18	26	208	290	26	266	316	241	26	247	268	61	432	431	49
T161N	2	7	3	0	0	0	0	0	2	0	0	0	0	0	0	0	0	0	0	0	0	0	0	0	1	0	2	0	0
T161D	0	0	0	0	0	0	0	0	0	0	0	0	0	0	0	0	1	0	0	0	0	0	0	0	0	0	0	0	0
T161C	2	0	1	0	1	1	0	0	2	1	0	0	1	1	0	0	2	0	1	1	2	3	1	0	2	1	3	0	1
T161E	22	16	16	3	0	0	2	3	0	0	0	0	0	5	0	0	6	11	1	8	4	2	1	13	13	9	11	6	1
T161Q	1	0	0	1	0	0	0	0	0	0	0	0	0	0	0	0	0	3	0	0	0	0	0	1	0	0	0	0	0
T161G	0	0	1	0	0	0	0	0	0	0	0	0	0	0	0	0	0	1	0	0	0	0	0	0	0	0	0	1	0
T161H	0	0	0	0	0	0	0	0	0	0	0	0	0	0	0	0	0	0	0	0	0	0	0	0	0	0	0	0	0
T161I	5576	5055	4306	3660	528	392	547	658	466	1098	556	1246	266	2321	223	149	1599	2110	163	2030	2456	1977	223	2063	2640	301	3666	1600	507
T161L	5	1	7	8	0	1	1	0	0	0	1	0	0	1	0	0	0	4	0	2	1	0	0	1	0	1	6	0	0
T161K	731	614	586	334	81	83	146	157	174	101	73	142	53	380	76	76	212	337	62	304	234	162	139	310	500	203	359	149	87
T161M	43	54	45	31	0	5	7	6	1	0	5	6	0	34	4	6	16	24	0	26	16	0	0	29	1	0	37	1	3
T161F	0	0	0	0	0	0	0	0	0	0	0	0	0	0	0	0	0	0	0	0	0	0	0	0	0	0	0	0	0
T161P	1197	1091	943	833	76	112	91	137	128	446	92	179	45	527	63	36	376	492	30	488	742	881	53	476	541	72	820	357	111
T161S	9956	8872	7899	6884	1906	1611	1378	1662	1793	4937	2370	2477	748	4299	940	707	3006	3791	491	4123	5163	7366	838	4072	3182	1247	6816	3768	1878
T161T	3666840	3286767	2993165	2367374	2378522	1898308	2843586	2114423	2142873	3643536	2876718	3409074	1529526	1634554	1583726	1284024	1165970	1450929	1048020	1640816	1786210	1680145	1602457	1498702	1731245	2058926	2212860	1517117	2317868
T161W	0	0	0	0	0	0	0	0	0	0	0	0	0	0	0	0	0	0	0	0	0	0	0	0	0	0	0	0	0
T161Y	0	0	0	0	0	0	0	0	0	0	0	0	1	0	0	0	0	0	1	0	0	0	0	0	0	0	0	0	0
T161V	13	15	17	12	1	4	3	2	0	1	2	4	0	9	0	0	5	3	0	9	6	2	2	11	0	0	10	1	3
T161X	10	6	9	2	0	0	0	0	1	0	1	1	0	2	0	0	8	4	0	4	6	0	1	3	0	2	2	1	0
T161B	0	0	0	0	0	0	0	0	0	0	0	0	0	0	0	0	0	0	0	0	0	0	0	0	0	0	0	0	0
R162A	0	0	0	0	0	0	0	0	0	0	0	0	0	0	0	0	0	0	0	0	0	0	0	0	0	0	0	0	0
R162R	3664104	3285163	2992296	2366497	2378527	1898462	2843795	2113955	2141475	3643583	2878069	3407977	1529552	1634098	1583729	1283802	1165280	1450186	1047998	1640266	1784980	1687414	1602448	1498261	1734947	2059054	2211562	1513948	2318193
R162N	1	0	0	0	0	0	0	0	0	0	0	0	0	0	0	0	0	0	0	0	0	0	0	0	0	0	0	0	0
R162D	0	0	0	0	0	0	0	0	0	0	0	0	0	0	0	0	0	0	0	0	0	0	0	0	0	0	0	0	0
R162C	8	6	2	9	0	0	0	0	0	1	0	0	0	1	0	0	2	1	0	2	5	0	1	5	0	0	4	15	1
R162E	0	0	0	0	0	0	0	0	0	0	0	0	0	0	0	0	0	0	0	0	0	0	0	0	0	0	0	0	0
R162Q	14290	12344	10843	9111	2765	2247	2415	2650	3885	5660	2805	5719	1269	5920	1489	1258	4409	5411	898	5524	7381	5060	1391	5568	3485	1808	9699	6761	2680
R162G	701	551	517	418	110	101	121	83	38	437	80	122	21	277	48	47	207	248	20	257	421	283	60	281	251	84	456	115	106
R162H	59	39	31	8	1	0	1	10	10	1	1	6	0	27	3	0	15	32	2	21	11	4	7	24	33	11	18	13	2
R162I	0	1	1	0	0	0	0	0	0	0	0	0	0	0	0	0	0	0	1	0	0	0	0	0	0	0	0	0	0
R162L	6825	5902	5155	4562	655	578	570	855	602	1126	529	1586	276	2977	318	256	1982	2579	221	2679	3269	2186	340	2564	1140	494	4415	1963	595
R162K	9	14	12	6	3	1	0	3	0	0	0	0	0	6	0	0	6	9	3	1	2	0	2	1	0	1	3	0	0
R162M	4	5	1	1	2	1	1	1	6	0	1	0	1	0	0	0	0	1	0	2	2	0	0	1	0	0	0	2	1
R162F	1	0	0	0	0	0	0	0	0	0	0	0	0	0	0	0	1	0	0	0	0	0	0	0	1	0	0	0	0
R162P	461	451	433	370	103	67	83	90	118	144	140	177	39	190	47	37	173	185	21	221	301	212	57	198	225	62	311	120	96
R162S	6	1	2	3	0	0	0	1	0	0	0	0	1	1	0	0	0	2	0	0	2	5	0	0	0	0	3	0	0
R162T	0	0	0	0	0	0	0	0	0	0	0	0	0	0	0	0	0	0	0	0	0	0	0	0	0	0	0	0	0
R162W	13442	11574	9671	8183	1116	1027	945	1597	1153	3431	1054	2355	610	5425	499	509	3737	4899	375	4863	6200	4195	516	4801	3076	676	8229	5131	1051
R162Y	0	1	0	0	0	0	0	0	0	0	0	0	0	0	0	0	0	0	0	0	0	0	0	0	1	0	0	0	0
R162V	3	0	0	0	0	0	0	0	0	0	0	0	0	0	0	0	2	0	0	0	0	0	0	1	0	0	1	0	0
R162X	74	79	51	59	4	9	2	9	2	2	3	2	1	41	3	3	12	21	0	21	36	2	1	16	6	3	45	2	12
R162B	30	25	28	19	6	4	12	6	5	0	3	0	1	14	2	2	11	8	0	9	26	13	5	9	11	6	25	0	5
L163A	3	2	4	3	0	0	0	0	3	0	0	0	0	2	0	0	2	0	0	0	5	0	1	3	0	0	3	0	0
L163R	1840	1671	1553	1288	110	100	108	150	145	431	194	289	93	819	54	58	626	706	46	814	986	924	59	755	553	73	1231	1515	84
L163N	0	0	0	0	0	0	0	0	0	0	0	0	0	0	0	0	0	0	0	0	0	0	0	0	0	0	0	0	0
L163D	0	0	0	0	0	0	0	0	0	0	0	0	0	0	0	0	0	0	0	0	0	0	0	0	0	0	0	0	0
L163C	0	0	0	0	0	0	0	0	0	0	0	0	0	0	0	0	0	0	0	0	0	0	0	0	0	0	0	0	0
L163E	3	0	0	1	1	0	1	0	0	1	0	0	0	0	0	0	0	0	0	0	0	0	0	0	0	0	0	0	0
L163Q	18323	16276	13891	11918	1600	1326	1261	2033	2926	4590	2874	6528	904	7779	825	671	5440	6889	669	7314	8842	9167	649	6997	8483	804	11828	11412	1807
L163G	2	0	1	1	0	0	0	0	0	0	0	0	0	2	1	0	0	5	0	1	1	0	0	3	0	0	0	1	0
L163H	15	11	9	6	1	0	1	0	0	0	1	0	2	3	0	0	3	4	0	11	5	1	0	1	13	0	5	0	4
L163I	8	12	5	3	0	0	0	0	1	0	1	0	0	1	0	0	2	1	0	1	7	0	0	3	2	0	7	1	0
L163L	3653304	3274473	2983107	2359055	2378526	1898349	2843310	2113322	2139589	3639264	2874411	3401421	1528950	1628842	1583545	1283932	1162004	1445951	1047376	1634989	1779531	1674497	1602704	1493610	1723014	2059344	2204416	1497737	2317902
L163K	20	11	13	4	0	0	1	2	0	53	0	0	0	5	2	0	0	5	0	3	1	1	0	6	5	1	12	2	0
L163M	4378	3599	3227	2625	1158	1002	1065	1094	1100	2524	825	1595	538	1856	665	411	1196	1573	507	1680	2019	1313	615	1612	1477	833	2618	1307	1036
L163F	72	63	33	29	0	1	0	6	0	0	4	0	17	25	1	0	23	23	2	13	28	14	0	29	115	3	42	0	13
L163P	20208	18225	15808	13123	1670	1513	1977	2348	3386	6812	4177	7769	1155	8917	932	752	6120	7709	835	8427	10501	13117	690	7996	9229	889	13343	15479	1631
L163S	62	51	30	27	3	4	3	9	0	4	2	2	0	15	1	0	16	23	0	17	21	6	1	8	7	5	32	13	16
L163T	14	13	9	10	1	3	22	0	0	0	0	1	2	5	1	0	7	3	0	4	5	18	1	5	1	4	2	2	0
L163W	0	1	1	3	0	0	0	0	0	0	0	0	0	1	0	0	0	0	0	0	2	1	0	0	1	0	0	0	0
L163Y	0	0	0	0	0	0	0	0	0	0	0	0	0	0	0	0	0	0	0	0	0	0	0	0	0	0	0	0	0
L163V	1033	1024	794	631	185	157	172	230	124	573	156	216	80	494	88	80	272	427	93	391	449	252	99	425	246	216	715	581	200
L163X	4	5	1	2	0	0	0	0	0	0	0	0	12	0	0	0	0	3	0	0	0	0	0	0	0	0	1	0	0
L163B	729	719	557	517	37	42	24	66	20	133	40	123	18	211	23	10	126	260	11	201	233	63	9	277	30	27	516	20	49
V164A	15302	13429	11647	10457	2316	1836	2129	2556	2300	4516	3184	5956	1164	6712	1343	1162	4553	5870	858	6380	7435	6405	1108	6127	6304	1631	9963	4518	2374
V164R	0	0	0	0	0	0	0	0	0	0	0	0	0	0	0	0	0	0	0	0	0	0	0	0	0	0	0	0	0
V164N	0	0	0	0	0	0	0	0	0	0	0	0	0	0	0	0	0	0	0	0	0	0	0	0	0	0	0	0	0
V164D	6	3	2	2	0	0	0	0	0	7	0	2	0	1	0	0	2	0	0	0	2	11	1	0	0	0	2	3	0
V164C	0	0	0	0	0	0	0	0	0	0	0	0	0	0	0	0	0	0	0	0	0	0	0	0	0	0	0	0	0
V164E	8069	7029	5981	5277	533	449	475	717	747	1869	1123	2279	232	3449	289	163	2453	2994	173	3426	4418	4054	314	3107	3316	309	5451	5144	548
V164Q	1	0	0	0	0	0	0	0	0	0	0	0	0	0	0	0	0	0	0	0	0	0	0	0	0	0	0	0	0
V164G	702	506	465	391	53	20	22	53	14	149	34	91	10	306	18	13	190	233	17	261	333	272	18	260	174	17	408	196	46
V164H	0	0	0	0	0	0	0	0	0	0	0	0	0	0	0	0	0	0	0	0	0	0	0	0	0	0	0	0	0
V164I	26	19	28	33	0	0	2	3	2	1	1	5	2	12	1	0	10	12	0	5	23	4	1	14	8	3	21	4	1
V164L	1312	1266	1139	753	284	224	214	272	307	451	159	283	111	567	114	110	351	484	95	530	604	211	116	508	930	220	890	311	237
V164K	9	3	1	4	0	3	3	0	0	0	0	8	1	0	0	0	0	2	0	2	3	0	0	4	4	0	1	1	0
V164M	9704	8239	7010	6272	2543	1994	2816	3025	3101	9154	8865	16298	2028	4001	1613	1309	2830	3645	1422	3815	4338	5164	901	3463	3550	1592	6202	7407	2838
V164F	7	0	4	2	0	0	0	0	0	0	1	0	0	2	0	0	2	2	1	0	0	0	0	0	2	1	2	0	0
V164P	0	0	0	0	0	0	0	0	0	0	0	0	0	1	0	0	1	1	1	0	0	0	0	0	0	0	0	0	0
V164S	12	11	19	2	2	1	1	2	3	0	0	3	0	17	2	0	6	15	0	16	2	4	3	9	8	7	7	5	0
V164T	23	32	24	26	10	6	2	1	0	0	1	10	12	13	0	4	14	7	3	12	20	0	2	9	3	0	26	0	1
V164W	0	0	0	0	0	0	0	0	0	0	0	0	0	0	0	0	0	0	0	0	1	0	0	0	0	0	0	0	0
V164Y	0	0	0	0	0	0	0	0	0	0	0	0	1	0	0	0	0	0	0	0	0	0	0	0	0	0	0	0	0
V164V	3664841	3285615	2992721	2366022	2377551	1897964	2842281	2112631	2140820	3638238	2869317	3393004	1528210	1633894	1582758	1283153	1165423	1450313	1046969	1639414	1785456	1683249	1602364	1498228	1728877	2058419	2211788	1510477	2316697
V164X	0	0	0	0	0	0	0	0	0	0	0	0	0	0	0	0	0	0	0	0	0	0	0	0	0	0	0	0	0
V164B	4	4	2	5	0	0	0	0	0	0	0	5	0	2	0	0	2	4	0	5	1	0	0	1	0	0	10	4	0
L165A	2	0	1	0	0	0	0	0	0	0	1	0	0	0	0	0	0	0	0	0	0	0	0	0	0	0	0	0	0
L165R	2357	2036	1715	1506	209	151	187	331	424	937	499	874	165	995	134	98	705	992	94	948	1172	476	58	888	606	124	1548	932	213
L165N	0	0	0	0	0	0	0	0	0	0	0	0	0	0	0	0	0	0	0	0	0	0	0	0	0	0	0	0	0
L165D	0	0	0	0	0	0	0	0	0	0	0	0	0	0	0	0	0	0	0	0	0	0	0	0	0	0	0	0	0
L165C	0	0	0	0	0	0	0	0	0	0	0	0	0	0	0	0	0	0	0	0	0	0	0	0	0	0	0	0	0
L165E	1	0	3	1	0	0	0	0	0	0	0	0	0	1	0	0	0	0	0	1	0	1	0	1	0	0	6	1	0
L165Q	14854	13166	11393	9419	1601	1244	1565	2119	1712	5263	3901	6522	1171	6436	868	795	4611	5712	828	6334	7786	7923	619	5980	6806	902	9901	12182	2067
L165G	0	0	0	0	0	0	0	0	0	0	0	0	0	1	0	0	0	0	0	0	0	0	0	0	0	0	0	0	0
L165H	30	21	15	20	1	3	0	3	0	1	1	10	0	16	0	0	12	12	1	11	19	3	0	10	4	0	17	23	1
L165I	17	6	6	4	2	3	1	0	2	1	12	1	0	7	3	2	3	2	0	1	7	1	3	6	3	6	5	3	5
L165L	3653216	3274678	2983350	2359587	2377082	1897694	2841114	2111966	2138867	3636401	2865345	3396606	1527407	1628480	1582054	1282335	1161529	1445387	1046619	1634454	1778735	1672100	1601780	1493341	1720135	2058134	2203425	1486214	2316098
L165K	9	6	9	2	0	0	0	0	1	0	0	2	0	2	0	0	2	5	0	3	3	0	0	1	4	1	4	6	0
L165M	6030	5609	4561	3551	1804	1217	2365	1722	2310	4292	6862	5686	1564	2591	1675	1503	1708	2382	1045	2411	2559	4995	1296	2083	3797	1599	3870	8472	1755
L165F	7	6	12	16	9	3	4	0	1	0	0	0	2	13	2	0	3	6	1	5	8	1	1	8	0	5	19	2	3
L165P	22640	19791	17330	14562	2392	1968	2558	2954	3837	7246	5754	7552	1387	10054	1315	1119	7017	8768	911	9395	11973	13695	985	9108	11662	1292	15466	20007	2447
L165S	77	54	60	60	16	11	8	19	6	10	14	10	3	23	4	3	17	26	1	33	39	43	8	32	36	14	45	40	8
L165T	5	17	9	10	1	2	3	5	0	1	0	1	0	9	0	2	0	8	0	7	1	1	3	2	1	1	6	1	0
L165W	11	3	11	5	0	0	0	0	0	0	0	1	0	2	0	0	2	1	0	2	4	0	0	4	0	0	3	0	0
L165Y	0	0	0	0	0	0	0	0	0	0	0	0	0	0	0	0	0	0	0	0	0	0	0	0	0	0	0	0	0
L165V	657	670	492	433	169	197	134	130	133	182	287	131	61	280	73	56	190	236	37	220	285	117	71	229	120	114	399	175	117
L165X	0	0	0	0	0	0	0	0	0	0	0	0	0	0	0	0	0	0	0	0	0	0	0	0	0	0	0	0	0
L165B	105	93	76	70	6	4	6	11	1	51	9	548	11	67	10	1	38	45	2	41	45	18	4	37	2	7	57	12	28
V166A	20566	18315	15684	12823	3260	2818	2981	3471	3542	8823	5385	5783	1981	8987	1825	1412	6373	8109	1123	8449	10147	8712	1537	8455	9909	2408	13681	7588	3504
V166R	0	0	0	1	0	0	0	0	0	0	0	0	0	0	0	0	0	0	0	0	0	0	0	1	0	0	0	1	0
V166N	0	0	0	0	0	0	0	0	0	0	0	0	0	0	0	0	0	0	0	0	0	0	0	0	0	0	0	0	0
V166D	3	5	3	4	0	0	0	0	0	0	0	0	1	3	0	0	1	3	0	7	4	0	1	1	3	1	10	2	0
V166C	0	0	0	0	0	0	0	0	0	0	0	0	0	0	0	0	0	0	0	0	0	0	0	0	0	0	0	0	0
V166E	10024	8989	7938	6576	790	605	711	1014	1479	2942	1191	2432	500	4450	457	325	3127	3914	344	4472	5572	5436	374	4180	5417	466	6704	5099	832
V166Q	1	0	0	0	0	0	0	0	0	0	0	0	0	1	0	0	0	0	0	0	0	0	0	0	2	0	0	0	0
V166G	1453	1235	1077	952	103	169	129	180	209	292	243	189	64	593	76	62	372	523	32	586	722	337	82	535	1247	91	918	809	158
V166H	0	0	0	0	0	0	0	0	0	0	0	0	0	0	0	0	0	0	0	0	0	0	0	0	0	0	0	0	0
V166I	51	52	32	32	12	1	5	8	1	0	20	6	1	30	6	2	16	36	1	23	12	5	1	12	11	7	35	12	5
V166L	3482	3168	2763	2127	500	455	542	605	365	1313	953	985	225	1429	241	206	966	1276	146	1319	1557	1622	259	1274	603	427	2136	420	421
V166K	16	22	17	9	0	6	2	0	0	0	22	0	0	12	0	1	2	5	0	5	7	12	0	4	0	0	10	0	0
V166M	9157	8248	7262	6244	1101	962	951	1155	1644	3131	1116	2359	509	3916	629	360	2669	3389	358	3505	4453	5484	497	3617	2334	703	5836	3821	1049
V166F	3	0	1	1	1	0	0	3	0	0	0	1	0	0	0	0	1	1	0	0	1	0	0	0	0	3	0	0	0
V166P	15	4	4	1	4	0	2	1	0	0	0	1	0	3	0	1	0	1	0	0	1	0	0	2	0	0	1	0	0
V166S	30	40	19	10	2	2	2	1	2	1	1	2	0	24	0	0	3	15	2	6	7	4	0	10	24	3	10	4	1
V166T	34	20	37	30	0	1	2	10	1	0	1	7	0	14	9	3	23	17	1	12	11	3	3	11	21	1	20	0	1
V166W	0	1	0	0	0	0	0	0	0	0	0	0	0	0	0	0	0	0	0	0	2	0	0	0	0	0	0	3	0
V166Y	0	1	0	0	0	0	0	0	0	0	0	0	0	0	0	0	0	0	0	0	0	0	0	0	0	0	0	0	0
V166V	3655176	3276052	2984201	2360430	2377519	1897478	2842617	2112812	2140051	3637883	2873753	3406178	1528490	1629513	1582895	1283542	1162283	1446293	1047532	1635482	1780134	1677758	1602074	1493626	1723604	2058089	2205410	1510310	2316771
V166X	0	0	0	0	0	0	0	0	0	0	0	0	0	0	0	0	0	0	0	0	0	0	0	0	0	0	0	0	0
V166B	7	4	5	6	0	0	1	0	0	0	0	1	0	2	0	0	1	0	0	0	6	1	0	2	1	0	0	1	0
N167A	2	1	3	0	0	0	0	0	0	0	0	0	0	2	0	0	3	2	0	0	0	0	0	0	0	0	2	0	0
N167R	11	14	13	10	0	2	1	1	0	0	0	0	0	3	0	0	3	3	1	5	8	0	0	4	1	1	15	0	0
N167N	3648242	3270590	2979440	2355526	2377449	1897093	2842294	2112144	2138970	3638402	2871729	3400320	1528402	1626643	1582856	1283196	1160790	1443539	1047371	1633416	1777539	1681405	1602257	1491981	1726901	2058672	2201631	1506055	2316317
N167D	14786	12973	11455	9729	2432	2161	2221	2538	4125	5915	2956	6182	1278	6474	1509	1279	4437	5621	782	6120	7502	5770	1195	5776	6534	1570	9638	8261	2316
N167C	16	16	15	9	2	2	3	0	0	0	0	0	0	7	0	0	3	9	0	8	5	0	1	6	0	0	32	75	1
N167E	35	17	16	15	0	0	5	2	0	1	0	0	2	6	0	2	9	2	0	18	7	0	0	9	1	3	15	3	0
N167Q	2	1	0	2	0	0	0	0	0	0	0	0	0	0	0	0	0	2	0	0	0	0	1	0	0	0	1	0	0
N167G	18	19	20	16	0	1	0	1	1	3	1	7	0	13	0	1	7	6	0	9	15	1	0	6	3	0	12	17	3
N167H	706	560	540	521	54	58	39	63	172	290	29	111	25	285	17	12	175	311	9	274	287	211	21	243	102	26	371	126	41
N167I	5760	5238	4256	3669	329	280	282	536	567	1258	517	968	284	2538	188	168	1639	2195	133	2238	2666	1654	169	2185	893	195	3867	1582	371
N167L	1	0	0	0	0	0	0	0	0	0	0	0	0	1	0	0	0	0	0	0	0	0	0	0	0	0	0	23	0
N167K	5826	5198	4414	3817	459	408	393	701	452	1257	812	1746	240	2530	236	225	1872	2290	235	2577	3209	1880	181	2304	2922	306	3897	3185	631
N167M	0	0	0	0	0	0	0	0	0	0	0	0	0	0	0	0	0	0	0	0	0	0	0	0	0	0	2	0	0
N167F	0	3	1	3	0	0	0	0	0	0	0	0	0	1	1	0	1	0	0	3	0	0	0	1	0	0	1	0	0
N167P	0	0	0	0	0	0	0	0	0	0	0	0	0	0	0	0	0	0	0	0	0	0	0	0	0	0	0	0	0
N167S	13333	11524	10368	8578	1653	1517	1390	1850	1516	3904	2120	3267	814	5711	706	598	3723	5170	536	4966	6441	4512	656	5004	3018	915	8209	4136	1700
N167T	923	738	682	609	67	40	83	53	43	87	24	232	44	379	28	22	228	387	25	344	460	334	33	314	130	37	502	213	49
N167W	0	0	0	0	0	0	0	0	0	0	0	0	0	0	0	0	0	0	0	0	0	0	0	0	0	0	0	0	0
N167Y	10330	9249	7803	6716	837	935	1234	1371	1448	3267	4495	5111	682	4372	597	411	2938	4031	447	3880	4475	3593	312	3884	2671	470	6562	4391	1305
N167V	1	0	2	4	0	0	0	0	0	1	0	0	0	0	0	0	1	3	0	3	1	14	1	6	0	0	2	2	0
N167X	25	14	15	20	10	0	0	0	0	0	2	0	0	10	0	0	8	11	0	4	19	0	1	7	0	3	10	1	7
N167B	1	1	0	2	0	0	0	0	0	0	0	0	0	2	0	0	0	0	0	1	2	0	0	0	0	1	2	0	1
A168A	3672111	3291843	2997841	2371423	2378553	1898485	2843039	2113927	2142565	3645082	2876224	3407214	1528947	1636998	1583768	1283779	1167681	1453117	1047643	1642841	1789347	1687252	1602704	1501014	1732618	2059335	2217020	1513430	2318235
A168R	0	0	0	0	0	0	0	0	0	0	0	0	0	0	0	0	0	0	0	0	0	0	0	0	0	0	0	0	0
A168N	2	1	1	1	1	0	0	0	0	0	1	1	0	0	0	0	1	0	0	0	1	0	0	0	0	0	0	0	0
A168D	3993	3554	3012	2432	401	306	556	644	375	1010	1353	1378	404	1858	266	240	1267	1591	250	1638	1815	3298	216	1571	1621	268	2534	1982	390
A168C	0	0	1	1	0	0	0	0	0	0	0	0	0	1	0	0	0	0	0	0	1	0	0	0	0	0	0	0	0
A168E	9	8	16	1	0	0	2	0	0	0	0	0	1	7	1	0	1	10	0	3	3	2	0	2	3	2	1	9	2
A168Q	0	0	0	0	0	0	0	0	0	0	0	0	0	0	0	0	0	0	0	0	0	0	0	0	0	0	0	0	0
A168G	875	652	649	600	343	310	302	255	254	905	204	393	171	362	139	91	238	313	79	364	382	319	127	311	1116	159	534	218	395
A168H	0	0	0	0	0	0	0	0	0	0	0	0	0	0	0	0	0	0	0	0	0	0	0	0	0	0	0	0	0
A168I	22	13	9	15	0	1	1	1	0	0	2	1	1	7	0	0	4	9	0	5	9	0	0	5	5	0	6	8	0
A168L	0	0	0	1	0	0	0	0	0	1	0	0	0	0	0	0	0	0	0	0	0	0	0	0	0	0	0	0	0
A168K	0	0	0	0	0	0	0	0	0	0	0	0	0	0	0	0	0	0	0	0	0	0	0	0	0	0	0	0	0
A168M	0	0	0	0	0	0	0	0	0	0	0	0	0	0	0	0	0	0	0	0	0	0	0	0	0	0	0	0	0
A168F	3	2	3	1	1	0	0	0	1	0	0	1	0	2	0	0	0	3	0	0	1	0	1	1	0	0	0	2	1
A168P	674	578	497	405	99	46	109	95	85	226	82	178	68	251	85	39	184	214	11	239	381	1241	44	291	317	44	423	676	127
A168S	1808	1527	1475	1069	470	368	504	555	288	1410	345	1006	148	727	144	139	502	641	127	725	759	285	195	621	569	286	1069	875	342
A168T	9716	8590	7472	6218	1405	1281	1398	1493	2039	2785	1812	3526	876	4157	794	739	2899	3671	527	3869	4929	3756	698	3771	3439	1049	6119	6118	1543
A168W	0	0	0	0	0	0	0	0	0	0	0	0	0	0	0	0	0	0	0	0	0	0	0	0	0	0	0	0	0
A168Y	0	0	0	0	0	0	0	0	0	2	0	0	0	0	0	0	0	0	0	0	0	0	0	0	0	0	0	0	0
A168V	10805	9388	8067	7079	2019	1700	2034	2290	1687	2964	2662	4246	1155	4607	941	887	3060	4013	902	4182	5008	3221	843	4143	3488	1056	7065	4752	1707
A168X	0	0	0	0	0	0	0	0	0	0	0	0	0	0	0	0	0	0	0	0	0	0	0	0	0	0	0	0	0
A168B	0	0	0	0	0	0	0	0	0	0	0	0	0	0	0	0	0	0	0	0	0	0	0	0	0	0	0	0	0
L169A	1	0	1	1	0	0	0	0	0	0	0	0	2	1	0	0	0	0	0	0	0	0	0	0	0	0	0	0	0
L169R	1765	1524	1234	1102	188	146	191	361	1094	945	412	965	251	728	107	162	495	709	118	685	684	575	44	635	594	83	995	397	192
L169N	6	6	4	6	1	1	0	0	1	1	0	1	0	8	2	1	6	4	0	5	5	0	1	5	4	4	3	1	0
L169D	1	0	1	0	0	0	0	0	0	0	0	0	0	0	1	0	0	0	0	1	0	0	0	0	0	0	0	0	0
L169C	0	0	0	0	2	0	0	1	0	0	1	0	1	1	1	1	1	0	0	0	0	0	6	2	0	1	2	0	0
L169E	0	0	0	0	0	0	0	0	0	0	0	0	0	0	0	0	0	0	0	0	0	0	0	0	0	0	0	0	0
L169Q	19	13	12	1	0	0	0	1	4	0	0	4	1	3	1	1	6	10	0	8	1	2	0	12	10	3	7	4	2
L169G	0	0	0	0	0	0	0	0	0	0	0	0	0	0	0	0	0	0	0	0	0	0	0	0	0	0	0	0	0
L169H	8595	8134	7123	6156	1712	1370	1353	1421	2518	3260	2539	3892	757	3977	932	729	2850	3586	461	3852	5075	3630	788	3709	3991	1143	6057	3604	1952
L169I	5652	5325	4645	3955	1070	1064	913	1118	1446	2572	1128	2123	539	2596	645	447	1784	2261	398	2671	3600	1998	636	2345	2296	959	3931	4148	1145
L169L	3662603	3281730	2989077	2363426	2377602	1897574	2843178	2113252	2138982	3641363	2874431	3405056	1529036	1632695	1583186	1283665	1164367	1448843	1047723	1637775	1782755	1685147	1602213	1496453	1729250	2058405	2210056	1508605	2317007
L169K	0	0	0	0	0	0	0	0	0	0	0	0	0	0	0	0	0	0	0	0	0	0	0	0	0	0	0	0	0
L169M	0	0	0	1	0	0	0	0	0	0	0	0	0	0	0	0	0	0	0	0	0	0	0	0	0	0	0	0	0
L169F	7822	7363	6449	5830	1524	1331	1228	1591	1540	3230	1257	3007	498	3333	587	420	2100	3022	390	3043	3597	2325	527	2993	1954	832	5081	2427	1355
L169P	13068	11585	10088	8383	1045	881	992	1419	1585	2900	2829	2729	632	5430	609	407	4071	4974	411	5616	6633	5525	535	5348	4998	652	8284	8852	978
L169S	34	39	23	16	8	4	7	7	0	0	14	21	0	15	6	9	6	6	5	7	15	4	9	17	6	19	17	2	4
L169T	16	23	17	19	5	3	0	1	0	1	0	1	0	10	0	0	3	7	1	8	8	0	1	7	0	6	16	2	1
L169W	0	0	0	0	0	0	0	0	0	0	0	0	1	0	0	0	0	0	0	0	0	0	0	0	0	0	0	0	0
L169Y	6	11	13	5	1	1	0	0	0	0	1	0	1	10	1	0	4	4	0	6	9	0	0	2	13	2	6	1	2
L169V	430	403	356	345	134	122	83	88	124	113	73	145	52	170	60	72	144	156	32	189	253	168	68	202	60	90	316	27	104
L169X	0	0	0	0	0	0	0	0	0	0	0	0	0	0	0	0	0	0	0	0	1	0	0	0	0	0	0	0	0
L169B	0	0	0	0	0	0	0	0	0	0	0	0	0	0	0	0	0	0	0	0	0	0	0	0	0	0	0	0	0
Y170A	0	1	0	0	0	0	0	0	0	0	0	0	0	0	0	0	0	0	0	0	0	0	0	0	0	0	0	0	0
Y170R	29	20	21	15	5	1	2	4	5	2	1	2	2	7	0	1	5	8	2	22	14	45	3	7	1	0	16	1	2
Y170N	8326	7538	6581	5623	1050	876	920	1403	1741	3661	1937	3989	808	3796	591	487	2674	3398	438	3683	4213	4352	478	3537	4718	674	5559	6057	939
Y170D	856	881	749	625	35	67	68	73	106	122	95	83	25	436	22	16	306	354	32	414	451	297	24	346	220	47	669	265	102
Y170C	9166	7913	6865	5906	1073	911	947	1255	1346	2472	1261	2623	552	3912	462	450	2598	3368	387	3524	4396	3246	480	3490	2363	681	5699	5346	996
Y170E	1	0	0	0	0	0	0	0	0	0	0	0	0	0	0	0	0	1	0	0	0	0	0	0	0	1	0	0	0
Y170Q	6	5	5	2	0	0	0	0	0	0	0	1	2	4	0	0	0	4	0	2	4	0	0	1	1	0	4	0	0
Y170G	1	0	1	0	0	0	0	0	0	0	0	0	0	0	0	0	0	0	0	0	0	0	0	0	0	0	1	0	0
Y170H	13370	11832	10015	8582	2700	2153	2747	2572	3351	5522	4476	5555	1333	5743	1467	1181	3945	5077	895	5530	6689	6627	1356	5303	5634	1988	8774	6464	2711
Y170I	12	14	4	3	0	2	0	0	0	0	0	0	0	12	0	0	2	6	0	2	5	0	0	4	0	0	9	0	1
Y170L	604	512	481	410	48	29	24	49	41	22	13	44	19	303	23	7	210	247	6	226	154	32	8	180	34	9	355	17	34
Y170K	1	1	2	0	0	0	0	1	0	0	0	0	2	0	0	0	1	1	0	1	0	1	2	1	1	0	0	1	0
Y170M	0	0	0	0	0	0	0	0	0	0	0	0	0	0	0	0	0	0	0	0	0	0	0	0	0	0	0	0	0
Y170F	6467	5916	4889	3970	529	463	579	789	451	1203	1128	2041	324	2788	284	247	1734	2467	182	2290	2820	1864	274	2378	1561	382	4065	1905	604
Y170P	0	0	0	0	0	0	0	0	0	0	0	0	0	1	0	0	0	0	0	1	0	0	0	0	0	0	0	0	0
Y170S	425	496	386	341	56	52	48	83	91	221	28	298	30	232	35	47	144	197	24	263	309	65	48	204	194	76	324	89	70
Y170T	0	0	0	0	0	0	0	0	0	0	0	0	0	0	0	0	1	0	0	0	1	0	0	0	0	0	0	0	0
Y170W	2	2	0	1	0	0	0	0	0	0	0	0	0	0	0	0	0	0	0	0	0	0	0	0	0	0	0	0	0
Y170Y	3654232	3275046	2984119	2359771	2377265	1897484	2842102	2112145	2139106	3639221	2873017	3401906	1528311	1628617	1582963	1283230	1162277	1445737	1047262	1635291	1780045	1678595	1601868	1493993	1727326	2057957	2204982	1505335	2316673
Y170V	3	2	1	5	0	0	0	0	0	0	0	0	0	1	0	0	2	1	0	2	1	0	0	0	0	0	1	7	0
Y170X	5402	4891	4012	3217	438	381	433	739	1000	1208	675	1259	306	2537	260	224	1560	2244	287	2112	2874	3961	238	1877	774	343	3525	2361	468
Y170B	1115	1086	912	775	93	78	75	147	56	731	54	143	57	588	31	24	378	472	24	503	660	289	49	409	349	41	788	222	142
F171A	8	9	11	7	0	0	0	2	0	0	0	0	0	9	0	0	1	3	0	1	3	0	0	5	0	1	6	0	0
F171R	3	1	1	4	3	0	0	0	0	0	0	0	0	0	0	0	1	1	0	0	4	0	0	2	9	0	1	0	0
F171N	23	32	22	18	2	0	2	3	0	0	17	6	1	14	0	0	12	17	1	19	15	12	1	17	6	2	25	7	0
F171D	4	15	8	10	0	0	0	5	0	0	0	0	0	8	0	0	3	4	0	6	4	0	0	2	0	0	11	0	1
F171C	1069	884	825	769	72	84	84	117	117	466	601	319	102	497	47	35	364	414	23	401	541	697	29	428	221	83	716	328	80
F171E	0	0	0	0	0	0	0	0	0	0	0	0	0	0	0	0	0	0	0	0	0	0	0	0	0	0	0	0	0
F171Q	0	0	0	0	0	0	0	0	0	0	0	0	0	0	0	0	0	0	0	0	0	0	0	0	0	0	0	1	0
F171G	0	0	0	0	0	0	0	0	0	0	0	0	0	0	0	0	0	0	0	0	0	0	0	0	0	0	0	0	0
F171H	63	51	39	27	1	2	2	3	8	3	0	2	3	21	1	0	18	24	0	23	35	17	1	29	1	5	24	48	2
F171I	14793	13544	11741	9604	1298	1214	1124	1601	1935	3322	1608	3553	718	6349	606	418	4542	5867	452	6009	7288	6295	627	5819	6824	804	9884	6422	1143
F171L	19526	17714	14880	12913	2764	2601	2765	3113	2642	5123	3254	5547	1285	8529	1445	1269	5911	7383	919	8011	9844	7449	1543	7655	6931	2078	12938	6017	2812
F171K	0	0	0	0	0	0	0	0	0	0	0	0	0	0	0	0	0	0	0	0	0	0	0	0	0	0	0	0	0
F171M	0	0	1	1	0	0	2	0	0	0	0	0	0	0	0	0	0	0	0	0	0	0	0	0	0	0	0	0	0
F171F	3630758	3252637	2964614	2342990	2374021	1893819	2839960	2109221	2136188	3635564	2871313	3397817	1526875	1618534	1581539	1282281	1154321	1436445	1046492	1625033	1766953	1666638	1600376	1484188	1715205	2056412	2188807	1497147	2313335
F171P	63	112	51	58	1	14	4	2	0	12	5	0	0	26	2	2	29	21	2	38	51	5	0	33	29	2	58	29	1
F171S	18846	17108	14764	12322	1553	1563	1438	2191	3167	4491	2865	5641	1267	8373	779	627	5861	7397	661	7866	9890	9976	718	7418	6787	871	12262	12139	1807
F171T	48	64	55	54	1	2	2	9	1	1	0	26	1	33	3	0	20	26	1	25	38	3	2	20	10	5	31	38	6
F171W	0	0	0	0	0	0	0	0	0	0	0	0	0	0	0	0	0	0	0	0	0	0	0	0	0	0	0	0	0
F171Y	13690	12945	11146	9722	3508	3095	2459	2870	3063	5047	2983	4533	1462	6135	1658	1247	4375	5512	952	5935	7380	8078	1486	5671	6733	1875	9307	5634	3453
F171V	1090	996	860	744	66	103	99	122	168	356	39	499	57	426	57	35	369	449	36	480	577	200	41	426	411	48	691	249	102
F171X	32	41	25	1	0	0	4	1	5	0	0	1	0	20	1	0	9	19	0	19	7	4	4	15	9	13	8	7	0
F171B	2	3	0	2	2	0	0	0	0	0	0	0	0	3	0	0	1	0	0	0	6	0	0	2	0	0	2	4	0
N172A	2	0	1	0	0	0	0	0	0	0	0	0	0	1	0	0	0	0	0	0	2	4	0	3	0	0	1	0	0
N172R	19	20	19	8	4	2	1	2	4	8	0	6	2	20	0	1	3	12	0	13	15	3	1	13	10	2	11	6	1
N172N	3642947	3265859	2976519	2353417	2374679	1895555	2840715	2110510	2137201	3635013	2873557	3399821	1526704	1624578	1581636	1282329	1159583	1442145	1046009	1631741	1776510	1672009	1601036	1490606	1724824	2057219	2199356	1503743	2314124
N172D	19585	17048	14802	12700	3271	2703	2522	3281	3441	7434	2544	7095	1399	8292	1780	1368	5824	7396	1083	7895	9772	10205	1780	7494	9334	2153	12199	11877	3130
N172C	12	25	13	6	0	0	0	2	1	0	0	0	0	9	0	0	4	12	0	7	12	0	0	6	0	0	12	0	2
N172E	9	11	10	3	0	0	2	2	3	0	1	0	0	2	0	0	2	8	0	5	2	1	1	2	3	3	9	0	0
N172Q	1	0	0	0	0	0	0	0	0	0	0	0	0	0	0	1	0	0	0	2	0	0	0	0	0	0	0	0	0
N172G	29	42	36	35	2	2	4	8	2	5	2	18	0	19	0	0	23	13	1	13	23	23	0	25	50	9	37	1	8
N172H	1117	1087	897	767	281	246	186	273	127	670	255	570	186	550	139	119	394	434	113	475	552	789	105	449	873	111	820	775	312
N172I	5603	4704	4106	3363	421	270	264	533	179	626	357	1111	153	2258	147	109	1471	2090	76	2059	2454	1234	173	1954	600	182	3332	694	386
N172L	1	0	0	0	0	0	0	0	0	0	0	0	0	0	0	0	0	0	0	0	0	0	0	0	0	0	0	0	0
N172K	2714	2347	2054	1527	577	434	638	523	737	618	328	575	235	1137	330	245	677	910	221	1019	1066	363	335	920	560	418	1576	677	523
N172M	0	1	0	0	0	0	0	0	0	0	0	0	0	0	0	0	0	0	0	0	0	0	0	0	0	0	1	0	0
N172F	17	17	13	9	0	3	0	1	0	36	0	0	1	9	0	0	8	8	0	5	4	1	0	11	0	0	19	1	16
N172P	0	0	0	0	0	0	0	0	0	0	0	0	0	0	0	0	0	0	0	0	0	0	0	0	0	0	0	0	0
N172S	17331	15365	12878	11023	3210	2443	2835	2956	4770	7450	4038	6509	2616	7641	1640	1405	4882	6467	1765	6736	7670	8889	1034	6430	4299	1609	10958	5751	3211
N172T	1047	915	700	605	58	79	123	109	47	313	281	257	57	427	45	39	262	359	40	335	429	1673	45	343	308	58	573	766	183
N172W	0	0	0	0	0	0	0	0	0	0	0	0	0	0	0	0	0	0	0	0	0	0	0	0	0	0	0	0	0
N172Y	9562	8691	6973	5763	788	752	655	1055	782	2211	1322	1982	418	4026	420	298	2695	3719	231	3554	4114	4174	317	3461	2314	435	5842	3760	846
N172V	11	20	13	16	0	8	0	5	0	1	0	0	0	2	1	0	6	8	0	5	4	6	1	11	1	0	24	19	0
N172X	9	2	4	4	0	0	0	0	0	0	0	0	0	4	0	0	1	1	0	1	5	0	0	2	0	0	1	0	0
N172B	2	2	5	0	1	0	0	0	0	0	0	0	0	2	0	0	2	0	0	1	2	0	0	0	0	0	0	0	0
G173A	1136	1058	899	798	154	146	202	191	314	287	231	1160	129	478	98	88	332	482	82	445	542	321	107	455	206	112	803	331	205
G173R	350	263	277	204	26	31	53	37	30	148	30	34	22	101	17	12	103	86	6	119	169	49	16	103	98	15	204	58	37
G173N	22	17	29	31	11	32	2	10	15	22	1	9	4	15	1	6	11	11	4	14	10	23	4	10	5	3	31	6	0
G173D	13288	11872	10002	8839	1387	1236	1283	1594	2987	3312	1501	2795	588	5764	664	506	4213	5113	461	5399	7584	7664	803	5472	5008	906	9300	6265	1475
G173C	5668	5177	4286	3615	642	555	695	789	808	1149	740	1976	346	2322	338	278	1603	2142	238	2184	2545	2840	322	2015	1952	507	3644	1647	632
G173E	15	13	4	3	0	0	0	0	2	1	10	0	1	6	0	0	2	3	0	2	2	2	0	3	0	0	11	0	0
G173Q	0	0	0	0	0	0	0	0	0	0	0	0	0	0	0	0	0	0	0	0	0	0	0	0	0	0	0	0	0
G173G	3663307	3282964	2991292	2365256	2379228	1898796	2843943	2114460	2141017	3644955	2878331	3407656	1529796	1633452	1584296	1284391	1164911	1449630	1048144	1639615	1784094	1682786	1602737	1497599	1731647	2059568	2209971	1514174	2318566
G173H	4	0	4	2	0	0	0	0	0	0	0	0	0	1	0	0	0	0	0	1	0	0	0	1	0	0	3	0	0
G173I	36	32	18	5	0	0	1	1	3	1	1	3	0	25	1	1	9	16	0	15	8	5	3	17	13	4	17	4	0
G173L	2	1	1	0	0	0	0	1	2	0	0	0	0	0	0	0	1	0	0	0	0	0	0	1	0	0	0	0	0
G173K	0	0	0	0	0	0	0	0	0	0	0	0	0	0	0	0	0	0	0	0	0	1	0	0	0	0	0	0	0
G173M	0	0	0	0	0	0	0	0	0	0	0	0	0	0	0	0	0	0	0	0	0	0	0	0	0	0	0	0	0
G173F	33	36	25	0	0	0	2	3	5	0	0	4	5	25	0	1	11	23	1	16	3	7	3	7	16	3	16	6	0
G173P	0	0	0	0	0	0	0	0	0	0	0	0	1	0	0	1	0	0	0	0	0	0	0	0	0	0	0	0	0
G173S	12937	11710	9598	8418	1344	1330	1216	1576	1725	3480	1242	2938	663	5330	524	441	3604	4783	445	4806	6144	4817	616	4900	3561	777	8626	3694	1379
G173T	0	0	0	0	0	1	0	0	0	0	0	0	0	0	0	0	0	0	0	0	0	0	0	0	0	0	0	0	0
G173W	2	0	1	5	1	0	1	1	0	0	9	0	0	1	1	0	2	1	0	4	1	1	0	2	0	0	5	0	0
G173Y	31	50	39	6	0	0	0	0	10	0	0	2	0	30	0	0	8	23	1	14	6	13	4	8	15	6	29	4	0
G173V	3175	2959	2563	2061	499	370	536	596	376	1030	589	1367	215	1418	196	189	1025	1267	157	1228	1519	838	213	1135	655	298	2099	1881	446
G173X	12	4	5	3	0	0	11	1	0	0	0	0	1	9	2	0	2	2	0	4	9	7	0	2	0	0	12	0	2
G173B	0	0	0	0	0	0	0	0	0	0	0	0	0	0	0	0	0	0	0	0	0	0	0	0	0	0	0	0	0
Q174A	0	0	0	0	0	0	0	0	0	0	0	0	0	0	0	0	0	0	0	0	0	0	0	0	0	0	0	0	0
Q174R	10600	9920	8459	6881	1937	1739	1988	1897	1956	5062	2476	3188	1197	5392	1379	927	3916	4652	794	5137	5892	3582	1069	4659	3420	1375	8335	4760	2204
Q174N	2	1	1	1	1	0	0	0	1	0	0	1	0	0	0	0	0	3	0	2	1	0	0	0	0	0	1	0	0
Q174D	0	0	0	0	0	0	0	0	0	0	0	0	0	0	0	0	0	0	0	0	0	0	0	0	0	0	0	0	0
Q174C	0	0	0	0	0	0	0	0	0	0	0	0	0	0	0	0	0	0	0	0	0	0	0	0	0	0	0	0	0
Q174E	563	454	415	400	164	130	120	124	163	136	70	212	60	232	80	53	167	202	40	247	309	772	86	218	188	93	279	77	130
Q174Q	3639167	3261449	2973164	2351054	2374200	1894509	2840335	2110074	2138879	3635032	2873375	3400825	1527055	1621909	1581561	1282649	1157669	1439737	1045936	1629518	1769154	1672084	1600937	1488765	1729700	2056774	2193995	1507431	2313214
Q174G	1	0	1	0	0	0	0	0	0	0	0	0	0	1	0	0	0	0	0	1	0	0	0	0	0	0	3	0	0
Q174H	4274	3787	3177	2490	848	770	719	809	730	1526	807	1287	315	1695	426	349	1175	1555	258	1559	2024	810	431	1637	974	710	2731	856	851
Q174I	1	0	1	0	0	0	0	0	0	0	0	0	0	0	0	0	0	0	0	0	0	0	0	0	0	0	0	0	0
Q174L	20209	18140	15295	12757	2482	2153	2007	2646	2538	5570	2195	5513	1291	8909	1194	870	5807	8045	905	7873	9176	6973	967	7642	5024	1448	13194	7656	2594
Q174K	4768	4402	3642	2899	1065	860	802	920	628	1437	720	2523	420	1836	424	351	1164	1676	378	1631	2075	1017	331	1569	865	690	2854	2189	1017
Q174M	31	35	22	23	4	0	0	4	2	0	0	0	0	13	1	1	9	12	0	19	13	8	2	14	3	7	18	189	5
Q174F	0	0	0	0	0	0	0	0	0	0	0	0	0	0	0	0	0	0	0	0	0	0	0	0	0	0	0	0	0
Q174P	2558	2250	1901	1708	346	257	268	352	301	623	314	484	111	1074	166	113	777	1007	126	1058	1246	2242	91	934	790	202	1720	586	378
Q174S	2	0	0	1	0	0	0	0	0	0	0	0	0	1	0	0	0	0	0	2	2	0	0	0	0	0	0	0	0
Q174T	5	7	8	5	0	0	0	0	0	0	0	0	0	4	0	0	2	3	0	0	5	0	0	2	0	3	4	0	0
Q174W	49	29	33	23	0	1	10	13	0	31	4	8	1	21	2	1	11	18	0	13	28	0	6	10	1	4	23	0	2
Q174Y	10	2	8	3	0	0	0	1	0	1	0	0	0	5	0	0	3	2	0	3	0	1	0	1	0	0	3	0	3
Q174V	1	0	1	0	0	0	0	0	0	0	0	2	0	0	0	0	1	0	0	0	0	0	0	0	0	0	0	0	0
Q174X	15	19	16	8	6	1	0	2	0	15	1	0	0	6	0	1	6	6	0	5	14	0	2	7	1	0	18	0	2
Q174B	17762	15661	12899	10993	2239	2077	1696	2418	2096	4952	2723	3901	1321	7879	905	599	5130	6664	1102	6798	12697	11885	906	6272	2210	893	11593	4326	2342
W175A	0	0	0	0	0	0	0	0	0	0	0	0	0	0	0	0	0	0	0	0	0	0	0	0	0	0	0	0	0
W175R	29238	25758	22035	18391	1930	1942	1750	2835	2761	5874	3325	6193	1137	12405	1048	789	8518	10949	710	11220	13705	14434	880	11181	9733	1179	18902	14891	2170
W175N	0	0	0	0	0	0	0	0	0	0	0	0	0	0	0	0	0	0	0	0	0	0	0	0	0	0	0	0	0
W175D	0	0	0	0	0	0	0	0	0	0	0	0	0	0	0	0	0	0	0	0	0	0	0	0	0	0	0	0	0
W175C	7088	6436	5582	4410	722	522	519	839	1044	1733	2571	1801	320	3178	295	237	2264	2768	288	2789	3140	2290	247	2728	2501	456	4504	3898	608
W175E	0	1	0	1	0	0	0	0	0	0	0	0	0	0	0	0	0	1	0	1	3	104	0	0	0	0	1	0	0
W175Q	25	10	22	13	3	1	4	3	0	0	6	0	1	10	1	0	7	8	0	9	9	2	0	9	0	1	19	1	3
W175G	989	904	754	712	80	58	35	86	76	210	128	169	33	477	36	20	338	380	21	465	592	543	29	372	236	13	706	737	77
W175H	0	0	0	0	0	0	0	0	0	0	0	0	1	0	0	0	0	0	0	0	0	0	0	0	0	0	0	0	0
W175I	0	0	0	0	0	0	0	0	0	0	0	0	0	0	0	0	0	0	0	0	0	0	0	0	0	0	0	0	0
W175L	10268	8792	7610	6302	1108	934	851	1119	900	1495	652	1898	476	4260	506	417	2963	3806	306	4125	4809	3491	478	3854	4299	770	6496	2763	1108
W175K	7	6	6	1	6	0	0	0	0	0	0	0	0	0	0	0	0	0	0	4	5	11	0	1	0	0	4	0	0
W175M	12	15	9	10	0	0	0	0	0	0	0	0	1	14	0	1	6	3	0	19	3	0	1	7	4	0	14	1	0
W175F	52	41	32	4	1	3	0	2	19	0	1	2	0	32	0	1	6	18	0	23	8	3	3	13	16	5	21	17	0
W175P	2	4	1	4	0	0	0	1	0	0	0	0	0	0	0	0	1	0	1	2	3	0	0	2	0	0	2	0	0
W175S	1085	911	747	592	112	70	87	113	63	156	63	156	40	458	28	32	290	378	27	398	537	211	48	398	601	78	742	268	84
W175T	0	0	0	0	0	0	0	0	0	0	0	0	0	0	0	0	0	0	0	0	0	0	0	0	0	0	0	0	0
W175W	3619742	3245735	2959244	2339092	2376020	1895984	2841580	2110093	2138262	3635971	2870163	3396537	1527324	1614762	1582493	1283165	1152920	1433890	1046566	1624005	1760354	1658556	1602056	1482039	1720573	2058311	2182785	1495105	2315218
W175Y	20	16	15	5	9	3	0	3	3	2	1	2	1	19	0	2	7	9	0	8	4	5	1	4	2	3	11	32	0
W175V	0	1	3	3	0	0	0	0	0	0	0	0	0	0	0	0	1	0	0	1	0	0	0	0	0	2	0	0	0
W175X	16464	14129	11263	9301	2122	1940	2174	2600	2697	5244	4526	8176	1831	6928	1178	882	4148	5976	1267	4910	8399	9615	512	5139	2587	838	10506	4853	2351
W175B	15026	13397	11720	10405	1179	1040	945	1566	1469	3700	1249	3010	606	6434	553	368	4368	5396	353	5887	11065	10109	573	5983	2624	543	10058	5504	1123
