rowname	Input	Input.1	Input.2	Input.3	uPA	uPA.1	uPA.2	uPA.3	FXIIa	FXIIa.1	FXIIa.2	FXIIa.3	uPA.4	Input.4	uPA.5	uPA.6	Input.5	Input.6	uPA.7	Input.7	Input.8	TMPRSS2	uPA.8	Input.9	TMPRSS2.1	uPA.9	Input.10	TMPRSS2.2	uPA.10
K176A	6	2	4	3	0	0	0	0	0	0	0	0	0	1	1	0	0	0	0	0	3	0	1	1	0	1	1	0	0
K176R	20400	16888	26464	14587	4460	5148	5284	7012	5047	9597	3530	3773	2438	7543	2446	1619	8299	8311	1759	9606	9888	6587	3502	8165	9671	2632	13855	7433	3618
K176N	2289	2193	2968	1620	564	705	820	1035	734	939	471	489	258	929	333	241	872	985	230	1175	1014	435	789	993	908	597	1474	533	412
K176D	4	12	14	6	0	0	1	0	17	0	0	1	2	2	0	0	2	4	1	3	4	0	1	2	1	0	2	3	0
K176C	0	0	0	0	0	0	0	0	0	0	0	0	0	0	0	0	0	0	0	0	0	0	0	0	0	0	0	0	0
K176E	19222	15684	24113	13845	6948	7833	8183	9483	6004	8241	4291	4369	2987	7058	3803	2068	7479	7504	2243	8889	9404	4962	6049	7393	8781	3645	12146	7348	5522
K176Q	882	671	1120	667	257	260	196	367	218	286	26	192	117	297	119	75	373	320	90	435	405	92	218	337	435	141	510	631	135
K176G	73	80	91	70	10	5	7	27	1	3	1	14	2	22	1	2	23	41	8	39	31	2	9	34	16	3	53	5	1
K176H	0	0	0	0	0	0	0	0	0	0	0	0	0	0	0	0	0	1	0	0	0	0	0	0	0	0	0	0	1
K176I	16	15	18	4	2	0	1	2	0	0	1	1	0	7	0	1	4	7	1	3	11	1	2	4	4	1	8	0	1
K176L	14	16	36	17	0	4	1	4	0	0	0	1	3	14	0	0	11	9	1	7	5	5	0	7	0	1	18	0	2
K176K	3902519	3271922	5327783	2780624	2530531	2782536	4511113	4243178	3056752	3764699	2867037	2397359	1879671	1496784	1912521	1235967	1579359	1632785	1395532	1928719	1759934	1255541	3359583	1608007	2237894	2051848	2404280	1361475	2089081
K176M	9270	7777	11855	6645	1627	2012	1685	2881	1711	2374	1742	1657	722	3120	874	481	3554	3637	538	4078	4325	3606	1471	3657	2948	993	6088	1963	1390
K176F	0	0	0	1	0	0	0	0	0	0	0	0	1	0	0	0	0	0	0	0	0	0	0	0	0	0	0	0	0
K176P	0	0	0	0	0	0	0	0	0	0	0	0	0	0	0	0	0	0	0	0	0	0	0	0	0	0	0	0	0
K176S	3	4	19	7	0	1	1	2	1	1	1	1	1	5	0	0	3	2	0	11	0	0	0	2	1	0	5	0	2
K176T	1405	1292	1961	1037	801	976	1552	931	1332	1597	1340	1155	650	532	940	415	548	646	855	734	812	751	764	667	1043	556	993	978	751
K176W	30	36	49	39	6	8	2	4	3	1	1	1	0	13	0	2	12	19	6	11	15	20	3	13	7	2	25	1	6
K176Y	5	3	11	2	0	0	0	2	3	0	0	0	0	2	2	0	0	2	0	0	0	1	1	3	0	1	4	1	1
K176V	32	29	51	30	7	3	0	0	0	1	1	0	0	14	3	2	14	5	1	23	10	0	2	11	13	1	34	11	1
K176X	18	14	7	14	0	0	3	4	0	11	0	0	0	2	0	0	5	9	1	7	3	0	3	3	0	0	9	0	0
K176B	17701	14165	22467	13386	7428	8602	6047	8382	8446	11618	4434	4050	3810	6510	2879	1540	7365	6955	2683	8585	12351	7056	6063	7127	4407	2461	11958	9104	6038
T177A	10284	8335	13242	7599	2483	2620	3666	4115	3123	4360	3639	2827	1684	3786	1779	1244	4262	4196	1283	4674	5064	4482	2527	4197	5369	1745	7139	2663	2170
T177R	4	0	0	0	0	0	0	0	0	1	0	0	0	0	0	0	0	0	0	0	0	0	0	0	0	0	1	0	0
T177N	1832	1570	2273	1050	343	393	565	954	1141	1194	574	615	309	766	242	184	623	790	187	820	564	503	436	635	1012	391	1113	1534	337
T177D	30	28	25	1	1	0	9	8	5	1	0	0	3	12	5	2	6	15	2	11	7	20	13	13	13	1	6	4	1
T177C	0	1	0	0	0	0	0	1	1	0	0	0	0	0	0	0	0	0	0	0	0	0	0	0	1	0	0	0	0
T177E	0	0	0	0	0	0	0	0	0	0	0	0	0	0	0	0	0	0	0	0	0	0	0	0	0	0	0	0	0
T177Q	0	0	0	0	0	0	0	0	0	0	0	0	0	1	0	0	0	0	0	0	0	0	0	0	0	0	0	0	0
T177G	3	6	2	4	0	1	1	0	0	1	0	1	0	1	1	0	5	2	0	2	1	0	0	0	0	0	1	0	0
T177H	3	1	0	0	0	0	0	0	0	0	0	0	0	0	0	0	0	0	0	0	0	0	0	0	0	0	0	0	1
T177I	5553	4270	6867	3803	1050	1227	1443	1878	1779	2416	1000	1120	555	1948	545	317	2092	2063	419	2495	2415	1335	910	2204	4267	584	3477	1910	891
T177L	0	0	0	0	0	0	0	0	0	0	0	0	0	0	0	0	0	0	0	0	0	0	0	0	0	0	2	0	0
T177K	10	10	16	0	1	1	3	6	2	0	0	0	0	10	1	0	5	15	1	3	0	8	2	8	7	2	2	1	0
T177M	4	0	0	1	0	0	0	0	0	0	0	0	0	0	0	0	0	0	1	1	0	0	0	0	0	0	0	0	0
T177F	0	0	0	0	1	0	0	0	0	0	0	0	0	0	0	0	0	0	0	0	0	0	0	1	0	0	0	0	0
T177P	848	716	1164	591	73	160	180	177	10	163	62	110	24	321	37	21	325	385	24	371	393	133	60	336	169	35	597	119	61
T177S	7973	6421	9680	5566	2226	2638	2678	3978	2733	5896	2904	3566	1746	2811	1224	967	3159	3257	1163	3461	3400	2153	1310	2964	4319	995	5514	3862	1829
T177T	3947330	3309433	5385744	2813981	2546461	2801048	4526349	4262188	3071475	3785335	2874697	2404824	1886341	1513194	1920088	1239678	1597444	1650518	1400868	1950484	1786363	1270425	3373202	1626062	2250971	2059123	2433601	1379392	2101664
T177W	0	0	0	0	0	0	0	0	0	0	0	0	0	0	0	0	0	0	0	0	0	0	0	0	0	0	0	0	0
T177Y	5	3	7	3	1	0	0	1	0	0	0	0	0	1	0	0	0	0	0	2	1	0	0	1	0	3	1	1	0
T177V	10	9	11	5	1	5	2	8	0	1	0	0	0	4	0	0	2	1	1	1	7	0	1	5	1	4	9	0	8
T177X	0	0	0	0	0	0	0	0	0	0	0	0	0	0	0	0	0	0	0	0	0	0	0	0	0	0	0	0	0
T177B	0	0	0	0	0	0	0	0	0	0	0	0	0	0	0	0	0	0	0	0	0	0	0	0	0	0	0	0	0
P178A	385	365	483	254	51	89	81	123	48	48	46	65	39	142	16	16	114	137	11	139	161	41	52	135	59	28	265	32	44
P178R	648	469	734	521	106	101	99	194	82	101	583	105	27	233	41	26	210	274	55	265	260	122	84	226	97	59	421	75	67
P178N	23	23	24	3	0	0	2	8	5	0	0	0	0	14	1	0	6	13	0	18	1	6	5	6	12	3	13	4	0
P178D	1	1	2	0	0	0	0	1	0	0	0	0	0	0	0	0	0	0	0	0	0	1	1	0	0	0	0	0	0
P178C	0	0	0	0	0	0	0	0	0	0	0	0	0	0	0	0	0	0	0	0	0	0	0	0	0	0	0	0	0
P178E	0	0	0	0	0	0	0	0	0	0	0	0	0	0	0	0	0	0	0	0	0	0	0	0	0	0	0	0	0
P178Q	34	47	76	2	0	2	3	6	10	0	0	0	2	12	3	2	13	17	5	25	3	5	2	17	23	6	22	6	1
P178G	0	0	0	0	0	0	0	0	0	0	0	0	0	0	0	0	0	0	0	0	0	0	0	0	0	0	0	0	0
P178H	7748	6664	9981	6045	1122	1352	1278	2131	1457	1864	985	2047	547	2745	542	399	3030	3264	487	3557	3291	1330	885	2980	3641	687	5310	2658	920
P178I	7	5	10	3	0	1	0	3	3	0	0	0	1	5	0	0	1	10	0	9	0	5	2	3	2	0	1	5	0
P178L	6806	5519	8152	4808	807	928	1242	1824	953	1509	1172	1268	485	2343	469	256	2563	2721	334	2807	2702	2318	519	2523	2045	372	4393	1455	765
P178K	0	0	1	0	0	0	0	0	0	0	0	0	0	0	0	0	0	0	0	0	0	0	0	0	0	0	1	0	0
P178M	0	0	0	0	0	0	0	0	0	0	0	0	0	0	0	0	0	0	0	0	0	0	0	0	0	0	0	0	0
P178F	12	1	6	0	1	8	0	1	1	0	1	3	0	3	1	0	0	1	0	2	0	0	0	2	0	0	0	0	0
P178P	3951836	3312224	5391454	2816338	2549110	2803879	4529603	4266708	3076358	3793104	2878359	2406783	1888853	1515141	1922138	1241306	1599418	1652207	1402536	1952640	1788972	1273532	3375527	1628038	2251927	2060822	2436901	1382966	2104120
P178S	4576	3761	5658	3314	1029	1262	2030	1666	953	1600	1418	1363	549	1594	542	263	1759	1782	388	1918	2057	1298	946	1793	7120	586	3012	1933	789
P178T	1798	1706	2429	1315	415	470	558	644	393	1141	311	1429	159	618	169	145	808	805	133	936	768	399	435	697	1192	318	1118	351	255
P178W	0	0	0	0	0	0	0	0	0	0	0	0	0	0	0	0	0	0	0	0	0	0	0	0	0	0	0	0	0
P178Y	11	15	18	0	0	0	0	5	6	0	1	0	0	5	0	0	1	9	0	9	0	2	3	5	11	2	6	1	1
P178V	4	3	3	1	0	1	0	0	0	1	0	0	0	0	0	0	0	2	0	0	0	0	0	1	0	0	0	0	0
P178X	0	0	0	0	0	0	0	0	0	0	0	0	0	0	0	0	0	0	0	0	0	0	0	0	0	0	0	0	0
P178B	0	0	0	0	0	0	0	0	0	0	0	0	0	0	0	0	0	0	0	0	0	0	0	0	0	0	0	0	0
F179A	18	7	19	20	0	0	2	3	0	0	0	0	3	7	2	1	8	14	0	3	9	12	1	3	0	1	12	0	0
F179R	0	2	0	0	0	0	0	0	0	0	0	0	0	1	0	0	0	0	0	0	0	0	0	0	0	0	0	0	0
F179N	27	24	35	21	0	4	0	4	1	0	0	1	0	14	0	1	13	6	1	10	3	0	0	6	7	0	11	1	0
F179D	2	0	0	2	0	0	0	0	0	0	0	0	0	0	0	0	0	0	0	0	0	0	0	0	0	0	0	0	0
F179C	799	717	1049	685	61	105	60	131	216	137	50	157	24	317	44	31	345	339	28	372	394	215	49	269	127	50	552	678	64
F179E	0	0	0	0	0	0	0	0	0	0	0	0	0	0	0	0	0	0	0	0	0	0	0	0	0	0	0	0	0
F179Q	1	1	0	0	0	0	0	0	0	0	0	0	0	0	0	0	0	0	0	0	0	0	0	0	0	0	0	0	0
F179G	0	0	0	0	0	0	0	0	0	0	0	0	0	0	0	0	0	0	0	0	0	0	0	0	0	0	0	0	0
F179H	32	24	43	22	4	0	1	13	0	4	1	3	0	13	1	0	22	20	3	6	22	0	1	16	0	0	11	0	1
F179I	12939	10784	15622	9407	1323	1722	1520	3451	2271	4627	1840	2340	1136	4783	727	603	4974	5620	849	5755	5215	2571	781	4968	4867	525	8653	3858	1372
F179L	21323	17970	26978	15240	2020	2375	2583	4784	2991	6553	2443	3652	1246	7827	1119	714	8381	9049	891	9663	8906	5743	1584	8340	6999	991	14080	7257	1489
F179K	0	0	0	0	0	0	0	0	0	0	0	0	0	0	0	0	0	0	0	0	0	0	0	0	0	0	0	0	0
F179M	0	0	0	0	0	0	0	0	0	0	0	0	0	0	0	0	0	0	0	0	0	0	0	0	0	0	0	0	0
F179F	3908232	3275879	5335999	2786063	2546581	2800654	4527384	4258544	3070018	3780192	2875747	2402159	1886255	1498585	1920493	1240072	1582244	1633241	1400825	1932764	1771125	1262587	3374056	1610850	2245939	2060016	2407932	1366662	2101772
F179P	129	99	149	83	20	22	5	37	9	41	7	7	14	45	6	14	48	41	12	39	41	58	3	39	17	7	84	17	10
F179S	18753	15944	23887	12670	1730	2018	2127	4136	2883	5177	1892	2857	1397	7008	975	670	7143	7993	883	8378	7299	4901	1156	7160	4544	742	12207	4385	1424
F179T	32	32	57	36	3	0	15	10	0	1	0	1	0	20	0	0	23	17	2	16	14	0	0	14	1	0	24	2	8
F179W	1	0	0	0	0	0	0	0	0	0	0	0	0	0	0	0	0	0	0	0	0	0	0	0	0	0	0	0	0
F179Y	10329	8227	13467	7300	811	1071	1051	1939	1795	2409	807	1803	537	3742	497	260	4184	4393	406	4699	4558	2433	736	4211	2954	507	6976	5618	756
F179V	1232	1062	1666	1047	88	122	148	255	79	227	89	75	49	480	58	45	526	499	48	608	622	531	92	533	670	41	896	990	65
F179X	30	27	53	6	0	0	0	6	6	0	0	0	1	13	0	2	11	7	1	11	5	8	2	14	4	3	20	18	1
F179B	10	4	7	2	0	0	0	1	0	0	0	8	0	0	0	0	1	3	0	1	2	0	0	3	0	0	5	0	0
P180A	525	496	724	417	90	110	173	223	124	126	99	112	64	192	52	26	255	199	28	248	219	142	77	178	43	53	397	71	51
P180R	252	182	310	185	40	41	42	68	223	105	41	48	19	94	16	10	73	94	23	130	134	39	48	80	16	15	167	4	47
P180N	6	8	12	0	0	0	1	1	4	0	0	0	0	7	3	2	2	16	1	11	3	0	2	11	17	6	10	3	0
P180D	1	3	3	0	0	0	0	0	0	1	0	0	0	0	0	0	0	0	0	0	0	0	0	0	0	0	1	0	0
P180C	0	0	1	0	0	0	0	0	0	0	0	0	0	0	0	0	0	1	0	0	0	0	0	0	0	0	0	0	0
P180E	0	0	0	0	0	0	0	0	0	0	0	0	0	0	0	0	0	0	0	0	0	0	0	0	0	0	0	0	0
P180Q	58	62	78	3	0	1	4	6	14	0	1	1	3	27	3	4	11	38	3	43	8	9	13	25	19	4	30	4	2
P180G	0	0	0	0	0	0	0	0	0	0	0	0	0	0	0	0	0	0	0	0	0	0	0	0	0	0	0	0	0
P180H	4197	3345	5220	3332	864	1093	1066	1322	1331	2196	551	1041	390	1667	498	337	1875	2025	399	2406	2264	831	827	1784	1178	596	3052	1040	742
P180I	11	33	31	1	0	3	4	3	4	0	0	1	0	13	3	0	8	19	0	10	6	5	3	7	9	3	15	2	1
P180L	13641	11255	18725	12387	2204	2692	3064	5799	2493	4804	3341	2722	1499	5008	1053	801	4546	5533	777	5585	5539	1310	1571	5184	4052	1114	9120	2823	1924
P180K	0	1	0	0	0	0	0	1	0	0	0	0	0	0	0	0	0	1	0	0	0	0	0	0	0	0	0	1	0
P180M	0	0	0	0	0	0	0	0	0	0	0	0	0	0	0	1	0	0	0	0	0	0	0	0	0	0	0	0	0
P180F	16	13	11	14	6	10	3	5	0	0	10	8	1	5	0	2	1	1	0	1	2	0	1	6	7	0	10	0	2
P180P	3941803	3304574	5377775	2806405	2546683	2800746	4527062	4261250	3070909	3786111	2875840	2405293	1887290	1511108	1920726	1240279	1595903	1647846	1401612	1948010	1783735	1274157	3373533	1624068	2256486	2059382	2429739	1382213	2101806
P180S	7492	5905	8962	5291	1709	2142	2038	2688	2893	3927	1897	1908	823	2555	857	436	2873	2921	673	3150	3515	1479	1303	2801	2151	905	4871	2007	1475
P180T	5869	4904	7137	4562	1045	1252	1439	1939	2267	2098	1096	1928	572	2170	711	515	2369	2530	432	2724	2784	1074	1076	2272	2150	800	4029	1315	907
P180W	0	0	0	0	0	0	0	0	0	0	0	0	0	0	0	0	0	0	0	0	0	0	0	0	0	0	0	0	0
P180Y	17	20	39	7	0	0	0	7	7	0	0	1	1	8	0	0	7	18	1	6	6	13	7	10	1	5	22	3	5
P180V	0	2	3	0	0	3	0	2	0	0	0	0	0	1	0	0	0	0	0	1	0	0	0	0	0	0	0	0	0
P180X	1	0	0	0	0	0	0	0	0	0	0	0	0	0	0	0	0	0	0	0	0	0	0	0	0	0	0	0	0
P180B	0	0	0	0	0	0	0	0	0	0	0	0	0	0	0	0	0	0	0	0	0	0	0	0	0	0	0	0	0
D181A	1506	1106	1686	1011	502	405	520	634	529	716	452	550	523	567	220	176	560	644	267	572	465	292	145	533	567	172	990	420	383
D181R	0	0	0	0	0	0	0	0	0	0	0	1	0	0	0	0	0	0	0	0	0	0	0	0	0	0	0	2	0
D181N	11146	9305	13904	7865	2206	2402	2636	3541	3225	4797	2347	2597	1031	4053	1155	676	4275	4647	808	5034	4784	2820	1862	4427	3403	1236	7274	3956	1559
D181D	3930230	3295158	5365305	2802189	2542103	2796785	4520751	4254156	3063239	3773554	2866523	2395883	1883064	1507204	1917790	1238489	1591226	1643092	1398172	1942824	1780423	1264962	3370707	1619672	2250073	2057158	2423186	1371756	2098627
D181C	9	17	28	10	6	2	6	12	2	0	2	2	1	6	3	2	3	6	1	4	4	1	0	6	0	0	10	1	17
D181E	2061	1697	2721	1348	474	648	741	1012	683	580	379	468	206	841	316	168	778	914	192	1008	968	321	575	859	656	566	1295	450	372
D181Q	0	0	0	0	0	0	0	0	0	0	0	0	0	0	0	0	0	0	1	0	0	0	0	0	0	0	0	0	0
D181G	13264	10747	16490	9174	3999	4015	5955	8282	7142	12821	9659	10083	3873	4906	2627	1701	5140	5628	3055	5893	5147	6434	2238	5012	6693	1751	8512	6323	3472
D181H	325	294	420	233	57	74	112	234	59	262	43	98	41	108	49	21	116	114	32	148	157	24	63	96	52	66	237	148	34
D181I	29	19	30	28	2	0	4	1	0	0	15	1	2	7	2	1	4	13	2	13	8	0	2	9	8	1	22	1	1
D181L	1	0	3	0	0	0	0	0	0	0	0	0	0	0	0	0	1	0	0	0	0	0	1	3	0	3	12	0	4
D181K	1	6	5	1	0	0	1	0	0	0	0	0	0	2	0	0	0	1	0	0	0	0	0	1	0	0	2	0	0
D181M	0	0	0	0	0	0	0	0	0	0	0	0	0	0	0	0	0	0	0	0	0	0	0	0	0	0	0	0	0
D181F	35	43	36	2	1	3	7	10	8	0	0	0	1	20	2	0	9	17	4	14	2	6	17	7	6	5	15	15	1
D181P	1	0	0	0	0	0	0	0	0	0	0	0	0	0	0	0	0	0	0	0	0	0	0	0	0	0	1	0	0
D181S	16	15	20	17	0	6	3	12	5	0	0	0	0	4	4	2	6	10	4	19	2	30	3	9	5	1	12	4	2
D181T	1	2	3	0	4	7	1	0	0	14	0	2	1	0	0	0	2	0	0	2	2	0	4	2	0	1	1	0	1
D181W	0	0	0	0	0	0	0	0	0	0	0	0	0	0	0	0	0	0	0	0	0	0	0	0	0	0	0	0	0
D181Y	5518	4576	6578	3624	1124	1180	1810	2256	1810	2126	1446	1485	979	1817	727	580	2004	2153	608	2462	1985	1671	1168	2018	1477	819	3386	2124	793
D181V	9745	7817	11793	7101	2163	2566	2349	3163	3567	4498	2010	1892	940	3317	1027	597	3799	4003	803	4331	4267	2498	1676	3771	3189	1101	6505	4286	1696
D181X	0	1	5	0	0	0	0	1	0	0	0	1	0	3	0	0	0	0	0	1	1	0	0	0	0	1	0	0	0
D181B	1	0	4	1	0	0	0	0	0	0	0	0	0	0	0	0	0	0	0	0	0	0	0	1	0	2	3	0	0
S182A	746	725	1028	758	173	197	202	250	146	118	139	201	75	295	85	38	293	335	49	383	476	141	151	329	141	112	639	107	92
S182R	0	0	0	0	0	0	0	0	0	0	0	0	0	0	0	0	1	1	0	0	0	0	0	0	0	0	0	0	0
S182N	22	18	26	4	1	0	3	9	9	1	0	0	2	17	0	3	5	9	0	12	3	4	3	6	8	5	10	5	0
S182D	0	1	3	1	0	0	0	0	0	0	0	0	0	0	0	0	1	2	0	3	3	0	1	1	1	0	4	0	1
S182C	84	64	80	41	16	16	28	25	15	40	5	9	7	23	20	5	22	36	5	28	26	7	15	22	22	12	42	5	13
S182E	0	0	0	0	0	0	0	0	0	0	0	0	0	0	0	0	0	0	0	0	0	0	0	0	0	0	0	0	0
S182Q	0	0	0	0	0	0	0	0	0	0	0	0	0	0	0	0	0	0	0	0	0	0	0	0	0	0	0	0	0
S182G	0	0	0	0	0	0	0	0	0	0	0	0	0	0	0	0	0	0	0	0	0	0	0	0	0	0	0	0	0
S182H	5	11	13	6	0	0	3	5	3	0	5	0	0	3	1	0	1	2	0	8	4	10	0	9	3	0	10	0	2
S182I	14	7	12	10	17	11	2	19	0	15	0	2	2	3	1	0	2	6	10	6	7	4	4	12	10	4	1	0	4
S182L	40	18	39	24	2	6	4	6	3	1	2	31	2	6	1	0	9	14	6	15	19	3	4	18	11	8	13	2	7
S182K	0	0	0	0	0	0	0	0	0	0	0	0	0	0	0	0	0	0	0	0	0	0	0	0	0	0	0	0	0
S182M	0	0	0	0	0	0	0	0	0	0	0	0	0	0	0	0	0	0	0	0	0	0	0	0	0	0	0	0	0
S182F	5460	4470	6921	4198	940	1097	1251	1789	1041	1666	697	1155	473	1973	456	317	2131	2157	325	2568	2467	1086	754	2109	1239	481	3661	1865	678
S182P	19638	16158	24687	13644	3534	3892	6286	7650	5204	8080	7017	7216	3441	7186	2741	1588	7536	8048	2593	8658	8073	6903	2494	7502	8843	1947	12917	7154	3317
S182S	3935341	3298760	5370235	2804234	2544586	2798916	4523541	4258672	3070442	3782802	2872524	2401593	1885164	1508714	1919012	1239633	1592804	1645367	1399928	1944744	1780994	1267943	3372517	1620987	2250966	2058459	2425226	1376444	2100149
S182T	10572	8921	13673	8229	2968	3480	3041	4155	2907	6025	1927	2556	1283	3899	1372	664	4367	4440	885	5003	5337	2593	2113	4589	4470	1533	7636	3439	2397
S182W	0	0	0	0	0	0	0	0	0	0	0	0	0	0	0	0	0	0	0	0	0	0	0	0	0	0	0	0	0
S182Y	1946	1623	2284	1454	403	478	534	727	488	620	560	299	213	723	228	163	742	813	145	886	805	355	397	834	409	319	1291	456	302
S182V	0	1	0	0	0	0	0	0	0	0	0	0	0	0	0	0	0	1	0	1	0	0	0	1	0	0	0	0	0
S182X	20	26	26	1	1	0	1	6	9	0	0	1	0	13	5	2	7	9	3	10	1	10	7	7	6	1	12	9	0
S182B	1	0	4	0	0	0	0	1	2	0	0	0	0	0	0	0	2	2	0	0	0	0	1	0	0	2	1	0	0
S183A	2	5	8	0	1	1	1	0	0	1	2	0	0	6	0	0	0	3	0	2	2	1	1	0	0	1	7	0	1
S183R	6321	5292	8206	4629	1429	1887	1728	2268	4041	6319	2378	2596	679	2265	728	424	2434	2586	514	2881	2843	2535	1307	2552	2641	896	4208	953	1250
S183N	12109	10101	15161	8638	3555	4105	4365	5029	4500	6385	2847	2713	1978	4439	1913	1164	4916	5266	1666	5507	5558	5749	2787	4863	3639	2036	8308	3189	3133
S183D	259	248	286	137	30	29	59	41	0	16	12	15	5	79	5	3	94	97	8	118	53	10	18	78	20	6	216	115	18
S183C	13047	10546	16026	9486	2270	2824	2919	4009	2317	3665	2190	2067	1188	4655	1458	842	5042	5339	918	5613	5663	3405	2111	5139	3250	1417	8658	3164	1867
S183E	0	0	0	0	0	0	0	0	0	0	0	0	0	0	0	0	0	0	0	0	0	0	0	0	0	0	0	0	0
S183Q	0	0	0	0	0	0	0	0	0	0	0	0	0	0	0	0	0	0	0	0	0	0	0	0	0	0	0	0	0
S183G	21155	17394	26593	15553	5364	6133	6868	8507	7966	8745	7185	5501	2985	7501	3173	1955	7842	8482	2222	9268	9559	6059	4670	8300	8329	3128	13911	4648	4143
S183H	5	0	3	2	0	2	1	2	0	0	1	0	0	0	0	0	3	0	1	2	0	0	0	3	0	1	5	0	0
S183I	6394	5334	8231	4370	1072	1238	1176	1919	1842	1801	705	1505	537	2386	613	375	2516	2608	429	2888	2587	2248	926	2553	2673	672	4241	2449	877
S183L	5	8	9	1	0	0	3	2	2	0	0	0	0	6	0	2	4	4	0	4	3	0	1	4	3	2	2	0	0
S183K	3	1	8	2	0	1	0	0	0	2	0	0	0	0	0	0	1	1	0	0	0	2	0	2	1	0	2	0	0
S183M	2	0	0	0	0	0	0	0	0	0	1	0	0	0	0	0	0	1	0	1	0	0	0	0	1	0	0	0	0
S183F	12	5	10	2	2	0	1	5	0	0	0	7	0	4	0	1	3	2	0	8	1	2	2	3	3	1	5	3	0
S183P	0	0	0	0	0	0	0	0	0	0	0	0	0	2	0	0	3	0	0	0	0	0	0	0	0	0	0	0	0
S183S	3913924	3281383	5343609	2789307	2538611	2791483	4517465	4251179	3059181	3771890	2867317	2398472	1883059	1501283	1915925	1237599	1584809	1636572	1398083	1935721	1771629	1258976	3366505	1612662	2244584	2054605	2411397	1374630	2095401
S183T	566	415	764	420	296	373	297	339	417	509	192	180	228	195	98	46	222	247	104	279	282	58	119	245	984	112	423	289	264
S183W	3	0	0	2	1	3	0	0	0	0	0	0	0	0	0	0	0	0	0	1	1	0	0	0	0	0	0	0	2
S183Y	25	30	50	25	4	7	7	5	2	1	45	4	3	18	6	2	14	22	1	20	23	7	13	8	1	5	44	2	2
S183V	36	21	39	19	3	5	3	8	1	11	1	1	0	10	3	0	9	6	2	5	5	3	0	3	0	1	29	1	3
S183X	21	20	28	11	3	2	3	1	0	23	0	2	0	6	0	0	11	6	1	7	6	4	1	11	0	0	7	43	1
S183B	0	0	0	0	0	0	0	0	0	0	0	0	0	0	0	0	0	0	0	0	0	0	0	0	0	0	0	0	0
T184A	14592	11997	18568	10690	1770	1922	2373	3524	2272	3925	1696	2408	861	5382	912	528	5788	5780	621	6732	6916	3978	1561	5664	5094	910	9785	5272	1537
T184R	1	1	3	1	0	0	0	0	0	0	0	0	0	0	0	0	1	2	0	0	0	0	0	0	1	1	0	0	0
T184N	799	707	1151	536	223	191	284	364	650	292	87	177	67	335	82	66	275	358	108	427	302	137	215	351	234	192	500	69	88
T184D	17	41	39	12	1	0	2	13	0	0	0	1	1	15	0	0	12	19	0	18	5	11	5	12	10	4	30	5	12
T184C	4	3	3	3	1	0	0	1	0	0	0	0	0	1	0	0	2	1	0	1	3	0	0	2	0	0	3	0	0
T184E	0	0	0	0	0	0	0	0	0	0	0	0	0	0	0	0	0	0	0	0	0	0	0	0	0	0	0	0	0
T184Q	0	0	0	0	0	0	0	0	0	0	0	0	0	0	0	0	0	0	0	0	0	0	0	0	0	0	0	0	0
T184G	0	0	0	1	0	0	0	0	0	0	0	0	0	0	0	0	0	3	0	0	0	0	0	0	0	0	0	1	0
T184H	1	0	1	1	0	0	0	0	0	0	3	0	0	1	0	0	0	0	0	0	0	0	0	0	0	0	0	0	0
T184I	11610	9539	14411	8290	2789	3255	3480	4424	3100	5345	2553	2717	1877	4299	1650	1063	4569	4871	1299	5241	5048	5634	2225	4370	6368	1457	7872	4162	2678
T184L	1	2	3	1	0	1	0	0	0	0	0	0	0	0	0	0	2	0	0	1	0	0	0	1	0	0	0	0	0
T184K	30	27	30	1	3	0	6	9	12	0	0	3	4	16	4	2	11	12	6	21	4	9	8	11	19	6	6	10	3
T184M	1	0	1	0	0	0	0	0	0	0	1	0	0	0	0	0	1	0	0	1	0	0	0	1	0	0	0	0	0
T184F	18	8	8	3	12	0	3	0	0	1	0	1	3	8	1	2	2	7	1	5	10	0	0	6	0	0	8	0	0
T184P	1241	1022	1821	953	141	109	128	249	162	212	54	113	79	473	67	13	517	528	33	569	518	91	76	505	594	72	809	305	73
T184S	11663	9878	14657	8299	1667	2296	2316	3532	2596	5144	2308	3296	1210	4370	1021	629	4662	5264	884	5400	5083	3662	1382	4757	7752	935	8051	4198	1673
T184T	3933755	3297447	5368209	2803742	2546004	2800294	4526271	4261165	3071455	3784449	2876169	2404342	1886552	1507927	1920168	1240106	1592032	1644348	1400994	1943886	1780294	1265536	3372982	1620700	2246046	2059298	2424331	1375436	2100877
T184W	0	0	0	0	0	0	0	0	0	0	0	0	0	0	0	0	0	0	0	0	0	0	0	0	0	0	0	0	0
T184Y	3	6	3	0	0	0	0	0	2	0	0	0	0	2	0	0	4	1	0	0	4	0	1	1	1	0	1	0	0
T184V	153	125	123	71	30	25	33	33	20	0	5	5	8	26	17	4	45	48	3	23	28	1	6	45	10	8	67	28	21
T184X	0	0	0	0	0	0	0	0	0	0	0	0	0	0	0	0	0	0	0	0	0	0	0	0	0	0	0	0	0
T184B	0	0	0	0	0	0	0	0	0	0	0	0	0	0	0	0	0	0	0	0	0	0	0	0	0	0	0	0	0
H185A	0	0	0	0	0	0	0	0	0	0	0	0	0	0	0	0	0	0	0	0	0	0	0	0	0	0	0	0	0
H185R	11899	10045	15490	8841	3187	3055	3894	4527	19213	14087	8972	6513	3512	4356	2006	1083	4653	4669	2665	5196	5236	4525	1733	4548	3207	1309	7808	2338	2524
H185N	3100	2912	4675	2561	553	722	661	827	766	517	470	516	168	1223	223	223	1282	1524	196	1897	1386	1430	460	1299	856	425	1988	304	230
H185D	488	465	659	380	44	86	94	154	110	162	116	48	40	211	29	23	200	195	34	237	317	105	60	209	90	44	381	71	52
H185C	28	24	48	23	23	15	12	20	13	0	10	3	12	7	8	1	12	20	5	15	9	1	4	24	1	10	16	0	9
H185E	0	0	0	0	0	0	0	0	0	0	0	0	0	0	0	0	0	0	0	1	1	0	0	0	0	0	0	0	0
H185Q	2506	2118	3224	1762	538	644	737	971	643	506	589	401	262	899	323	263	1009	1077	230	1123	1193	674	686	1009	1167	410	1786	470	385
H185G	2	1	1	1	0	0	0	4	1	0	0	0	0	0	0	0	1	0	0	0	2	0	0	0	0	0	1	1	0
H185H	3933339	3296826	5366520	2803194	2545183	2799872	4525212	4259489	3052849	3775744	2867836	2399021	1884281	1507776	1919285	1239437	1591947	1644266	1399063	1943556	1780285	1263957	3373188	1620720	2249774	2058984	2424418	1380075	2100782
H185I	11	6	21	14	0	2	3	1	2	0	0	0	1	2	1	0	6	4	0	4	16	3	2	5	1	0	3	0	0
H185L	11996	10040	15200	8270	1697	1893	2534	4406	3913	4591	3120	4437	1693	4526	1344	915	4745	5160	1294	5548	5020	5127	1104	4614	6646	944	8080	3765	1804
H185K	0	2	4	1	0	0	1	0	0	0	0	0	0	0	0	0	1	0	0	1	0	0	0	2	0	1	2	0	0
H185M	0	0	0	0	0	0	0	0	0	0	0	0	0	0	0	0	0	0	0	0	0	0	0	0	0	0	0	0	0
H185F	10	5	8	8	1	1	1	3	0	0	1	0	1	1	0	1	3	2	0	7	7	0	2	4	0	1	12	0	2
H185P	1043	865	1316	761	78	110	75	187	139	389	426	170	34	405	51	41	403	464	24	465	470	308	89	475	426	31	721	356	67
H185S	32	24	23	17	2	5	10	12	16	1	2	1	6	12	1	5	8	16	1	19	3	5	1	15	8	4	13	0	0
H185T	14	13	7	4	5	1	1	3	1	0	0	1	0	2	0	2	5	8	0	3	4	0	0	3	1	2	6	0	0
H185W	0	0	0	0	0	0	0	0	0	0	0	0	0	0	0	0	0	0	0	0	0	0	0	0	0	0	0	0	0
H185Y	9411	7452	11825	6760	1330	1687	1660	2694	2602	3371	1334	1951	649	3429	650	419	3646	3835	437	4246	4258	2924	1132	3498	3952	718	6227	2106	1104
H185V	0	0	2	0	0	0	0	0	0	0	0	0	0	0	0	0	0	0	0	0	0	0	0	0	0	0	0	0	0
H185X	3	4	4	3	0	0	0	2	1	0	0	1	0	3	0	0	1	1	0	5	5	0	0	1	0	0	1	0	0
H185B	7	1	4	4	0	0	1	14	0	0	0	0	3	3	1	0	1	1	0	2	3	0	0	0	0	0	0	0	3
R186A	0	0	0	0	0	0	0	0	1	4	12	3	0	0	0	0	0	0	0	0	0	2	15	1	0	0	1	0	0
R186R	3927024	3293415	5362418	2799528	2540250	2793538	4519478	4253158	3060493	3774962	2872079	2398072	1883032	1506224	1916967	1237959	1589162	1641757	1398061	1941476	1777538	1264747	3367832	1618894	2244859	2055689	2420314	1367866	2096135
R186N	16	19	20	7	3	9	3	1	1	0	1	11	2	2	2	2	2	11	0	10	11	1	7	5	1	1	13	1	14
R186D	1	0	1	1	0	0	0	1	0	0	0	0	0	0	0	0	4	0	0	1	2	0	1	1	1	0	0	0	0
R186C	13696	10794	16091	9422	2846	3477	3833	5662	6146	7245	3472	4919	2114	4895	1604	1172	5246	5697	1667	5772	5477	4616	2121	4921	7334	1490	9300	8324	2430
R186E	0	0	0	0	0	0	0	0	0	0	0	0	0	0	0	0	0	0	0	0	0	0	0	0	0	0	0	0	0
R186Q	3	1	2	2	2	0	0	2	0	0	0	0	0	3	0	0	0	0	0	2	2	0	1	0	0	2	1	0	0
R186G	853	658	1043	625	162	170	153	289	145	327	147	108	65	306	52	42	373	340	38	347	403	107	115	328	190	95	619	159	182
R186H	16280	13192	19987	11377	4665	5504	6289	7469	7765	9326	3745	5002	2882	5790	2676	1668	6582	6869	2409	7425	7669	4846	4263	6158	7797	2877	10769	8957	4361
R186I	1	3	9	1	3	2	3	1	0	0	0	0	13	2	0	0	2	1	0	2	0	2	1	2	1	0	0	0	0
R186L	5489	4503	6798	3749	1835	2346	2247	2585	2457	2767	1424	1782	986	2031	1004	567	2331	2304	644	2510	2435	1675	1744	2095	2271	1246	3543	1856	1549
R186K	0	0	0	0	0	0	0	0	0	0	0	0	0	0	0	0	0	0	0	0	0	0	0	0	0	0	0	0	0
R186M	0	0	0	0	0	0	0	0	0	0	0	0	0	0	0	0	0	0	0	0	0	0	0	0	0	0	0	0	0
R186F	1	3	2	1	2	0	2	2	1	0	0	2	0	4	1	0	2	0	0	2	1	0	0	0	1	3	1	0	0
R186P	94	66	80	78	10	16	17	16	4	8	17	11	11	25	11	10	51	31	12	48	57	10	26	44	50	14	47	9	15
R186S	10399	8121	12538	7787	2856	3017	2861	4115	3252	4727	1979	3149	1557	3564	1597	990	4146	4209	1118	4710	4605	3047	2327	3957	3595	1458	6837	2312	2264
R186T	0	0	2	0	0	0	0	2	0	0	0	0	0	0	0	0	2	1	0	1	1	0	0	0	0	0	0	0	0
R186W	1	0	1	0	5	10	2	0	0	0	0	0	0	0	0	0	1	0	0	0	0	0	0	0	1	0	2	0	1
R186Y	20	23	26	21	0	1	8	10	0	1	0	3	0	4	4	3	17	12	0	15	9	5	6	13	28	6	13	1	11
R186V	0	0	0	1	0	0	0	0	0	0	0	0	0	0	0	0	0	1	0	0	0	0	0	0	0	0	0	0	0
R186X	11	5	13	4	2	3	0	1	4	1	0	1	0	5	4	0	2	9	0	4	5	1	2	7	0	2	3	1	0
R186B	0	0	0	0	0	0	0	0	0	0	0	0	0	0	0	0	0	0	0	0	0	0	0	0	0	0	0	0	0
R187A	0	1	0	0	0	0	0	0	0	0	4	0	0	0	0	0	0	0	0	0	0	1	3	0	0	0	0	0	0
R187R	3927723	3294335	5361703	2798803	2546614	2801035	4526413	4260578	3071319	3786253	2874835	2403260	1886549	1506191	1920165	1239924	1589940	1641819	1401424	1941260	1776596	1266221	3372720	1618921	2248303	2059106	2420545	1372843	2101520
R187N	7	16	6	5	0	1	3	1	0	0	0	0	0	4	0	0	0	4	0	7	4	0	0	3	2	0	12	0	0
R187D	1	0	0	0	0	0	0	0	0	0	0	0	0	0	0	0	0	0	0	0	0	0	1	0	0	0	0	0	0
R187C	16541	13194	20356	12357	1728	2032	1932	3797	2452	3869	2261	2631	1218	5976	985	547	6567	7029	760	7589	8279	5876	1495	6266	5513	873	11146	6760	1534
R187E	0	0	0	0	0	0	0	0	0	0	0	0	0	0	0	0	0	0	0	0	0	0	0	0	0	0	0	0	0
R187Q	2	2	2	1	0	0	0	0	0	0	0	0	0	0	0	0	1	0	0	2	0	1	0	1	0	1	5	0	0
R187G	551	466	797	396	96	103	97	130	111	174	69	60	26	180	42	21	274	302	16	322	207	28	63	238	248	37	352	275	52
R187H	16575	13040	20311	11505	2581	2907	4062	5257	4477	6310	2936	4485	1895	5924	1794	1273	6273	6782	1122	7325	7551	4264	2628	6481	8044	1786	10926	5866	2431
R187I	6	2	9	4	0	0	0	0	0	0	1	0	0	3	0	2	1	1	0	3	0	0	0	4	0	0	1	0	0
R187L	4270	3585	5679	3100	622	855	1096	1436	723	1095	1289	853	360	1601	386	241	1671	1904	269	2028	1956	1537	713	1579	1380	467	2894	1541	597
R187K	0	0	0	0	0	0	0	0	0	0	0	0	0	0	0	0	0	0	0	0	0	0	0	0	0	0	0	0	0
R187M	0	0	0	0	0	0	0	0	0	0	0	0	0	0	0	0	0	0	0	0	0	0	0	0	0	0	0	0	0
R187F	2	2	10	6	0	3	0	3	0	0	0	0	0	5	1	0	9	4	0	1	4	5	0	2	8	1	2	2	0
R187P	1641	1298	1878	1165	163	182	297	447	219	305	251	430	114	557	78	50	628	653	86	672	663	262	102	604	545	84	1053	442	134
R187S	6532	4837	8221	5229	834	974	978	1660	967	1360	1230	1316	496	2404	471	354	2548	2730	271	3095	2934	853	733	2300	2084	526	4498	1755	693
R187T	0	0	2	0	0	0	0	0	0	0	0	1	1	0	0	0	0	0	0	0	0	0	0	0	0	0	0	0	0
R187W	0	0	0	0	0	0	0	0	0	1	0	1	0	0	0	0	0	0	0	0	0	0	0	0	0	0	0	0	0
R187Y	32	17	37	31	2	1	18	3	0	1	0	2	3	10	0	1	10	10	0	14	13	6	2	20	1	2	22	2	1
R187V	1	0	2	0	0	0	0	0	0	0	0	0	0	0	0	0	0	0	0	1	0	0	0	1	0	0	0	0	0
R187X	5	8	18	2	1	0	0	2	1	0	0	24	0	0	0	0	1	4	1	6	8	5	1	6	1	0	7	0	0
R187B	0	0	0	0	0	0	0	0	0	0	0	0	0	0	0	0	0	0	0	0	0	0	0	0	0	0	0	0	0
L188A	0	0	0	0	0	0	0	0	0	0	1	0	0	0	0	0	0	0	0	0	0	0	0	0	0	0	0	0	0
L188R	718	586	921	513	350	324	346	321	1226	1089	433	369	225	272	174	86	289	290	262	367	278	643	70	296	538	89	477	130	276
L188N	9	4	6	5	0	0	0	1	0	0	0	3	0	4	0	0	6	3	0	1	0	1	4	1	2	0	6	1	0
L188D	0	0	0	0	0	0	0	0	0	0	0	0	0	0	0	0	1	0	0	0	0	0	0	0	0	0	0	0	0
L188C	0	0	0	0	0	0	0	0	0	0	0	0	0	0	0	0	0	0	0	0	0	0	0	0	0	0	1	0	0
L188E	0	0	0	0	0	0	0	0	0	0	0	0	0	0	0	0	0	0	0	0	0	0	0	0	0	0	0	0	0
L188Q	11	13	9	1	0	0	0	1	0	0	0	0	0	6	0	0	2	7	0	4	0	4	2	6	3	1	7	3	0
L188G	0	0	0	0	0	0	0	0	0	0	0	0	0	0	0	0	0	0	0	0	0	0	0	0	0	0	0	0	0
L188H	6460	5342	8195	4654	1086	1095	1112	1716	1299	1744	621	875	504	2245	514	264	2539	2616	303	3049	2729	1598	808	2444	1835	454	4254	2722	785
L188I	3159	2719	4163	2333	758	859	849	1157	1002	1188	599	658	424	1119	386	274	1310	1331	311	1424	1417	432	668	1285	979	486	2063	589	510
L188L	3948066	3309213	5386047	2814116	2546082	2801333	4527126	4263512	3070581	3788741	2877241	2406757	1886955	1513465	1920797	1240627	1597580	1650429	1401325	1950426	1787049	1273683	3374231	1626359	2256656	2059718	2434552	1379340	2101342
L188K	0	0	0	0	0	0	0	0	0	0	0	0	0	0	0	0	0	0	0	0	0	0	0	0	0	0	0	0	0
L188M	0	0	0	0	0	0	2	0	0	0	0	0	0	0	0	0	0	0	0	0	0	0	0	0	0	0	0	0	0
L188F	3006	2596	4047	2293	716	833	924	1313	1504	1126	1305	1073	798	1264	551	272	1441	1487	558	1613	1583	814	597	1273	2156	445	2211	899	607
L188P	12131	9941	15162	8406	3602	3594	4466	5186	4629	5407	2646	3289	1734	4368	1480	871	4633	4921	1177	5320	5024	1843	2040	4610	3817	1656	7607	5800	3387
L188S	21	9	16	13	1	2	0	10	1	1	0	0	0	6	1	1	4	5	1	7	8	6	0	12	11	0	13	0	9
L188T	1	8	5	2	0	3	0	1	0	0	0	0	2	1	0	1	2	1	0	0	4	0	1	6	0	1	2	0	0
L188W	0	0	0	0	0	0	0	0	0	0	0	0	0	0	0	0	0	0	0	0	0	0	0	0	0	0	0	0	0
L188Y	1	0	4	0	0	0	0	0	0	0	0	1	0	0	0	0	2	4	0	0	0	0	0	0	1	0	2	0	0
L188V	306	372	456	268	46	50	71	96	27	72	30	38	20	105	19	17	114	148	12	114	123	35	40	134	131	33	268	2	46
L188X	0	0	0	0	0	0	0	0	0	0	0	0	0	0	0	0	0	0	0	0	0	0	0	0	0	0	0	0	0
L188B	0	0	0	0	0	0	0	0	0	0	0	0	0	0	0	0	0	0	0	0	0	0	0	0	0	0	0	0	0
F189A	6	0	14	1	0	1	0	6	0	0	0	9	1	1	0	0	0	3	0	0	1	0	0	3	0	0	2	0	0
F189R	7	10	9	5	0	1	0	3	0	0	0	0	1	2	0	0	0	6	0	4	1	0	0	1	0	0	4	0	3
F189N	49	46	21	45	7	0	1	5	0	6	3	0	0	15	1	0	12	10	1	13	11	0	1	9	0	0	26	0	2
F189D	0	0	1	0	0	0	0	0	0	0	0	0	0	0	0	0	2	0	0	0	0	0	0	0	3	0	0	0	0
F189C	729	679	1136	614	57	63	59	162	93	131	40	96	19	328	32	24	388	341	29	416	369	115	62	369	164	30	496	123	29
F189E	0	0	0	0	0	0	0	0	0	0	0	0	0	0	0	0	0	0	0	0	0	0	0	0	0	0	0	0	0
F189Q	0	0	0	0	0	0	0	0	0	0	0	0	0	0	0	0	0	0	0	0	0	0	0	0	0	0	0	0	0
F189G	0	0	0	0	0	0	0	0	0	0	0	0	0	0	0	0	0	0	0	0	0	0	0	0	0	0	0	0	0
F189H	31	16	26	19	3	2	0	8	0	16	2	3	0	6	15	1	7	7	0	12	6	15	2	11	71	0	14	0	1
F189I	12183	10460	15839	9184	766	1056	1045	2600	1763	2708	805	1724	577	4600	472	311	5187	5397	361	5939	5726	2949	677	4961	5323	610	7834	4005	794
F189L	26740	22088	33536	17714	2399	2878	3651	6434	4640	6239	3834	5430	2025	9609	1333	1150	10171	11133	1460	11990	10517	6287	1926	10085	11160	1290	16812	13641	2164
F189K	0	0	0	0	0	0	0	0	0	0	0	0	0	0	0	0	0	0	0	0	0	0	0	0	0	0	0	0	0
F189M	0	1	0	1	0	0	0	0	0	0	0	0	0	0	0	0	0	0	0	0	0	0	0	2	0	0	0	0	0
F189F	3900267	3268958	5325105	2781702	2546411	2800538	4526137	4255847	3069681	3784339	2873632	2397895	1886100	1495753	1920271	1239916	1578872	1630120	1400779	1928682	1767573	1258651	3373595	1607981	2237293	2059401	2404597	1359045	2101192
F189P	80	70	91	56	5	5	16	9	1	18	5	3	7	35	1	0	33	36	0	32	55	5	6	30	46	1	60	3	2
F189S	18940	15899	24978	13040	1824	2059	2704	5468	2708	3769	2950	6111	1348	7122	1150	670	7586	8118	898	8673	7771	5489	1254	7466	7526	895	12141	7051	1847
F189T	19	11	41	20	2	0	2	2	0	0	0	4	0	3	1	3	12	10	0	6	14	5	2	10	3	2	14	0	0
F189W	0	0	0	0	0	0	0	0	0	0	0	0	0	0	0	0	0	0	0	0	0	0	0	0	0	0	0	0	0
F189Y	13674	11732	16869	9473	1099	1407	1208	2574	1304	1948	1386	1681	548	4995	617	315	5225	5665	393	6032	5648	5303	868	5132	3813	614	8821	5175	877
F189V	1115	799	1326	720	66	83	72	191	76	194	218	107	33	364	28	23	418	376	27	510	510	226	62	353	711	40	633	436	50
F189X	49	33	38	9	2	0	1	5	3	0	1	0	3	19	1	0	9	16	1	15	12	14	6	12	16	0	9	7	1
F189B	0	1	1	1	0	0	0	0	0	0	0	0	0	3	0	0	1	4	0	1	1	0	0	1	0	0	0	0	0
H190A	1	0	0	0	0	0	0	0	0	0	0	0	0	0	0	0	0	0	0	0	0	0	0	0	0	0	0	0	0
H190R	23700	19603	29559	16732	6163	6434	7457	8634	8124	10767	7786	7957	4554	8292	3276	1676	8763	9333	3595	10508	9681	8377	3117	8863	8883	2649	14644	9230	5606
H190N	63484	51225	106510	58629	5002	6225	8014	17819	6740	11527	5739	9229	2659	25322	2940	1291	26966	26324	1632	24903	25866	12637	3973	26791	12224	2609	34448	6363	3700
H190D	1106	896	1412	764	83	85	108	234	210	311	76	152	90	370	39	32	415	477	61	487	475	347	66	409	254	45	697	840	84
H190C	62	56	90	32	4	2	7	10	0	4	220	8	0	28	1	1	24	28	3	23	22	0	6	22	5	2	39	0	1
H190E	0	0	1	0	0	0	0	0	0	0	0	0	0	0	0	0	0	0	0	1	0	0	0	0	0	0	0	0	0
H190Q	2410	2150	3180	1698	372	499	493	778	571	539	315	384	159	952	198	128	951	1052	143	1091	1026	1649	402	934	781	274	1532	759	311
H190G	5	1	6	7	0	0	0	0	0	0	0	0	0	4	0	0	2	1	0	1	2	8	0	3	0	1	2	8	0
H190H	3855594	3234424	5243401	2735386	2535194	2788595	4512288	4236835	3055053	3764758	2862221	2388475	1879197	1478028	1914284	1237434	1559987	1612454	1395543	1912568	1749457	1248956	3367378	1588572	2223751	2054470	2382770	1362080	2092156
H190I	126	86	178	75	5	4	14	22	0	0	5	9	2	43	6	4	69	51	0	61	32	4	7	51	19	3	56	21	8
H190L	16336	13528	20661	11523	1807	1931	2037	3733	2476	3652	2415	2673	1058	5962	1055	585	6354	6869	705	7505	6995	3846	1438	6475	6123	957	10409	6113	1566
H190K	21	26	42	6	0	1	0	4	6	0	0	0	0	15	0	1	12	10	0	14	3	7	4	9	7	3	9	0	1
H190M	0	0	0	0	0	0	0	0	0	0	0	0	0	0	0	0	0	0	0	0	0	0	0	0	0	0	0	0	0
H190F	19	7	13	5	11	2	2	3	0	0	2	0	1	4	3	0	4	5	0	6	5	0	1	7	0	0	9	1	1
H190P	2061	1700	2728	1401	131	147	136	410	60	224	110	674	65	731	129	43	784	817	41	1008	894	1008	132	854	565	76	1251	430	103
H190S	75	69	85	54	1	10	8	23	7	2	2	6	4	44	1	1	38	51	2	38	19	20	7	21	7	4	31	6	12
H190T	3	4	7	3	0	0	1	0	0	0	0	0	0	0	0	0	0	1	0	3	2	0	0	2	0	0	6	0	0
H190W	0	0	0	0	0	0	0	0	0	0	0	0	0	0	0	0	0	0	0	0	0	0	0	0	0	0	0	0	0
H190Y	8883	7022	11140	6285	3868	4158	4329	4808	7021	7584	3985	3496	2871	3057	1990	1217	3553	3759	2224	4104	3733	2199	1928	3412	13507	1790	5557	3634	3413
H190V	2	2	11	4	0	0	1	0	0	0	0	0	1	2	0	0	0	9	0	1	0	0	0	0	0	0	0	0	0
H190X	1	4	3	0	0	0	1	1	1	0	0	0	1	1	0	0	0	1	0	1	0	1	2	1	3	0	2	1	0
H190B	0	0	4	0	0	0	0	0	0	0	0	0	0	0	0	0	1	0	0	2	3	0	0	0	0	0	1	0	0
K191A	0	0	2	3	0	2	0	0	0	0	0	0	0	1	1	0	0	0	0	0	0	0	0	1	0	0	0	1	0
K191R	14266	11331	17931	9674	3065	3646	3867	5557	4721	6326	3196	4055	2329	5131	2049	1681	5539	6001	1566	6330	5753	5575	2711	5399	4595	1721	8998	4769	2485
K191N	6432	5453	8168	4440	752	838	903	1757	994	1364	866	1122	549	2355	469	299	2503	2678	376	2894	2637	1707	583	2454	2749	356	4098	2453	637
K191D	5	13	13	12	2	1	0	0	0	0	0	0	0	7	0	0	3	7	0	5	3	0	0	5	9	1	7	0	1
K191C	0	0	0	0	0	0	0	0	0	0	0	0	0	0	0	0	0	0	0	0	0	0	0	0	0	0	0	0	0
K191E	18253	14994	23419	12547	1726	2123	2167	4226	3250	3781	1805	2867	1038	6372	880	608	6864	7346	832	8114	7535	3893	1343	6795	5705	711	11399	6147	1566
K191Q	2212	1837	2770	1442	172	276	200	373	216	527	865	348	98	788	161	48	834	901	85	984	899	269	157	901	873	82	1345	410	166
K191G	38	49	42	33	2	5	0	7	0	22	0	0	4	9	0	3	11	7	0	10	8	56	2	14	22	1	24	3	1
K191H	0	0	2	1	0	0	0	0	0	0	0	0	2	0	0	0	1	0	0	0	0	0	0	1	0	0	1	0	0
K191I	13617	11480	17526	9839	1386	1854	1820	3120	2616	3753	2637	1708	818	5076	847	470	5516	5558	641	6332	6042	4381	1146	5275	5338	692	8499	3478	1119
K191L	12	9	19	15	1	0	2	3	0	0	1	0	0	6	1	1	6	4	1	3	3	1	2	4	1	0	6	0	1
K191K	3887325	3258988	5309657	2772781	2541977	2794283	4518696	4249814	3064711	3777431	2869482	2397855	1883673	1490206	1916711	1238271	1573891	1625070	1398601	1922677	1755548	1247687	3369500	1603684	2237344	2057858	2396774	1366015	2098218
K191M	18	12	26	11	3	2	13	7	1	1	7	5	0	4	2	0	4	7	3	14	9	2	3	11	3	0	11	0	0
K191F	0	0	0	0	0	0	0	0	0	0	0	0	0	0	0	0	0	0	0	0	0	0	0	0	0	0	0	0	0
K191P	1	0	0	0	0	0	0	0	0	0	0	0	0	2	0	0	1	0	0	1	1	0	0	0	0	0	1	0	0
K191S	12	7	19	1	1	2	2	1	2	0	0	0	2	8	0	0	7	7	1	4	10	14	0	1	0	3	7	0	0
K191T	1182	986	1681	873	149	177	203	317	125	397	209	121	104	467	84	67	520	523	46	586	587	452	155	491	1916	83	745	169	111
K191W	0	0	0	0	0	0	0	0	0	0	0	0	0	0	0	0	0	0	0	0	0	0	0	0	0	0	0	0	0
K191Y	14	6	11	6	7	1	0	1	53	0	0	0	0	8	0	0	6	6	0	2	1	1	4	5	1	0	8	0	0
K191V	35	15	53	21	4	3	0	3	0	0	3	3	1	19	1	0	14	12	2	15	14	9	2	19	11	1	14	2	0
K191X	30437	25600	37656	20886	3383	4872	7022	8124	3579	5766	3801	4978	2039	12380	2714	965	12184	13101	1795	14332	19143	15012	2848	11352	7335	1373	19504	6039	2656
K191B	30	23	36	19	11	8	1	4	1	0	4	1	5	16	2	0	19	14	0	22	22	0	5	14	227	1	22	0	1
S192A	497	414	611	326	101	90	132	189	104	188	179	81	41	206	39	46	219	202	39	188	235	44	103	237	134	40	390	108	76
S192R	0	0	2	1	1	0	0	0	0	0	0	0	0	2	0	0	0	0	0	0	0	0	0	0	8	0	0	0	1
S192N	0	0	0	0	0	0	0	0	0	0	0	0	0	0	0	0	1	1	0	0	0	0	0	0	0	0	0	0	0
S192D	0	0	0	0	0	0	0	0	0	0	0	0	0	0	0	0	0	0	0	0	0	0	0	0	0	0	0	0	0
S192C	0	0	0	1	0	0	0	0	0	0	0	0	0	0	0	0	0	0	0	0	0	0	0	0	0	0	0	0	0
S192E	1	1	3	0	0	0	0	0	0	0	0	0	0	3	0	0	0	2	0	2	0	0	0	0	1	1	0	0	0
S192Q	8	6	9	5	3	0	4	7	5	0	1	2	0	6	4	3	5	7	2	7	3	0	2	3	1	1	2	0	0
S192G	0	0	0	0	0	0	0	0	0	0	0	0	0	0	0	0	0	0	0	0	0	0	0	0	0	0	0	0	0
S192H	0	0	0	0	0	0	0	0	0	0	0	0	0	0	0	0	0	0	0	0	0	0	0	0	0	0	0	0	0
S192I	0	1	0	2	0	0	2	0	0	1	0	2	0	0	1	0	1	2	0	0	1	0	1	1	0	1	2	0	1
S192L	3060	2606	4133	2204	620	803	859	1149	705	1078	475	635	288	1080	344	191	1159	1223	187	1404	1350	441	657	1115	1183	395	1854	614	592
S192K	30	23	32	1	1	0	6	8	10	1	0	1	2	16	2	0	5	9	2	9	1	0	8	10	10	3	10	3	0
S192M	0	0	0	0	0	0	0	0	0	0	0	0	0	0	0	0	0	0	0	0	0	0	0	0	0	0	0	0	0
S192F	2	3	18	3	0	0	6	1	0	0	0	2	0	2	0	0	0	5	0	4	1	0	0	1	0	0	3	0	2
S192P	14043	11527	17497	9503	16630	15243	27371	16978	24066	34232	37094	25032	23347	5007	10867	5079	5303	5680	21749	6128	5769	3895	2675	5404	10799	5402	8671	7337	13825
S192S	3945857	3307306	5383032	2812794	2532093	2788332	4502824	4250489	3052111	3758301	2842378	2383594	1864787	1512533	1911069	1236110	1596955	1649582	1380268	1949348	1785186	1271254	3372990	1625405	2250872	2055608	2433835	1379398	2090006
S192T	6634	5724	8752	5020	2767	3149	3052	3495	2781	4970	2421	3001	1952	2443	1379	814	2757	2878	1480	3222	3021	1996	1494	2688	2438	1173	4277	1824	2156
S192W	6	13	6	3	1	0	0	0	0	1	0	0	0	4	1	0	2	1	1	2	2	0	0	3	73	0	2	0	0
S192Y	15	18	39	11	36	70	38	34	32	5	20	7	29	2	27	5	13	8	44	15	17	0	21	8	23	8	20	1	38
S192V	0	0	1	0	0	0	0	0	0	0	0	0	0	0	0	0	0	0	0	0	0	0	0	0	0	0	0	0	0
S192X	3701	3127	4841	2725	387	399	599	947	445	590	307	703	216	1543	184	165	1490	1622	175	1977	2622	1420	498	1534	570	243	2381	194	265
S192B	35	34	55	5	1	7	3	17	10	1	1	3	0	8	5	0	13	20	2	19	7	9	12	17	17	8	16	7	0
D193A	907	731	1236	652	115	171	130	268	39	380	49	153	69	329	49	23	357	362	42	409	433	114	80	385	255	48	620	134	100
D193R	1	3	7	1	0	0	0	2	0	0	0	0	0	0	0	0	1	0	1	0	1	0	0	1	0	0	1	0	0
D193N	3340	2855	4104	2270	484	580	736	965	612	986	912	581	319	1324	315	194	1392	1552	173	1726	1626	548	494	1365	1316	333	2176	507	473
D193D	3939298	3301931	5375875	2808726	2548861	2803636	4529782	4264538	3073223	3789450	2878752	2406525	1888137	1510220	1921627	1240921	1594660	1646998	1402267	1946333	1783903	1271096	3375048	1623374	2253437	2060597	2430226	1379060	2103642
D193C	6	8	10	2	0	5	1	0	1	0	7	0	0	1	2	0	2	1	0	2	2	0	0	0	1	0	1	0	2
D193E	4045	3383	5270	2690	363	490	677	1110	973	996	240	568	264	1502	306	164	1545	1758	184	1995	1711	743	527	1484	1240	413	2445	513	272
D193Q	2	0	0	0	0	0	0	0	0	0	0	0	0	0	0	0	0	0	0	0	0	0	0	0	0	0	0	0	0
D193G	13283	11307	16690	9406	1620	1771	2035	3324	2953	3280	1752	2570	985	4832	942	575	5024	5274	686	6062	5616	4324	1279	5037	4986	826	8107	6119	1401
D193H	635	484	654	352	49	63	106	110	120	302	30	186	16	252	16	22	222	225	16	229	191	48	39	187	70	42	376	84	57
D193I	2	5	2	6	0	0	0	0	0	0	0	0	0	1	0	0	0	0	0	3	0	0	0	0	0	0	3	0	2
D193L	0	0	5	2	0	0	0	0	0	0	0	0	0	1	0	0	0	0	0	1	0	0	0	0	0	0	0	0	0
D193K	1	9	7	6	0	0	0	1	2	31	0	0	0	2	0	1	0	1	0	2	3	1	1	6	0	0	3	0	0
D193M	0	0	0	0	0	0	0	0	0	0	0	0	0	0	0	0	0	0	0	0	0	0	0	0	0	0	0	0	0
D193F	17	20	33	2	0	0	1	4	4	2	0	0	1	10	0	0	2	2	1	10	2	4	1	13	11	1	8	5	1
D193P	0	0	0	0	0	0	0	0	0	0	0	0	0	0	0	0	0	0	0	0	0	0	0	0	0	0	0	0	0
D193S	16	9	21	1	1	0	0	2	0	0	0	1	0	2	2	0	4	9	0	6	3	2	1	2	20	0	3	1	1
D193T	0	0	0	0	0	0	0	0	0	0	0	0	0	1	0	0	0	0	0	0	0	0	0	0	0	0	0	0	0
D193W	0	0	0	0	0	0	0	0	0	0	0	0	0	0	0	0	0	0	0	0	0	0	0	0	0	0	0	0	0
D193Y	3909	3347	4881	2572	453	511	559	1084	712	1530	569	1024	357	1503	232	165	1514	1715	221	1813	1440	1066	450	1544	1163	325	2410	888	368
D193V	8422	6710	10226	5915	695	866	869	1906	1630	2411	565	1455	514	2875	431	348	3199	3342	358	3731	3283	1113	541	3024	3630	298	5084	2175	642
D193X	3	1	9	1	0	0	0	0	0	0	0	0	0	0	0	0	1	1	0	2	1	0	0	4	0	0	0	0	1
D193B	2	0	1	0	0	0	0	0	0	0	0	0	0	0	0	0	0	2	0	1	0	0	0	0	0	0	0	0	0
G194A	659	535	741	407	69	74	121	159	42	104	69	111	30	220	43	22	229	249	29	243	234	129	46	257	112	43	326	109	85
G194R	397	350	526	313	77	67	103	155	53	140	122	109	40	154	42	49	176	158	9	190	243	148	51	155	192	55	279	141	64
G194N	30	24	22	35	13	23	2	2	9	5	4	6	2	18	1	7	14	13	5	16	8	10	2	9	2	2	14	4	0
G194D	11150	8614	13495	7627	1632	1836	3020	4026	2128	5070	3967	4778	1341	4013	985	631	4402	4715	920	5018	4782	3529	1100	4097	4946	761	6884	6585	1476
G194C	4548	3937	6164	3745	624	633	914	1452	1097	1717	555	875	427	1764	448	269	2059	2081	290	2347	2020	987	646	1700	1371	377	3049	1478	476
G194E	10	7	5	9	0	0	0	0	0	0	0	1	0	2	0	0	2	0	0	3	0	0	0	0	0	1	2	0	0
G194Q	0	0	0	0	0	0	0	0	0	0	0	0	0	0	0	0	0	0	0	0	0	0	0	0	0	0	0	0	0
G194G	3936957	3300920	5373024	2806279	2547911	2802739	4527523	4262327	3073458	3785412	2875268	2402045	1887443	1509530	1921097	1240605	1593399	1645869	1401552	1945291	1782628	1269720	3374897	1622651	2253642	2060419	2428218	1376802	2103018
G194H	0	1	0	0	0	1	1	0	0	0	0	0	0	0	0	0	0	0	0	0	0	0	0	0	0	0	1	0	0
G194I	54	42	63	0	1	0	4	9	9	0	7	1	2	21	0	1	18	23	2	27	4	7	3	27	9	8	16	9	2
G194L	1	0	3	0	0	0	1	0	1	0	0	0	1	0	1	0	2	0	1	1	3	0	0	3	1	0	0	1	2
G194K	0	0	0	0	0	0	0	0	0	0	0	0	0	0	0	0	0	0	0	0	0	0	0	0	0	0	0	0	0
G194M	0	0	0	0	0	0	0	0	0	0	0	0	0	0	0	0	0	0	0	0	0	0	0	0	0	0	0	0	0
G194F	31	19	62	1	0	0	1	7	4	0	0	0	0	18	0	1	8	20	2	21	6	10	5	8	15	3	14	12	6
G194P	0	0	0	0	0	0	0	0	0	0	0	0	0	0	0	0	0	0	0	0	0	0	0	0	0	0	0	0	0
G194S	16675	13624	20501	11841	1944	2276	2557	4199	3130	5719	2573	4447	1139	5847	1084	657	6319	6680	924	7574	6864	3739	1354	6228	4750	956	10596	3654	1471
G194T	92	70	100	64	1	9	2	8	0	19	1	0	0	19	2	1	20	34	6	38	38	10	1	30	15	1	55	69	2
G194W	0	1	0	0	0	0	0	0	0	0	0	0	0	0	0	0	0	0	0	0	1	0	0	0	0	0	0	0	0
G194Y	47	46	51	8	0	6	4	11	9	2	1	0	1	25	0	0	7	20	1	23	10	13	4	17	24	2	17	14	0
G194V	3238	2613	4270	2275	368	429	643	959	329	1180	309	690	236	1224	219	170	1268	1379	208	1530	1374	757	352	1244	1050	255	1991	608	360
G194X	0	0	4	0	1	0	0	0	0	0	0	0	0	0	0	0	0	1	0	3	0	0	0	0	0	0	1	0	0
G194B	0	0	0	0	0	0	0	0	0	0	0	0	0	0	0	0	0	0	0	0	0	0	0	0	0	0	0	0	0
S195A	5	11	7	4	12	3	2	2	0	125	6	1	0	0	0	0	4	2	2	0	3	0	1	5	0	0	2	0	0
S195R	2675	2143	3304	1815	384	492	674	861	1126	714	254	568	232	981	284	155	984	999	201	1270	1084	565	532	1055	968	282	1520	485	300
S195N	11486	9476	14423	8323	1990	2228	2929	4143	5144	4155	2780	3191	1459	4193	1125	759	4538	5090	1079	5434	4851	2755	1639	4501	3883	1127	7653	3099	1900
S195D	33	49	83	33	0	5	5	5	0	0	0	2	0	10	4	1	18	13	0	31	18	2	4	15	0	8	26	51	0
S195C	11543	9528	14632	8112	1318	1535	1920	2786	1989	3404	2047	2138	667	4175	885	539	4691	4842	695	5349	5040	13556	1214	4414	3650	903	7350	3357	1202
S195E	0	0	0	0	0	0	0	0	0	0	0	0	0	0	0	0	0	0	0	0	0	0	0	0	0	0	0	0	0
S195Q	0	0	0	0	0	0	0	0	0	0	0	0	0	0	0	0	0	0	0	0	0	0	0	0	0	0	0	0	0
S195G	17122	14220	21187	11874	2677	3142	3814	5577	3993	5476	3140	3658	1640	6253	1586	872	6720	6996	1170	7708	7566	3960	2314	6591	6801	1427	10990	5249	2551
S195H	3	0	2	2	0	0	0	0	0	0	8	0	0	1	0	0	1	0	0	0	2	0	0	0	0	0	5	0	0
S195I	4282	3646	5801	3063	560	762	1046	1518	1110	754	832	1197	379	1753	416	245	1740	1840	306	2128	1832	1219	546	1653	1465	444	2799	1408	566
S195L	3	1	6	0	0	0	0	1	1	0	0	0	0	2	0	1	1	2	0	2	0	0	0	3	4	0	2	1	0
S195K	3	5	1	1	1	0	0	1	0	0	0	0	0	1	0	0	0	0	0	0	0	0	1	0	0	0	0	0	0
S195M	1	1	0	0	0	0	0	0	0	0	0	0	0	0	0	0	0	0	0	0	0	0	0	0	0	0	0	0	0
S195F	34	10	19	4	0	0	2	2	0	0	1	0	0	9	1	0	10	7	0	9	3	10	1	8	0	0	5	1	1
S195P	0	1	0	0	0	0	0	0	0	0	0	0	0	0	0	0	0	0	0	0	0	0	0	0	0	0	0	0	0
S195S	3925749	3290859	5358300	2798680	2545390	2799630	4524141	4258072	3066602	3783789	2873655	2402131	1886157	1505148	1919452	1239755	1588809	1641081	1400408	1939899	1777357	1256856	3371958	1617824	2248786	2058507	2420477	1375560	2100245
S195T	878	786	1139	635	291	294	350	341	304	950	133	176	126	290	168	86	374	343	87	460	406	115	243	331	569	184	578	267	197
S195W	0	0	0	1	0	0	0	0	0	0	0	0	0	1	1	0	0	0	0	0	0	0	0	0	0	0	0	0	0
S195Y	17	12	22	9	15	2	8	1	0	1	1	0	0	4	0	0	6	7	0	9	7	3	5	5	0	1	3	0	0
S195V	54	50	95	47	3	0	5	3	0	0	19	1	2	33	0	0	26	20	1	25	45	8	3	19	2	0	51	8	0
S195X	1	5	10	1	0	0	0	1	0	0	0	0	0	1	0	0	1	0	0	1	1	10	0	2	1	0	2	0	0
S195B	0	0	0	0	0	0	0	0	0	0	0	0	0	0	0	0	0	0	0	0	0	0	0	0	0	0	0	0	0
T196A	12571	10351	16790	9582	2829	3159	3359	4660	2663	5619	1974	2104	1499	4758	1337	808	4791	5203	924	5684	6266	4363	2588	5071	4992	1539	8223	3298	2117
T196R	6	5	6	3	0	0	3	0	0	0	0	0	0	6	0	1	0	5	0	3	2	0	1	0	0	0	3	0	0
T196N	1807	1586	2231	1124	261	326	363	591	306	547	264	264	152	677	206	133	661	694	156	835	753	261	386	710	1125	274	1078	508	231
T196D	34	34	38	10	2	1	1	11	2	1	0	1	0	28	3	0	14	18	2	20	5	18	4	11	18	4	12	5	1
T196C	1	1	1	0	0	0	1	0	0	0	0	0	0	0	0	0	0	0	0	0	0	0	0	0	0	0	1	0	0
T196E	0	0	0	0	0	0	0	0	0	0	0	0	0	0	0	1	0	0	0	0	0	0	0	0	0	0	0	0	0
T196Q	0	0	0	0	0	0	0	0	0	0	0	0	0	0	0	0	0	0	0	0	0	0	0	0	0	0	0	0	0
T196G	0	0	0	0	0	0	0	0	0	0	0	0	0	0	0	0	0	0	0	3	0	0	0	0	0	0	0	0	0
T196H	2	3	0	4	0	0	0	1	0	0	0	0	0	1	0	0	0	1	0	0	0	0	0	0	0	0	1	0	5
T196I	7861	6665	9924	5671	3393	3680	3840	3875	7850	10128	4146	2524	3425	2856	2161	1347	3155	3314	2518	3711	3469	1665	1389	2900	2443	1215	5015	3223	2653
T196L	1	1	3	2	3	1	1	0	0	0	1	1	0	0	0	0	0	0	0	3	0	0	0	0	0	0	1	0	0
T196K	11	13	12	1	1	0	3	5	7	2	0	0	0	9	2	1	7	4	1	12	1	2	6	12	12	2	9	2	0
T196M	0	0	0	2	0	0	0	0	0	0	0	0	0	0	0	0	0	0	0	0	0	0	0	0	0	0	1	0	0
T196F	10	2	2	2	0	0	4	2	0	1	1	0	0	0	0	1	1	0	0	2	3	0	0	0	0	1	1	5	0
T196P	1803	1421	2261	1177	211	260	519	758	575	1332	1865	1228	347	619	193	98	645	738	334	738	720	235	130	648	322	124	1085	590	258
T196S	11716	9429	15381	8063	2331	2783	3025	3773	3906	4531	2005	1829	1105	4276	1143	674	4398	4923	825	5256	5069	2802	1858	4591	4421	1260	7764	2924	2025
T196T	3938064	3301283	5372355	2806954	2543606	2797883	4523774	4259633	3064955	3777207	2872620	2405110	1884133	1509620	1918877	1239347	1594247	1646333	1399188	1946055	1781913	1269713	3372097	1622474	2252775	2058461	2428252	1378929	2099652
T196W	0	0	0	0	0	0	0	0	0	0	0	0	0	0	0	0	0	0	0	0	0	0	0	0	0	0	0	0	0
T196Y	0	6	15	1	0	0	2	0	2	0	0	0	0	4	0	0	3	7	1	0	4	0	1	5	2	1	13	2	3
T196V	2	3	12	8	4	0	1	5	3	0	0	2	1	1	0	2	1	2	0	3	10	0	1	4	19	2	4	0	17
T196X	0	0	0	0	0	0	0	0	0	0	0	0	0	0	0	0	0	0	0	0	0	0	0	0	0	0	0	0	0
T196B	0	0	0	0	0	0	0	0	0	0	0	0	0	0	0	0	0	0	0	0	0	0	0	0	0	0	0	0	0
V197A	14206	11736	18010	9975	2100	2302	2739	3966	2812	4254	3381	3097	1143	5187	1319	899	5730	5678	903	6489	6422	3483	1938	5537	4994	1253	9165	3218	1864
V197R	0	0	0	0	0	0	0	0	0	0	0	0	0	0	0	0	0	0	0	0	0	0	0	0	0	0	0	0	0
V197N	11	26	16	5	0	0	0	1	0	0	0	2	1	4	0	0	9	7	0	3	5	0	0	5	2	0	12	9	1
V197D	8961	7460	11499	6282	987	1183	1855	2360	1484	2838	1192	2295	614	3239	692	338	3630	3760	497	3948	3953	2209	804	3430	3600	610	6157	4202	946
V197C	0	0	0	0	0	0	0	0	0	0	0	0	0	0	0	0	0	0	0	0	0	0	0	0	0	0	0	0	0
V197E	26	26	33	0	0	0	3	1	3	0	0	1	1	12	3	1	11	15	1	13	3	6	5	14	14	3	12	8	0
V197Q	0	0	0	0	0	0	0	0	0	0	0	0	0	0	0	0	1	0	0	0	0	0	0	0	0	0	0	0	0
V197G	651	623	827	509	75	84	111	152	144	68	34	69	27	274	28	20	263	339	19	305	323	177	66	270	135	32	477	452	49
V197H	0	3	1	0	0	0	0	0	0	0	0	0	0	0	0	0	0	0	0	0	0	0	0	1	0	0	0	0	0
V197I	6705	5704	8301	4690	1761	2089	2148	2906	2198	3682	1836	1239	978	2592	962	536	2693	2765	751	2964	3019	2507	1427	2539	3118	960	4308	3559	1504
V197L	345	278	482	232	123	85	135	198	101	61	97	144	86	136	78	37	166	122	40	174	162	90	116	130	278	73	206	84	75
V197K	0	0	0	0	0	0	0	0	0	0	0	0	0	0	0	0	0	0	0	0	0	0	0	0	0	0	0	0	0
V197M	1	0	0	0	0	0	0	0	0	0	0	0	0	0	0	0	0	0	0	0	0	0	0	0	0	0	0	0	0
V197F	1019	947	1542	555	213	258	530	569	403	257	204	402	95	409	150	86	356	438	107	513	293	208	385	346	276	236	535	717	140
V197P	2	1	1	2	0	0	0	0	0	0	0	0	0	1	0	0	2	1	0	3	0	0	0	3	0	1	1	0	0
V197S	28	14	42	4	1	1	5	2	6	0	1	1	0	13	0	1	10	16	1	17	4	5	5	8	9	4	8	7	0
V197T	7	8	6	2	0	0	1	2	0	0	0	0	0	0	0	0	3	1	0	2	8	13	0	7	0	0	4	0	2
V197W	0	0	0	0	0	0	0	0	0	0	0	0	0	0	0	0	0	0	0	0	0	0	0	0	0	0	0	0	0
V197Y	4	4	13	0	0	0	1	0	0	1	0	0	3	8	0	0	3	5	0	3	1	0	0	2	2	2	3	1	0
V197V	3941923	3303973	5378258	2810348	2547381	2802091	4527368	4263157	3073118	3788207	2876131	2405813	1887714	1510980	1920690	1240495	1595046	1648095	1401630	1947891	1784022	1270361	3373715	1624134	2253701	2059709	2430575	1377229	2102381
V197X	0	0	0	0	0	0	0	0	0	0	0	0	0	0	0	0	0	0	0	0	0	0	0	0	0	0	0	0	0
V197B	0	0	0	0	0	0	0	0	0	0	0	0	0	0	0	0	0	0	0	0	0	0	0	0	0	0	0	0	0
S198A	1146	965	1482	792	373	204	192	298	299	358	259	162	113	419	96	63	466	509	51	520	471	673	160	426	325	96	758	217	138
S198R	0	0	0	0	0	1	0	1	0	0	0	0	0	0	0	0	0	0	0	0	0	0	0	0	0	0	0	0	0
S198N	23	37	49	13	2	11	4	10	8	0	0	0	1	22	2	1	11	33	2	21	8	27	7	12	13	8	33	3	9
S198D	4	9	7	1	0	0	0	0	0	0	0	0	0	1	0	0	0	3	1	2	1	4	3	2	2	0	2	1	0
S198C	220	155	262	141	49	46	66	85	42	42	36	47	24	107	12	20	97	91	13	85	84	28	40	88	166	28	142	10	19
S198E	0	0	0	0	0	0	0	0	0	0	0	0	0	0	0	0	0	0	0	0	0	0	0	0	0	0	0	0	0
S198Q	0	0	0	0	0	0	0	0	0	0	0	0	0	1	0	0	0	0	1	0	0	0	0	0	1	0	0	0	0
S198G	0	0	0	0	0	0	0	0	0	0	0	0	0	1	0	0	0	0	0	0	0	0	0	0	0	0	0	0	0
S198H	5	9	15	4	2	2	0	0	0	0	0	0	0	1	0	0	7	1	3	4	6	1	1	6	1	2	1	1	1
S198I	42	45	64	36	0	4	1	5	5	1	0	0	0	15	2	1	13	22	0	11	17	52	1	12	3	2	20	8	0
S198L	27	13	24	30	3	11	8	11	0	1	2	0	1	8	1	0	11	3	18	10	10	2	15	11	0	1	14	1	12
S198K	0	0	0	0	0	0	0	0	0	0	0	0	0	0	0	0	0	0	0	0	0	0	0	0	0	0	0	0	0
S198M	0	0	0	0	0	0	0	0	0	0	0	0	0	0	0	0	0	0	0	0	0	0	0	0	0	0	0	0	0
S198F	4624	3824	5781	3233	904	1096	1216	1684	651	1735	820	1247	394	1719	565	317	1729	1912	307	2092	1850	1860	818	1750	1404	502	2782	568	673
S198P	13206	11047	16489	9111	3062	3612	4042	4934	10827	9695	4587	4621	2138	4809	1624	1115	5130	5358	1592	5939	5460	3114	2296	5059	4060	1641	8241	4414	2644
S198S	3939438	3301843	5375601	2808466	2544489	2798932	4525084	4260427	3063846	3781921	2874163	2402567	1886029	1510191	1919788	1239661	1594582	1647045	1400650	1946945	1784270	1258905	3372358	1623286	2254218	2058666	2429892	1380235	2100738
S198T	11227	9481	14153	8118	2891	3256	3150	4271	3310	4737	2121	3697	1556	4084	1342	896	4420	4562	941	4975	4564	13976	1941	4264	4347	1273	7273	3283	2064
S198W	0	0	0	0	0	0	0	0	0	0	0	0	0	0	0	0	0	0	0	0	0	0	0	0	0	0	0	0	0
S198Y	3895	3350	5049	2635	864	917	1133	1583	1274	877	887	722	405	1468	489	338	1453	1694	369	1695	1461	409	819	1500	1584	659	2287	743	660
S198V	1	6	7	5	1	1	0	1	0	0	0	0	0	2	0	0	0	1	1	1	1	0	0	0	0	0	0	0	0
S198X	22	15	41	18	1	0	0	2	4	1	1	0	1	5	1	0	4	6	0	18	11	8	1	7	4	2	8	1	2
S198B	9	4	7	1	0	0	0	2	3	0	0	0	0	2	0	1	0	2	0	7	1	0	1	3	1	3	10	1	2
V199A	19920	16672	24915	14159	2842	3123	3764	6086	5001	7878	4707	5444	2252	7405	1806	1259	7663	8301	1521	8859	8449	6290	2034	7839	8751	1361	13031	8273	2364
V199R	3	4	5	5	0	0	0	0	0	0	1	0	0	0	0	0	2	1	0	0	2	0	0	2	0	0	4	0	0
V199N	0	0	0	0	0	0	0	0	0	0	0	0	0	0	0	0	0	0	0	0	0	0	0	0	0	0	0	0	0
V199D	18	20	34	8	0	0	0	3	1	0	0	0	2	4	0	0	4	8	1	4	18	7	0	7	27	0	17	1	0
V199C	0	0	0	0	0	0	0	0	0	0	0	0	0	0	0	0	0	0	0	0	0	0	0	0	0	0	0	0	0
V199E	12880	10159	16181	8752	849	1243	1221	2515	1058	2050	1909	2986	623	4665	611	302	4995	5174	454	5985	5916	4265	926	4892	4830	464	8226	5631	955
V199Q	1	1	2	4	1	0	0	0	0	0	0	0	0	0	0	0	4	2	0	0	1	1	0	0	0	0	2	0	0
V199G	1298	1060	1717	916	117	105	91	233	155	144	143	86	44	480	52	21	531	588	28	539	543	220	87	511	502	52	781	279	57
V199H	0	0	0	0	0	0	0	0	0	0	0	0	0	0	0	0	0	0	0	0	0	0	0	0	0	0	0	0	0
V199I	9	8	23	15	1	2	2	1	0	1	0	0	0	11	3	0	3	4	1	7	6	8	4	2	1	0	7	0	6
V199L	1681	1453	2082	991	195	237	414	583	497	384	441	272	111	675	175	106	626	690	133	805	659	265	322	637	847	231	1019	335	181
V199K	17	20	15	9	0	0	0	4	18	0	3	1	3	8	0	1	7	9	3	7	4	3	0	9	3	0	10	0	0
V199M	9259	7711	12034	6607	1052	1061	1356	2092	1416	2554	1104	1692	535	3178	563	354	3405	3672	339	4172	4171	2684	962	3565	4494	593	5861	1689	814
V199F	3	2	3	1	0	0	0	2	0	0	0	0	0	1	0	0	0	1	0	3	0	1	3	1	1	0	0	3	0
V199P	0	0	0	0	0	0	0	0	0	0	0	0	0	0	0	0	0	0	0	0	0	0	0	0	0	0	1	0	0
V199S	33	21	51	5	0	1	4	6	6	0	1	0	2	16	0	2	6	18	0	15	5	7	5	15	17	3	13	15	3
V199T	95	97	96	73	3	4	5	16	7	6	6	3	2	25	12	1	16	22	1	26	25	1	5	23	3	2	75	38	2
V199W	0	0	0	0	0	0	0	0	0	0	0	0	0	0	0	0	1	2	0	0	0	0	0	0	0	0	0	0	0
V199Y	0	0	0	0	0	0	0	0	0	0	0	0	0	0	0	0	0	0	0	0	0	0	0	0	0	0	0	0	0
V199V	3928668	3293571	5361865	2801056	2547581	2802315	4528039	4261773	3072109	3786351	2874561	2402579	1887088	1506382	1920700	1240367	1590659	1642748	1401468	1941898	1778408	1265306	3374112	1618919	2246649	2060177	2422412	1373215	2102579
V199X	0	0	0	0	0	0	0	0	0	0	0	0	0	0	0	0	0	0	0	0	0	0	0	0	0	0	0	0	0
V199B	4	4	8	3	0	2	0	0	1	0	0	0	0	5	0	0	1	2	0	5	8	1	1	4	4	0	4	7	1
P200A	1219	1022	1501	934	340	422	402	546	348	509	434	210	154	432	192	77	504	492	141	529	562	265	242	484	370	120	810	248	400
P200R	383	315	530	286	99	85	85	98	87	151	72	89	34	138	30	20	158	153	29	203	173	67	57	151	90	33	276	41	70
P200N	24	25	32	1	0	0	2	9	10	0	0	0	2	13	1	1	4	21	1	7	5	5	6	6	10	4	7	9	0
P200D	3	1	4	0	1	0	1	0	1	0	0	0	4	3	0	0	0	1	0	1	1	0	1	1	1	0	1	1	0
P200C	2	1	3	6	0	0	0	3	0	0	0	5	0	0	0	1	2	0	0	1	5	0	1	4	0	0	1	0	0
P200E	0	0	0	0	0	0	0	0	0	0	0	0	0	0	0	0	0	0	0	0	0	0	0	0	0	0	0	0	0
P200Q	33	46	65	3	0	1	4	12	14	0	0	7	1	24	0	1	10	26	8	27	3	5	8	23	15	6	26	2	0
P200G	0	0	0	0	0	0	0	0	0	0	0	0	0	1	0	0	0	0	0	0	0	0	0	0	0	0	0	0	0
P200H	7341	6193	8691	5351	1248	1449	1683	2618	2840	2442	1261	1967	828	2573	594	535	2677	2958	602	3132	2863	1368	823	2613	2145	690	4632	1635	992
P200I	10	14	34	2	0	0	2	3	1	0	1	0	1	9	1	0	7	9	0	17	1	7	0	9	16	1	4	4	0
P200L	9378	7437	12028	7049	1822	2140	2195	2890	2526	5017	1729	1233	847	3517	921	575	3538	3838	644	4171	4570	4605	1457	3678	4812	797	5965	2672	1547
P200K	2	2	0	0	0	0	0	0	0	0	0	0	0	0	0	0	1	0	0	0	0	0	0	1	0	0	1	0	0
P200M	0	0	0	0	0	0	0	0	0	0	0	0	0	0	0	0	0	0	0	0	0	0	0	0	0	0	0	0	0
P200F	12	18	31	9	8	6	4	8	0	3	8	0	1	13	1	2	8	2	0	10	14	9	6	6	1	6	7	0	6
P200P	3938848	3301726	5374730	2807058	2545664	2800188	4525993	4261034	3069997	3784399	2876054	2405874	1886968	1510025	1920399	1240027	1594683	1647371	1401170	1946735	1783042	1269023	3372889	1623085	2252633	2059365	2428909	1379743	2101133
P200S	12923	10929	16735	9339	2658	2879	3391	4758	3383	5410	2726	3101	1441	4754	1379	930	4939	4902	1100	5797	5437	2615	2253	5024	5009	1398	8578	4342	2183
P200T	3688	3036	4598	2551	801	922	1130	1322	1056	1436	591	573	380	1333	404	243	1386	1459	254	1677	1536	1083	716	1333	1014	461	2232	784	631
P200W	0	0	0	0	0	0	0	0	0	0	0	0	0	0	0	0	0	0	0	0	0	0	0	0	0	0	0	0	0
P200Y	22	33	39	7	0	0	4	12	6	1	0	4	1	16	0	1	6	10	0	17	3	7	2	8	13	2	11	5	0
P200V	1	5	10	8	0	1	0	1	0	0	0	0	0	4	0	0	0	0	0	1	0	0	0	0	0	0	2	0	0
P200X	0	0	0	0	0	0	0	0	0	0	0	0	0	0	0	0	0	0	0	0	0	0	0	0	0	0	1	0	0
P200B	0	0	0	0	0	0	0	0	0	0	0	0	0	0	0	0	0	0	0	0	0	0	0	0	0	0	0	0	0
M201A	86	71	97	50	3	9	5	14	0	2	0	0	0	24	2	4	35	50	1	39	30	8	2	33	6	15	56	42	4
M201R	1349	1105	1707	952	87	110	97	247	153	204	100	107	83	464	55	25	473	529	32	615	567	209	92	512	1228	43	824	395	57
M201N	1	7	12	2	0	0	2	4	0	0	0	0	0	3	0	0	4	0	0	0	0	0	0	3	0	0	1	1	0
M201D	0	0	0	0	0	0	0	0	0	0	0	0	0	0	0	0	0	0	0	0	0	0	0	0	0	0	0	0	0
M201C	0	0	0	0	0	0	0	0	0	0	0	0	0	0	0	0	0	0	0	0	0	0	0	0	0	0	0	0	0
M201E	73	47	68	45	1	5	0	16	39	1	5	6	2	22	0	0	35	35	2	34	48	6	4	26	60	0	52	30	0
M201Q	38	20	20	12	5	5	12	2	43	0	3	0	0	7	1	1	6	4	0	5	4	0	1	11	0	4	12	0	0
M201G	3	4	1	3	0	0	0	0	0	0	0	0	0	1	0	0	0	1	0	2	3	0	0	1	0	0	0	0	0
M201H	0	0	0	0	0	0	0	0	0	0	0	0	0	0	0	0	0	0	0	0	0	0	0	0	0	0	0	0	0
M201I	8283	7117	10928	6081	836	1215	1287	2065	1330	1972	1035	2140	523	3054	515	341	3386	3504	416	3966	3502	4113	797	3233	3816	488	5527	4485	662
M201L	10970	8650	13689	7818	669	907	812	2069	1336	2872	887	2064	534	3939	436	238	4272	4522	309	4893	4792	2162	621	4374	6263	403	7227	2100	671
M201K	12623	10158	15267	8502	944	1239	1469	2874	1833	3057	1752	2299	1001	4538	565	406	4606	5058	653	5356	5000	2434	718	4839	4991	448	7907	4150	950
M201M	3907744	3275728	5335303	2786255	2546903	2800879	4527327	4258766	3070257	3784651	2874744	2401337	1886598	1499132	1920501	1240429	1582594	1634425	1401169	1932945	1770011	1260438	3373612	1610827	2236974	2059830	2408634	1367931	2101825
M201F	12	1	6	2	7	0	0	0	0	0	0	1	0	0	0	0	2	3	0	0	1	1	0	4	3	0	1	0	0
M201P	32	51	52	27	0	3	0	10	0	0	0	0	0	10	0	3	14	11	0	12	12	0	0	14	0	1	29	0	0
M201S	42	57	74	43	4	1	1	8	0	14	1	1	1	14	0	3	31	35	2	29	22	8	0	27	9	3	22	0	3
M201T	17437	14677	22310	12353	1511	1801	2004	3971	2503	3115	2616	3082	959	6142	961	517	6674	6962	719	7738	7575	5294	1359	6617	6176	788	11460	5241	1455
M201W	3	3	1	0	0	0	2	1	0	0	1	0	0	2	0	0	1	1	0	0	0	2	0	0	0	0	2	0	0
M201Y	0	0	0	0	0	0	0	0	0	0	0	0	0	0	0	0	0	0	0	0	0	0	0	0	0	0	0	0	0
M201V	15177	13090	19475	10442	1671	1919	1878	3261	2775	3480	1730	2023	961	5491	886	446	5780	6087	646	6675	6628	4368	1252	5888	6602	860	9683	5111	1335
M201X	0	0	0	0	0	0	0	0	0	0	0	0	0	0	0	0	0	0	0	0	0	0	0	0	0	0	0	0	0
M201B	16	17	21	17	0	0	0	6	0	0	2	3	0	12	0	0	10	15	0	16	20	16	3	17	1	0	26	0	0
M202A	59	80	102	52	1	14	4	17	24	3	11	2	4	31	0	0	16	44	0	41	32	0	4	22	14	2	49	2	3
M202R	1624	1323	2053	1066	76	103	109	285	91	171	94	237	68	581	60	26	644	653	44	713	771	236	83	659	999	81	1022	407	105
M202N	17	17	30	16	3	0	2	1	0	0	0	1	0	18	0	0	3	10	0	10	5	1	0	8	8	0	19	2	2
M202D	0	0	0	0	0	0	0	0	0	0	0	0	0	0	0	0	0	0	0	0	0	0	0	0	0	0	0	0	0
M202C	0	0	0	0	0	0	0	0	0	0	0	0	0	0	0	0	0	0	0	0	0	0	0	0	0	0	0	0	0
M202E	54	60	69	30	0	1	9	11	1	0	1	4	2	22	3	0	15	19	0	24	18	3	4	16	16	0	33	3	1
M202Q	4	19	12	4	0	0	0	8	0	28	0	0	0	2	0	0	1	1	0	2	3	6	0	8	0	0	14	0	0
M202G	4	10	1	3	0	0	0	0	0	0	0	0	0	1	0	0	3	2	0	0	1	0	2	1	0	0	3	0	0
M202H	0	0	0	0	0	0	0	0	0	0	0	0	0	0	0	0	0	0	0	0	0	0	0	0	0	0	0	0	0
M202I	10372	8975	13134	7603	1329	1851	1913	3065	1625	2849	1151	1857	693	3923	738	518	4141	4311	553	4851	4689	2140	1194	4008	4066	809	6980	2568	1119
M202L	9283	7451	11716	6712	1108	1179	1197	2321	1258	2831	803	1269	675	3432	572	377	3620	3739	428	4390	3997	3009	885	3671	3150	575	6057	3861	994
M202K	13534	10786	16843	9332	890	1033	1223	2530	2111	2882	1338	2020	730	4880	487	298	5003	5311	399	5851	6011	2762	840	5139	3794	654	8481	5045	856
M202M	3904422	3272852	5331568	2784593	2545867	2799752	4525858	4256957	3070190	3780053	2874889	2401560	1886262	1497464	1920134	1240051	1581298	1633172	1400948	1931397	1767959	1261312	3372584	1609566	2228819	2059031	2406289	1367380	2100917
M202F	3	2	2	4	0	0	0	0	0	0	0	0	0	0	0	0	3	1	0	1	5	0	0	1	0	1	2	0	0
M202P	2	1	1	3	2	0	0	0	0	0	0	0	0	0	0	0	2	0	0	4	2	0	1	0	0	0	0	0	0
M202S	87	56	107	79	3	3	5	16	15	2	21	5	0	28	4	1	33	33	3	23	39	0	2	37	5	0	51	0	3
M202T	20177	16556	25947	13977	1883	2269	2574	4817	3238	6144	2820	4201	1246	7358	1062	562	7777	8263	927	9226	9295	6606	1515	8136	8025	890	13084	6212	1691
M202W	0	0	1	2	0	1	0	0	0	0	0	0	0	0	0	0	2	0	0	1	1	0	0	1	0	0	0	0	0
M202Y	0	0	0	0	0	0	0	0	0	0	0	0	0	0	0	0	0	0	0	0	0	0	0	0	0	0	0	0	0
M202V	14208	12568	17393	9079	1478	1885	1998	3262	1716	4405	1742	1907	982	5097	860	578	5339	5658	646	5766	5361	2983	1347	5133	17231	839	9343	4002	1269
M202X	0	0	0	0	0	0	0	0	0	0	0	0	0	0	0	0	0	0	0	0	0	0	0	0	0	0	0	0	0
M202B	39	47	52	49	1	2	4	24	0	0	6	0	0	18	2	2	23	25	1	25	26	1	0	20	2	1	36	4	2
A203A	3937532	3301137	5372931	2806953	2545069	2799623	4524700	4260418	3068935	3785647	2874932	2405120	1886733	1509683	1919681	1239920	1593811	1646594	1400931	1945668	1781744	1270892	3371449	1622316	2250782	2058059	2428284	1375635	2100820
A203R	0	0	0	1	0	3	0	0	0	0	0	0	0	0	0	0	0	0	0	0	0	3	1	0	0	0	0	0	0
A203N	4	6	3	2	3	7	1	0	0	0	1	0	0	1	0	0	2	4	0	2	3	0	2	1	2	0	2	2	0
A203D	2838	2343	3780	2055	361	471	647	791	1277	630	538	402	264	1104	299	203	1137	1311	153	1459	1255	930	368	1257	1718	360	1604	1162	243
A203C	1	2	5	2	0	0	0	0	0	0	0	0	2	0	0	0	0	2	0	0	0	0	0	1	0	0	0	0	0
A203E	13	15	19	5	0	0	1	3	5	0	1	0	0	5	0	0	5	11	2	5	1	2	5	4	6	2	5	2	0
A203Q	0	0	0	0	0	0	0	0	0	0	0	0	0	0	0	0	0	0	1	0	0	0	0	0	0	0	0	0	0
A203G	1232	1099	1563	844	173	181	386	337	213	507	106	176	90	403	82	63	524	489	56	599	560	109	159	464	359	131	820	413	134
A203H	0	2	2	0	0	0	0	0	0	0	0	0	0	0	0	0	1	0	0	0	0	0	0	0	0	0	0	1	0
A203I	14	8	15	8	1	1	1	2	0	0	0	0	3	4	0	0	1	4	0	5	3	1	3	4	0	0	12	0	2
A203L	0	2	8	0	0	0	0	1	0	0	0	0	0	1	0	0	3	2	0	0	1	0	0	1	0	0	0	0	0
A203K	0	0	0	0	0	0	0	0	0	0	0	0	0	0	1	0	0	0	0	0	0	0	0	0	0	0	0	0	0
A203M	0	0	0	0	0	0	0	0	0	0	0	0	0	0	0	0	0	0	0	0	0	0	0	0	0	0	0	0	0
A203F	5	4	1	3	0	0	1	1	0	1	0	1	2	3	3	0	2	0	0	0	3	0	0	0	0	1	2	0	0
A203P	1495	1229	1877	1057	135	168	168	354	196	356	150	151	66	536	114	41	574	589	49	696	687	284	123	586	1329	70	971	436	141
A203S	5442	4438	6804	3808	1234	1217	1644	2156	3167	1885	1149	1484	560	1888	586	463	2197	2221	516	2408	2287	2230	983	2073	3467	897	3317	2993	943
A203T	12855	10168	16157	8931	2891	3181	3977	4684	3000	4693	3315	3034	1512	4374	1725	898	4955	4867	1059	5693	5591	2011	2937	4785	4456	1822	8244	5046	2285
A203W	0	0	0	0	0	0	0	0	0	0	0	0	0	0	0	0	0	0	0	0	0	0	0	0	0	0	0	0	0
A203Y	1	3	3	0	0	0	0	0	0	0	0	0	0	0	0	0	1	3	0	1	0	0	0	5	8	0	0	0	0
A203V	12457	10347	15863	8935	2774	3241	3370	4567	3476	5649	2684	2695	1430	4853	1431	825	4710	5145	1182	5789	6080	2597	2431	4929	4002	1541	8202	3796	2394
A203X	0	0	0	0	0	0	0	0	0	0	0	0	0	0	0	0	0	0	0	0	0	0	0	0	0	0	0	0	0
A203B	0	0	0	0	0	0	0	0	0	0	0	0	0	0	0	0	0	0	0	0	0	0	0	0	0	0	0	0	0
Q204A	0	0	0	0	0	0	0	0	0	0	0	0	0	0	0	0	0	0	0	0	0	0	0	0	0	0	0	0	0
Q204R	18022	15021	22767	12449	2334	2739	3726	5574	3116	5799	4378	7192	2275	6465	1611	1001	6905	7202	1294	7651	7606	4344	1722	6771	8738	1407	11458	5983	2099
Q204N	1	0	1	1	0	0	1	0	0	0	0	0	0	0	0	0	0	0	0	0	0	0	0	0	0	0	0	0	0
Q204D	0	0	0	0	0	0	0	0	0	0	0	0	0	0	0	0	0	0	0	0	0	0	0	0	0	0	0	0	0
Q204C	0	0	0	0	0	0	0	0	0	0	0	0	0	0	0	0	0	0	0	0	0	0	0	0	0	0	0	0	0
Q204E	146	146	198	92	45	26	45	64	25	27	30	16	9	58	12	13	61	63	9	62	54	7	15	60	16	19	80	24	26
Q204Q	3921467	3287681	5352748	2796136	2539505	2793258	4518075	4250201	3059114	3774592	2866804	2393103	1879274	1503672	1915783	1237014	1587586	1640016	1396658	1938678	1773425	1263276	3366368	1616552	2243219	2055171	2418134	1372345	2095844
Q204G	1	2	1	0	0	0	0	1	1	0	0	0	0	1	0	0	1	1	0	0	0	0	0	0	0	0	0	0	0
Q204H	5603	4755	7289	3833	758	838	1088	1879	1305	1106	779	1638	452	2129	448	276	2121	2387	388	2605	2217	878	781	2025	1720	584	3606	1412	617
Q204I	0	0	0	0	0	0	0	0	0	0	0	0	0	0	0	0	0	0	0	0	0	0	0	0	0	0	0	0	0
Q204L	13286	10963	16830	9298	6244	6882	7942	9077	11781	10684	6782	6095	5825	4938	4084	2903	5205	5383	3972	6013	6148	3514	5678	5248	7126	3910	8600	5102	5133
Q204K	1467	1413	2069	1045	298	380	397	492	268	497	187	358	133	601	158	125	552	677	124	741	595	1758	341	599	473	214	888	255	168
Q204M	1	2	4	0	0	1	0	1	0	0	0	0	0	3	0	0	2	1	0	1	2	0	2	0	2	2	1	1	0
Q204F	0	0	0	0	0	0	0	0	0	0	0	0	0	0	0	0	0	0	0	0	0	0	0	0	0	0	0	0	0
Q204P	2194	1672	2656	1431	224	225	258	468	611	579	269	458	118	690	103	50	805	796	74	990	878	475	130	752	1058	98	1335	919	246
Q204S	0	0	0	0	0	0	1	0	0	0	0	0	0	0	0	0	0	0	0	0	0	0	3	0	0	2	0	0	0
Q204T	0	0	0	1	0	0	0	0	0	0	0	0	0	1	0	1	0	0	0	0	0	0	0	0	0	0	0	0	0
Q204W	76	77	61	47	4	12	7	12	1	2	2	5	0	26	0	1	22	21	4	20	20	0	0	23	0	2	44	1	12
Q204Y	3	5	6	2	0	0	3	0	0	0	0	1	0	0	0	1	2	0	0	0	1	1	0	3	25	0	4	0	0
Q204V	0	0	1	0	0	0	0	0	0	0	0	0	0	0	0	0	0	1	0	1	2	0	0	0	0	0	0	0	0
Q204X	33	40	36	22	4	5	19	10	0	0	0	2	1	12	2	1	16	12	0	14	12	0	6	8	0	2	13	0	0
Q204B	11589	9026	14364	8247	3225	3727	3334	5535	4047	6082	3645	4195	2575	4259	1721	1027	4645	4682	1426	5549	7255	4806	3415	4385	3752	1472	7300	3444	2817
T205A	11715	9568	15084	8577	2692	3028	3677	4867	2711	4151	2150	3672	1309	4265	1488	843	4570	4655	898	5267	5206	3281	2584	4724	3728	1588	7323	4037	2176
T205R	2	3	7	0	0	0	0	0	0	0	0	0	0	0	0	0	0	1	0	1	1	2	1	3	2	0	2	1	0
T205N	1387	1262	1973	1019	330	304	441	622	472	575	282	508	155	528	155	114	529	626	108	706	566	354	323	553	359	220	823	556	246
T205D	28	26	16	2	1	2	4	6	3	0	1	1	0	5	0	0	5	13	0	16	2	2	5	4	7	4	11	5	0
T205C	8	3	5	2	1	0	0	0	0	0	0	0	0	5	0	0	1	2	0	2	2	0	0	0	0	0	3	0	0
T205E	0	0	0	0	0	0	0	0	0	0	0	0	0	0	0	0	0	0	0	0	0	0	0	0	0	0	0	0	0
T205Q	0	0	0	0	0	0	0	0	0	0	0	0	0	0	0	0	0	0	0	0	0	0	0	0	0	0	0	0	0
T205G	7	1	5	2	0	0	0	1	0	0	0	0	0	0	0	0	1	2	0	3	0	0	0	0	0	0	0	0	0
T205H	0	1	4	0	0	0	0	0	0	0	0	0	0	0	0	0	0	0	0	1	0	0	0	1	0	0	0	0	0
T205I	8793	7088	10895	6235	2528	2914	3000	3859	4071	5312	2584	2194	1281	3305	1392	947	3299	3641	884	3814	3729	1493	2133	3264	2913	1392	5537	1878	1964
T205L	5	0	1	0	0	2	0	1	0	0	0	0	1	2	0	0	0	0	0	0	1	0	0	1	9	0	0	0	0
T205K	17	17	18	0	0	0	1	3	3	0	0	0	1	5	3	1	3	4	1	8	1	2	10	5	7	5	3	7	0
T205M	1	0	0	0	0	0	1	0	0	0	0	0	0	1	0	0	0	0	0	0	0	0	0	0	0	0	0	0	0
T205F	3	3	4	0	0	0	1	0	1	1	1	0	1	1	0	0	5	2	1	0	0	0	0	1	0	2	3	0	1
T205P	1235	992	1530	968	135	194	167	304	155	242	124	383	84	464	117	26	458	547	95	630	593	226	124	472	308	74	836	162	135
T205S	8475	6787	10757	5952	1761	2260	2269	2999	1843	2789	1478	1908	950	3072	1007	595	3312	3416	827	3843	3710	1549	1753	3258	4144	1055	5547	2526	1541
T205T	3942160	3305027	5378683	2809831	2545189	2799385	4525332	4260648	3071008	3786296	2876255	2404397	1886880	1511182	1919760	1239884	1595723	1648312	1401134	1948022	1784397	1272150	3371523	1624123	2254651	2058541	2431350	1380314	2100899
T205W	0	0	0	0	0	0	0	0	0	0	0	0	0	0	0	0	0	0	0	0	0	0	0	0	0	0	0	0	0
T205Y	6	1	5	1	0	0	1	0	1	0	0	0	0	0	0	0	1	2	0	1	1	0	0	1	1	0	3	0	0
T205V	47	24	44	15	4	4	2	4	1	2	1	0	0	20	0	3	16	19	1	11	6	0	5	16	0	2	22	0	0
T205X	0	0	0	0	0	0	0	0	0	0	0	0	0	0	0	0	0	0	0	0	0	0	0	0	0	0	0	0	0
T205B	0	0	0	0	0	0	0	0	0	0	0	0	0	0	0	0	0	0	0	0	0	0	0	0	0	0	0	0	0
N206A	2	0	0	0	1	0	1	3	0	0	0	0	0	0	0	0	0	1	0	0	0	0	0	1	0	1	0	0	0
N206R	39	44	61	9	2	5	7	7	10	3	3	1	0	20	1	1	11	22	1	28	8	11	17	20	9	5	20	9	0
N206N	3901122	3270450	5326729	2782478	2538642	2791534	4515737	4247317	3064019	3771855	2867304	2395157	1881550	1495929	1915582	1236835	1579763	1631169	1397028	1930298	1767591	1255998	3367268	1608947	2235754	2055316	2405358	1366971	2095409
N206D	17746	14377	22112	12118	3895	4674	5560	6822	4772	6671	3185	4136	2261	6154	2244	1590	6547	6785	1680	7516	6888	6710	3144	6386	6592	2047	11132	4977	3016
N206C	56	25	38	27	6	4	5	5	0	0	1	3	0	9	0	0	10	13	2	14	12	0	6	16	1	0	19	0	1
N206E	4	6	9	3	0	0	0	4	3	0	0	0	1	3	0	1	1	2	0	1	0	5	1	0	2	0	0	0	0
N206Q	0	0	0	0	0	0	0	0	0	0	0	0	0	0	0	0	0	0	0	0	2	0	0	0	0	0	0	0	0
N206G	31	47	79	37	5	11	5	10	25	1	2	2	7	11	2	2	14	9	0	29	14	5	5	17	0	5	13	0	7
N206H	1812	1565	2344	1254	447	498	753	775	267	709	581	331	483	697	489	374	774	799	210	823	805	165	649	699	1007	438	1176	303	394
N206I	14253	11912	18113	10006	1871	2510	2576	3690	2215	3496	2429	2356	1212	5530	1038	665	5721	6266	812	6367	6082	4994	1371	5557	4900	1015	9234	4166	1838
N206L	0	1	2	3	0	0	0	2	0	0	0	0	0	0	0	0	3	0	0	1	0	0	0	0	0	0	1	0	0
N206K	1978	1584	2551	1141	390	372	446	650	624	665	561	348	250	743	252	205	763	801	202	895	909	771	447	735	571	319	1108	561	243
N206M	0	0	0	0	0	0	0	0	0	0	0	0	0	0	0	0	0	0	0	0	0	0	0	0	0	0	0	0	0
N206F	24	23	33	11	3	6	1	4	0	0	3	11	2	4	1	1	5	8	0	5	10	0	1	13	13	5	7	1	0
N206P	0	0	0	0	0	0	0	0	0	0	0	0	0	0	0	0	0	0	0	0	0	0	0	0	0	0	0	0	0
N206S	23028	19198	29218	16033	5320	6158	7507	10442	6181	11760	7270	8815	3975	8539	3341	2089	8901	9416	3223	10079	9980	7536	4097	8748	10670	2731	14730	7690	4365
N206T	1451	1300	1991	1128	238	276	324	477	388	344	205	226	115	543	124	66	561	591	105	719	635	219	218	569	513	120	934	765	181
N206W	0	0	0	0	0	0	0	0	0	0	0	0	0	0	0	0	0	0	0	0	0	0	0	0	0	0	0	0	0
N206Y	12291	10243	15705	8320	1821	2041	1972	3105	1764	3863	1327	1659	805	4658	846	584	4827	5346	683	5536	5264	2645	1235	4707	6084	881	7711	4041	1504
N206V	50	15	35	26	0	4	2	1	1	1	5	17	1	14	2	0	13	13	3	12	13	0	1	10	13	0	18	2	4
N206X	2	6	6	9	0	0	0	0	0	0	0	1	0	1	0	0	6	1	0	0	1	0	1	0	0	0	2	0	0
N206B	0	7	5	1	0	0	0	0	0	0	0	0	0	0	0	0	3	0	0	2	1	0	0	1	0	0	0	0	0
K207A	4	1	0	0	0	1	0	0	0	1	0	0	1	3	0	0	2	3	1	0	2	0	2	1	0	3	0	0	0
K207R	14062	11240	17716	9495	3723	4296	5419	5811	6761	9325	4092	4385	2278	5166	1889	1087	5384	5918	1747	6523	6255	4477	2757	5469	4694	1957	9057	2347	2835
K207N	1466	1236	1997	870	471	440	583	792	288	2229	675	378	216	617	261	160	598	657	163	739	490	395	516	612	403	346	888	956	281
K207D	4	6	5	0	0	0	0	1	2	0	1	0	1	1	0	0	1	1	1	4	3	0	0	0	0	0	2	0	0
K207C	0	0	0	0	0	0	0	0	0	0	0	0	0	0	0	0	0	0	0	0	0	0	0	0	0	0	0	0	0
K207E	14652	12189	18400	10345	4385	5130	5506	6566	2355	3851	1620	2384	2352	5465	2238	1413	5756	6004	1982	6762	6637	4335	4391	5716	8001	2607	9361	2838	3492
K207Q	2598	2062	3112	1687	1430	1331	1963	2993	1783	3668	4224	4060	1619	935	1074	930	1011	1197	1486	1081	892	3244	781	920	2450	544	1601	1355	1447
K207G	43	28	66	31	20	7	6	16	0	99	2	10	5	15	3	3	17	11	10	17	16	6	10	5	0	1	29	0	5
K207H	4	2	1	0	0	0	0	0	0	0	0	0	3	0	0	0	0	2	0	0	0	2	0	0	1	0	0	1	0
K207I	12	13	11	4	2	1	9	4	0	1	9	0	1	7	0	0	3	6	0	6	3	0	3	4	21	3	9	1	0
K207L	16	16	31	21	2	1	2	4	0	15	0	0	0	11	5	2	11	12	1	9	11	0	6	7	0	2	8	0	1
K207K	3899054	3269399	5323691	2780361	2531333	2784160	4509259	4240464	3055365	3764065	2865550	2390886	1875287	1493929	1912584	1235130	1577987	1629418	1391984	1926472	1759885	1252309	3362389	1607325	2236525	2052745	2403136	1371912	2089268
K207M	13206	11116	17332	9448	4860	5612	5646	6573	2835	4986	2186	2644	3010	5165	2436	1606	5155	5578	2222	6036	5274	2612	3218	5058	5425	2218	8572	3304	3862
K207F	0	0	0	0	0	0	0	0	0	0	0	0	0	0	0	0	0	0	0	0	0	0	0	0	0	0	0	0	0
K207P	0	0	0	0	0	0	0	0	0	0	0	0	0	0	0	0	0	0	0	0	0	0	0	0	0	0	0	0	0
K207S	15	10	17	1	0	0	1	3	0	2	0	2	0	3	0	0	2	1	0	3	2	0	0	6	0	2	7	1	0
K207T	1605	1358	2024	1229	940	937	1010	970	1216	1523	529	940	860	608	455	300	610	647	678	693	609	227	364	622	641	383	1057	253	807
K207W	16	19	44	9	0	1	10	4	0	20	1	2	1	8	1	0	7	11	1	12	7	1	2	11	10	0	15	0	6
K207Y	5	6	7	1	0	0	0	2	1	0	0	1	0	2	0	0	2	0	1	1	0	0	0	1	0	1	3	0	0
K207V	31	7	33	8	4	1	1	7	0	9	0	3	0	10	2	3	10	6	2	9	13	0	9	9	13	0	23	0	1
K207X	14	7	14	17	4	0	5	1	2	0	0	0	0	7	0	0	2	10	0	7	15	0	1	9	0	0	5	0	0
K207B	27082	22088	34530	19077	5467	6175	5476	9103	9661	9574	3987	7368	5028	10903	2974	1779	11365	11760	3670	13951	18101	11451	4012	10651	7945	2071	17690	6518	4957
F208A	1	0	0	0	0	0	0	0	0	1	0	0	0	0	0	0	0	1	0	0	0	1	0	0	1	0	0	0	0
F208R	4	7	7	8	0	0	0	0	1	0	0	0	0	0	0	0	2	1	0	5	3	0	0	1	0	0	4	0	0
F208N	4	0	0	0	0	0	0	1	0	0	0	0	0	1	0	0	1	0	0	0	0	0	1	0	0	0	1	0	0
F208D	0	0	0	0	0	0	0	0	0	0	0	0	0	0	0	0	0	0	0	0	0	0	0	0	0	0	0	0	0
F208C	1025	760	1252	721	78	92	97	214	95	106	31	181	55	327	40	24	432	417	12	454	413	471	49	347	273	33	619	460	68
F208E	0	0	0	0	0	0	0	0	0	0	0	0	0	0	0	0	0	0	0	0	0	0	0	0	0	0	0	0	0
F208Q	0	0	0	0	0	0	0	0	0	0	0	0	0	0	0	0	0	0	0	0	0	0	0	0	0	0	0	0	0
F208G	4	0	3	0	0	0	1	0	0	0	0	0	0	0	0	0	0	0	0	0	1	0	0	0	0	0	0	0	0
F208H	10	10	10	19	1	1	0	3	0	0	0	0	0	3	1	0	7	5	1	14	6	0	5	7	2	0	7	0	1
F208I	4992	4058	6535	3536	968	1102	1266	1698	1073	1605	670	1145	457	1986	509	271	2061	2201	430	2453	2478	911	883	1958	2270	623	3371	987	897
F208L	17153	13934	22252	11809	2679	3193	3450	4777	4165	4348	3205	2560	1426	6751	1505	950	6779	7354	1088	8140	7608	4043	2354	6613	7559	1664	11030	4576	2236
F208K	0	0	0	0	0	0	0	0	0	0	0	0	0	0	0	0	0	0	0	0	0	0	0	0	0	0	0	0	0
F208M	0	0	0	0	0	1	0	0	0	0	0	0	0	0	0	0	0	0	0	0	1	0	0	0	0	0	0	0	0
F208F	3920220	3287643	5350099	2795854	2544489	2798574	4524544	4258031	3068556	3783822	2874144	2403137	1885960	1502402	1919140	1239743	1586897	1638978	1400495	1937535	1774628	1263828	3371759	1616063	2244393	2058153	2417621	1372717	2100043
F208P	68	65	88	32	5	3	6	10	0	0	0	7	2	24	4	2	21	23	1	27	31	1	3	26	0	2	47	2	5
F208S	18740	15071	24172	12696	1810	2169	2576	4467	2998	5365	2905	3466	1374	7148	1215	643	7238	7490	944	8621	8349	7242	1568	7183	7766	969	11506	7423	1648
F208T	13	4	9	8	5	1	0	1	0	0	0	1	1	8	1	0	6	10	1	6	8	1	0	5	1	1	9	0	0
F208W	0	0	0	0	0	0	0	0	0	0	0	0	0	0	0	0	0	0	0	0	0	0	0	0	0	0	0	0	0
F208Y	10755	8500	13418	7373	2425	2840	2810	3850	2923	4009	1832	2396	1330	3874	1430	739	4171	4395	936	4668	4350	2387	1725	3903	3628	1360	6705	2755	1965
F208V	874	703	1132	545	181	117	139	250	449	112	89	169	56	319	75	41	294	341	40	386	337	168	108	307	220	70	536	561	99
F208X	26	48	54	3	0	0	7	12	8	0	0	1	1	12	2	0	14	26	1	15	2	6	6	13	16	8	7	5	0
F208B	0	0	0	0	0	0	0	0	1	0	0	0	0	0	0	0	0	0	0	1	0	0	0	0	0	0	0	0	0
