rowname	Input	Input.1	Input.2	Input.3	uPA	uPA.1	uPA.2	uPA.3	FXIIa	FXIIa.1	FXIIa.2	FXIIa.3	uPA.4	Input.4	uPA.5	uPA.6	Input.5	Input.6	uPA.7	Input.7	Input.8	TMPRSS2	uPA.8	Input.9	TMPRSS2.1	uPA.9	Input.10	TMPRSS2.2	uPA.10
N209A	1	1	3	6	0	0	0	0	0	1	0	1	0	3	0	0	2	1	0	5	2	1	0	2	1	2	0	0	0
N209R	22	19	36	6	1	1	3	9	4	0	0	1	0	10	2	2	9	16	0	9	10	13	6	15	7	4	8	13	0
N209N	4241668	3652215	2894075	3005500	2758127	2880882	3800443	3543764	2877390	3305080	3189229	2344983	1832484	1955961	1859434	1307411	1764574	1564870	1394511	2047992	2409221	1815115	1790395	1496500	2075686	1317936	2398450	1894517	1576223
N209D	17410	14718	11424	12982	2498	2804	2634	3871	1984	4078	2327	2092	1388	7953	1464	1105	6986	6235	889	8114	10637	5999	1408	6188	6590	1106	10243	6346	1487
N209C	17	7	21	13	5	12	4	4	0	0	1	0	1	6	0	0	8	12	1	7	9	0	4	8	0	0	15	0	0
N209E	3	10	9	3	0	2	0	0	1	0	0	0	0	12	0	0	4	2	0	5	1	11	0	3	1	0	4	0	0
N209Q	0	1	0	0	0	0	0	0	0	0	0	0	0	0	0	0	0	0	0	0	0	0	0	1	0	0	0	0	0
N209G	52	48	36	26	13	5	8	17	202	259	5	199	3	36	12	4	31	17	17	35	46	298	18	17	433	16	45	636	6
N209H	1480	1268	997	1031	243	251	243	332	431	706	226	255	205	704	196	245	595	518	124	690	869	572	146	525	742	116	866	171	188
N209I	10588	8919	6677	7277	901	1122	1051	1843	869	1854	1663	1568	573	4675	500	333	4320	3820	343	4551	5259	2805	371	3367	3665	291	6032	5904	585
N209L	8	5	4	6	0	0	0	2	0	0	0	0	0	3	0	0	1	1	0	0	10	0	0	1	0	0	2	0	0
N209K	3472	3000	2280	2251	485	524	511	796	910	534	1378	442	203	1730	228	156	1281	1341	178	1561	1754	715	291	1145	1103	254	1956	713	301
N209M	0	0	0	0	0	0	0	0	0	0	0	0	0	0	0	0	0	0	0	1	0	0	0	0	0	0	0	0	0
N209F	5	4	4	2	6	0	1	5	13	2	7	0	0	3	0	0	4	2	3	2	2	0	0	2	0	0	3	0	1
N209P	0	0	0	0	0	0	0	0	0	0	0	0	0	0	0	0	0	0	0	0	0	0	0	0	0	0	0	0	0
N209S	17567	14768	11073	12111	2827	2996	3169	4825	3414	4426	4048	5933	1992	7791	1533	1075	6964	6381	1327	7597	9316	6314	992	5789	8076	1001	10536	7522	1810
N209T	1301	1110	815	900	84	121	151	187	320	123	167	94	88	576	58	22	495	456	28	493	634	454	51	436	1614	22	792	387	49
N209W	0	0	0	0	0	0	0	0	0	0	0	0	0	0	0	0	0	0	1	0	0	0	0	0	0	0	0	0	0
N209Y	12883	11123	8195	8528	1765	2087	1760	3209	3079	4236	3235	2602	1452	6060	946	729	5052	4773	754	5208	5702	4196	637	3932	4305	590	7421	6530	1089
N209V	11	34	20	22	4	2	0	6	0	0	2	1	0	8	0	0	13	10	0	20	13	1	0	7	0	2	15	0	0
N209X	3	8	5	2	0	2	0	0	0	0	0	0	0	4	0	0	3	1	0	3	7	0	0	0	1	1	8	1	0
N209B	1	1	0	0	0	0	0	0	0	0	0	0	0	1	0	0	0	0	0	0	0	0	0	0	0	0	2	1	0
Y210A	2	0	0	0	0	0	0	0	0	0	0	0	0	0	0	0	0	0	0	0	0	0	0	1	0	0	1	0	0
Y210R	28	31	19	31	3	8	8	3	1	3	4	7	1	14	3	0	19	12	1	15	23	39	1	15	0	1	26	1	5
Y210N	21807	18187	13626	15045	2209	2463	2090	3656	3010	5311	2030	3614	1305	9601	1129	733	8613	8110	859	9491	11579	7186	840	7060	9152	716	12361	6474	1325
Y210D	1261	1044	751	861	124	126	58	168	119	240	100	65	42	500	40	20	500	440	26	516	782	335	35	387	94	24	758	2293	44
Y210C	13553	11310	8320	9358	3642	3952	3755	4510	5466	5386	3640	3240	3173	5759	2753	1563	5328	4852	2511	5700	7350	3524	1334	4601	5483	1257	8038	5941	2277
Y210E	0	0	1	0	0	0	0	0	0	0	0	0	0	0	0	0	0	0	0	0	0	1	0	0	0	0	0	0	0
Y210Q	112	82	48	64	13	21	0	8	24	0	0	9	52	36	2	3	20	33	3	35	25	2	1	27	0	1	49	80	4
Y210G	0	0	0	0	0	0	0	0	0	0	0	0	0	0	0	0	0	0	0	1	0	0	0	0	0	0	0	0	0
Y210H	16200	13403	10076	11358	3940	4464	4100	5424	4844	6102	5680	5253	2540	7107	2111	1632	6283	5887	2126	7376	9066	4305	1602	5333	8482	1402	9553	5870	2436
Y210I	44	19	14	18	12	7	20	6	4	24	16	0	2	11	1	3	10	4	1	8	24	0	2	11	0	2	25	0	2
Y210L	15	16	16	19	4	1	5	7	1	0	2	0	2	8	0	2	3	13	0	5	12	0	0	10	11	0	9	0	2
Y210K	10	23	13	15	10	1	1	5	0	17	0	0	1	21	3	2	5	3	4	8	9	11	2	9	0	2	5	12	2
Y210M	0	0	0	0	0	0	0	0	0	0	0	0	0	0	0	0	0	0	0	0	0	0	0	0	0	0	0	0	0
Y210F	8018	6453	5101	5348	1515	1549	1382	2111	1668	2318	1259	1493	729	3424	748	442	3006	2901	599	3467	4343	1631	603	2562	2941	538	4638	4016	910
Y210P	0	1	0	0	0	0	0	0	0	0	0	0	0	1	0	0	0	0	0	0	0	0	0	0	0	0	1	0	0
Y210S	856	710	519	546	146	107	57	127	97	50	56	79	61	385	54	29	303	294	33	332	437	935	61	308	636	56	486	618	89
Y210T	1	3	1	3	2	3	0	0	0	14	0	0	0	2	0	0	4	0	0	0	10	19	0	0	0	0	0	0	0
Y210W	0	0	1	0	0	0	0	0	0	0	0	0	0	0	0	0	0	0	0	0	0	0	0	0	0	0	1	0	0
Y210Y	4229476	3643571	2887858	2997425	2754230	2876884	3797560	3540545	2871989	3299817	3187909	2342841	1829780	1951665	1856992	1306262	1760015	1560398	1391563	2042053	2396168	1809526	1789234	1492464	2072634	1317012	2391339	1894279	1573928
Y210V	1	0	0	0	0	0	0	0	0	0	0	0	0	5	0	0	0	0	0	1	2	0	0	0	0	0	0	0	0
Y210X	14527	11926	8845	10036	1015	1138	894	2175	1319	1876	1432	1521	657	6731	490	362	5957	5304	402	6971	13055	8433	569	4896	2659	303	8726	3032	656
Y210B	581	480	465	539	94	87	48	125	75	141	160	49	44	266	47	29	276	205	48	314	607	547	35	254	132	27	382	125	59
T211A	10769	8634	6475	7725	3735	4182	3344	3996	4417	5926	2628	2775	2082	4483	1776	1273	4205	3766	1974	4627	6728	4276	1486	3846	4365	1272	6579	5014	2175
T211R	0	5	0	3	0	1	0	1	0	0	0	0	0	3	0	0	1	1	1	5	1	0	0	4	0	0	0	0	0
T211N	1550	1413	1118	993	257	306	459	468	715	270	570	540	107	796	182	189	667	626	154	775	775	1679	239	476	1216	198	810	1613	164
T211D	56	54	61	27	4	4	11	13	19	1	1	23	3	23	3	3	24	26	1	25	30	22	11	23	36	10	33	11	2
T211C	1	0	0	0	0	0	0	0	0	1	0	0	0	0	0	0	0	0	0	0	0	0	1	0	0	0	0	1	0
T211E	0	0	0	0	0	0	0	0	0	0	0	0	0	0	0	0	0	0	0	0	0	0	0	0	0	0	0	0	0
T211Q	0	0	0	0	0	0	0	0	0	0	0	0	0	0	0	0	0	0	0	0	0	0	0	0	0	0	0	0	0
T211G	2	3	0	1	0	0	0	0	0	1	0	0	0	2	0	0	0	3	0	6	0	1	0	1	0	0	4	0	0
T211H	0	1	1	0	0	0	0	0	0	0	0	0	0	0	1	0	0	0	0	0	0	0	0	0	0	0	0	0	0
T211I	11072	9041	6719	7459	1483	1790	1662	2728	1438	3719	2704	2694	909	4734	802	500	4240	3863	574	4634	5561	3460	644	3431	3417	587	6354	2628	873
T211L	0	0	0	0	0	0	0	0	0	0	0	0	0	0	0	0	0	0	0	0	0	0	0	0	0	0	0	0	0
T211K	27	20	23	4	1	2	4	5	6	1	0	0	1	10	0	3	11	11	2	9	9	10	2	5	4	4	6	8	0
T211M	8	11	3	3	4	1	2	0	0	0	1	0	0	6	0	1	5	0	0	6	1	0	1	0	0	0	2	0	0
T211F	2	11	7	7	0	11	0	1	0	0	0	3	1	3	0	0	2	2	0	1	6	0	0	3	0	0	3	0	0
T211P	728	701	485	568	35	75	90	110	140	181	67	65	21	326	36	19	321	276	13	348	479	453	27	268	554	17	492	1104	45
T211S	8755	7504	5704	6463	1953	1971	1704	2157	1753	2869	2046	1531	864	4058	823	532	3619	3295	676	3914	4882	2345	765	2916	3703	674	5200	3185	1089
T211T	4273486	3679838	2915063	3027380	2759472	2882460	3802698	3549388	2880129	3308329	3194270	2350539	1834401	1971079	1860749	1308562	1777232	1576578	1394780	2061940	2425012	1824245	1791143	1506957	2088927	1318578	2416892	1909175	1577391
T211W	0	0	0	0	0	0	0	0	0	0	0	0	0	0	0	0	0	0	0	0	0	0	0	0	0	0	0	0	0
T211Y	4	1	3	1	0	0	1	0	0	0	0	0	0	3	0	0	0	0	0	0	0	1	0	1	2	0	2	0	0
T211V	32	22	12	32	15	8	3	3	0	1	1	1	0	10	1	0	15	9	1	3	8	2	0	7	0	1	21	2	0
T211X	0	0	0	0	0	0	0	0	0	0	0	0	0	0	0	0	0	0	0	0	0	0	0	0	0	0	0	0	0
T211B	0	0	0	0	0	0	0	0	0	0	0	0	0	0	0	0	0	0	0	0	0	0	0	0	0	0	0	0	0
E212A	1480	1167	922	1129	334	407	335	409	525	493	614	340	198	610	119	55	510	486	111	589	870	203	149	485	381	135	920	351	178
E212R	7	6	2	4	1	1	0	3	1	2	0	0	1	1	0	0	4	2	0	2	3	1	0	2	1	0	1	0	0
E212N	2	0	1	0	0	0	1	0	1	0	0	0	0	1	0	0	0	1	0	2	0	2	0	1	0	0	0	0	0
E212D	1757	1770	1303	1219	432	451	515	686	366	538	420	404	222	916	277	217	712	724	155	887	1096	556	272	669	949	236	1060	396	284
E212C	0	0	0	0	0	0	0	0	0	0	0	0	0	0	0	0	0	0	0	0	0	0	0	0	0	0	0	0	0
E212E	4265455	3671637	2909170	3020987	2755469	2878489	3799190	3545502	2870372	3302431	3190262	2347684	1832511	1966906	1859070	1307589	1773658	1573494	1393611	2058118	2418481	1821739	1789672	1503437	2088538	1317145	2411176	1907128	1575076
E212Q	115	109	93	77	52	84	77	84	27	81	82	41	16	56	40	18	42	50	28	55	56	35	24	40	39	21	51	14	28
E212G	15072	12768	9226	10635	3318	3726	3340	4197	3851	4779	3217	3260	1611	6512	1622	1095	5929	5218	1197	6392	8932	6739	1600	5372	5168	1330	9375	5945	2076
E212H	0	0	0	0	0	0	0	0	0	0	0	0	0	0	0	0	0	0	0	0	0	0	0	0	0	0	0	0	0
E212I	0	0	0	0	0	0	0	0	0	0	0	0	0	0	0	0	0	0	0	0	0	0	0	0	0	0	0	0	0
E212L	28	43	38	7	2	0	5	13	7	0	0	2	1	43	0	3	15	12	1	18	10	13	2	12	23	11	3	13	0
E212K	5598	4990	3696	3998	2985	2758	2355	2741	7867	6504	3580	2470	1678	2657	1240	720	2199	2164	1386	2380	2936	1562	740	1890	2271	880	3208	1023	1527
E212M	17	16	12	17	0	0	2	3	0	7	8	0	1	10	1	0	10	5	0	19	7	1	0	7	0	0	18	1	8
E212F	0	0	0	0	0	0	0	0	0	0	0	0	0	0	0	0	0	0	0	0	0	0	0	0	0	0	0	0	0
E212P	0	0	0	0	0	0	0	0	0	0	0	0	0	0	0	0	0	0	0	1	0	0	0	0	0	0	0	0	0
E212S	3	3	6	1	0	0	0	0	2	0	0	0	1	2	0	0	1	1	0	1	0	0	0	4	1	1	2	2	0
E212T	1	0	1	0	0	0	0	0	0	0	0	0	0	0	0	0	0	0	0	0	0	0	0	0	0	0	0	0	0
E212W	4	7	6	3	0	0	0	2	0	0	0	1	0	5	0	0	4	0	0	5	3	0	0	4	2	1	0	3	0
E212Y	0	1	3	0	0	0	2	1	0	0	1	0	1	2	2	0	0	2	0	3	0	0	0	2	1	0	2	0	0
E212V	13767	11808	8795	10194	3047	3373	2960	3798	3366	4321	2758	2886	1384	6267	1444	1072	5768	4996	1089	5953	8248	4614	1313	4857	4066	1206	8750	6793	1835
E212X	3	2	4	2	1	0	0	0	0	0	0	0	0	1	0	0	2	0	0	1	0	1	0	0	0	0	1	2	0
E212B	3183	2932	2396	2393	1318	1522	1196	1431	2232	2143	1346	1083	764	1547	558	313	1488	1301	598	1867	2850	1028	547	1156	784	375	1831	1070	727
F213A	3	0	1	1	0	0	0	0	0	0	0	0	1	0	0	0	1	0	0	0	2	0	0	0	0	0	0	0	0
F213R	2	1	0	2	0	0	0	0	0	0	0	0	0	0	0	0	0	1	0	2	1	0	0	0	0	0	2	0	0
F213N	1	2	2	2	0	1	1	8	0	35	0	0	1	3	0	0	3	2	0	1	6	0	0	2	0	0	0	0	0
F213D	3	0	2	3	0	0	0	2	0	0	0	0	0	1	0	0	0	0	0	0	1	0	0	1	0	0	0	0	1
F213C	738	609	462	540	135	127	121	193	153	86	35	133	46	346	68	61	300	319	35	337	501	330	52	266	203	63	523	170	56
F213E	0	0	0	0	0	0	0	0	0	0	0	0	0	0	0	0	0	0	0	0	0	0	0	0	0	0	0	0	0
F213Q	1	0	0	0	0	0	0	0	0	0	0	0	0	0	0	0	0	0	0	0	0	0	0	0	0	0	0	0	0
F213G	0	0	0	0	0	0	0	1	0	0	0	0	0	0	0	0	0	0	0	0	0	0	0	0	0	0	0	0	0
F213H	26	19	13	8	0	0	3	5	0	0	1	1	0	6	2	1	6	5	2	9	19	10	1	5	0	2	7	0	1
F213I	7607	6054	4689	5348	815	913	748	1411	888	1340	1154	1162	455	3446	354	224	2925	2526	281	3190	4418	2683	326	2559	2569	305	4781	3670	603
F213L	27199	23980	19084	25837	5573	6443	5443	10637	7611	9706	6157	6347	3637	12715	3029	2271	12040	10831	2485	12775	15109	10916	2046	10440	11294	2160	17572	10965	3343
F213K	0	0	0	0	0	0	0	0	0	0	0	0	0	0	0	0	0	0	0	0	0	0	0	0	0	1	0	0	0
F213M	0	0	0	0	0	0	0	1	0	0	0	0	0	0	0	0	0	0	0	0	0	0	1	0	0	0	0	0	0
F213F	4241362	3651088	2893112	2997653	2753070	2874613	3796728	3538217	2870137	3297758	3184200	2342542	1829786	1956115	1857563	1306203	1763023	1564287	1391420	2047238	2405529	1810425	1789361	1494275	2075315	1316436	2394456	1890269	1573034
F213P	51	36	36	53	4	11	4	10	1	3	9	3	3	21	1	0	14	16	1	36	29	1	3	31	0	1	42	2	1
F213S	17121	15018	10718	12459	3248	3776	3116	4121	3878	5895	3608	3710	1558	7480	1610	1202	6980	6095	1315	7470	10885	5136	1587	6267	6817	1303	11407	5817	1969
F213T	15	27	12	19	0	2	1	0	0	0	1	2	0	3	0	0	10	7	1	7	14	0	0	4	0	0	7	0	0
F213W	0	0	0	0	0	0	0	0	0	0	0	0	0	0	0	0	0	0	0	0	0	0	0	0	0	0	0	0	0
F213Y	11000	9283	6707	7732	3932	4734	3650	3988	5902	5262	5503	3789	2817	4799	1630	1056	4506	3867	2552	4703	6218	4929	860	3627	4683	1013	6814	9297	2631
F213V	1335	1113	823	1008	182	190	156	266	34	1214	1619	482	82	575	114	61	529	480	82	509	755	2057	76	448	1330	54	770	2538	100
F213X	27	25	13	0	0	0	7	10	13	0	1	0	3	26	2	3	5	20	2	16	2	7	6	13	13	3	12	13	0
F213B	1	4	0	1	0	1	0	0	0	0	0	0	0	0	0	0	0	0	0	0	3	0	0	0	0	0	5	0	0
T214A	24379	19820	14388	16717	4717	5468	4951	7148	6553	10671	7920	6134	3050	9930	2766	1695	9101	8155	2225	9771	14053	12170	2226	8233	10836	1904	15087	13180	3064
T214R	3	5	2	0	0	0	0	0	0	0	0	0	0	2	0	1	0	1	1	1	0	7	3	1	1	1	0	1	0
T214N	1451	1327	1016	1052	277	347	318	442	419	411	139	219	162	623	217	127	632	549	160	730	870	234	223	525	672	182	979	498	168
T214D	41	13	37	22	3	1	1	4	10	1	25	1	0	18	0	3	18	16	1	12	12	9	2	16	16	4	17	7	1
T214C	1	1	0	2	1	0	0	0	0	1	0	0	0	0	0	0	0	0	0	0	0	0	0	0	0	0	2	1	0
T214E	0	0	1	0	0	0	0	0	0	0	0	0	0	0	0	0	0	0	0	0	0	0	0	0	0	0	0	0	0
T214Q	0	0	0	0	0	0	0	0	0	0	0	0	0	0	0	0	0	0	0	0	0	0	0	0	0	0	0	0	0
T214G	4	2	2	1	0	0	1	2	0	1	0	0	0	0	2	0	1	0	0	0	5	1	2	1	0	2	2	0	0
T214H	4	3	0	0	0	0	0	0	0	0	0	0	0	1	0	0	0	1	0	2	0	0	0	0	0	0	2	0	0
T214I	10360	8901	6366	7579	2061	2511	2220	2696	1981	2682	2472	1739	848	4440	1163	713	4096	3726	819	4520	6500	19070	1122	3753	3981	931	6793	2902	1294
T214L	0	0	0	1	0	0	0	0	0	0	0	0	0	0	0	0	0	0	0	0	0	0	0	1	0	0	0	0	0
T214K	19	24	14	3	0	0	2	4	7	0	0	0	1	17	4	2	12	13	0	16	3	7	6	10	5	7	7	5	0
T214M	0	0	0	1	0	0	0	0	0	0	0	0	0	0	0	0	0	0	0	2	1	0	0	0	0	0	1	0	0
T214F	2	2	2	1	0	0	0	0	0	27	0	0	0	1	0	0	4	0	0	2	3	0	1	0	0	1	4	30	0
T214P	1482	1235	969	1040	173	206	240	311	86	650	231	90	86	669	124	99	565	541	135	584	870	1817	92	515	272	71	901	194	169
T214S	9037	7683	5494	6507	1976	2047	1441	2313	1766	2489	1948	1560	777	3942	832	587	3499	3182	622	3951	5477	2686	943	3183	2256	762	5718	5792	1040
T214T	4259667	3668200	2907354	3017712	2757744	2880224	3800802	3545943	2877793	3304362	3189541	2348419	1833465	1965861	1859264	1307855	1772403	1572256	1394204	2056687	2415675	1800482	1789694	1501688	2084171	1317466	2406857	1900127	1576000
T214W	0	0	0	0	0	0	0	0	0	0	0	0	0	0	0	0	0	0	0	0	0	0	0	0	0	0	0	0	0
T214Y	8	9	3	2	0	0	0	1	0	1	0	0	0	5	0	0	1	5	0	5	2	0	2	0	0	0	6	1	1
T214V	34	34	26	26	7	7	2	6	2	3	12	9	0	27	1	0	10	11	9	10	21	11	3	12	14	10	22	3	2
T214X	0	0	0	0	0	0	0	0	0	0	0	0	0	0	0	0	0	0	0	0	0	0	0	0	0	0	0	0	0
T214B	0	0	0	0	0	0	0	0	0	0	0	0	0	0	0	0	0	0	0	0	0	0	0	0	0	0	0	0	0
T215A	23681	19289	13628	16156	4801	5272	5587	7714	5353	7614	8278	8632	3807	9837	2885	1878	8724	8051	3057	9451	13157	11083	1897	7975	8768	1611	14708	10758	3044
T215R	1703	1304	1040	1137	115	180	169	200	101	166	409	102	85	707	66	49	669	564	44	716	1049	275	41	571	362	60	1019	206	88
T215N	3	2	2	1	0	0	0	0	0	0	1	0	0	0	0	0	1	1	0	1	0	0	0	0	0	0	1	1	0
T215D	0	0	0	0	0	0	0	0	0	0	0	0	0	0	0	0	0	0	0	0	0	0	0	0	0	0	0	0	0
T215C	0	0	0	0	0	0	0	0	0	0	0	0	0	0	0	0	0	0	0	0	0	0	0	0	0	0	0	0	0
T215E	34	27	27	4	4	1	7	2	8	2	4	2	1	27	2	0	10	14	2	16	6	11	1	17	11	9	13	13	0
T215Q	4	3	4	3	2	4	0	0	0	0	0	0	0	4	0	0	1	1	0	3	8	0	0	2	0	0	8	0	0
T215G	2	4	1	0	0	0	0	0	0	0	0	0	0	0	0	0	1	0	0	0	1	0	0	1	0	0	0	0	0
T215H	0	0	0	0	0	0	0	0	0	0	0	0	0	0	0	0	0	0	0	0	0	0	0	0	0	0	0	0	0
T215I	23	16	18	27	2	1	1	6	0	1	2	2	2	13	1	0	8	6	0	11	14	1	3	11	1	0	21	0	3
T215L	22	18	17	20	6	2	4	3	0	38	1	1	0	6	1	1	7	14	0	10	15	13	4	8	17	5	23	28	0
T215K	1713	1433	1204	1173	208	272	223	460	274	298	193	268	97	827	143	86	697	644	129	786	978	722	200	579	742	128	1037	407	128
T215M	16583	13725	9606	11429	2947	3589	2541	3875	3488	4046	2971	3567	1567	7186	1566	1169	6543	6030	1111	6798	10082	4983	1408	5757	4741	989	10716	5690	1799
T215F	0	0	0	0	0	0	0	0	0	0	0	0	0	0	0	0	0	0	0	0	0	0	0	0	0	0	0	0	0
T215P	3488	3142	2388	2828	300	402	372	794	421	865	316	535	126	1501	198	80	1265	1235	138	1397	1963	1053	136	1263	1267	120	2248	2187	218
T215S	17171	14280	10198	11966	2666	2906	2400	3798	3651	4083	4016	4256	1586	7437	1263	863	6594	6035	1234	6829	10076	7004	1136	5882	7421	1045	11297	8642	1696
T215T	4242017	3653967	2897508	3005890	2755903	2878178	3798671	3541999	2875320	3304184	3186094	2340798	1831113	1957977	1858245	1306952	1765803	1565849	1392457	2050259	2406100	1811346	1789489	1495854	2078888	1317372	2395276	1894231	1574762
T215W	0	1	0	0	0	0	0	0	0	0	0	1	0	0	0	0	0	0	0	0	0	0	0	0	0	0	0	0	0
T215Y	0	0	0	0	0	0	0	0	0	0	0	0	0	0	0	0	0	0	0	0	0	0	0	0	0	0	0	0	0
T215V	34	39	32	29	5	4	3	17	0	2	3	6	5	9	3	4	17	10	4	14	41	1	4	15	1	2	29	578	0
T215X	0	0	0	0	0	0	0	0	0	0	0	0	0	0	0	0	0	0	0	0	0	0	0	0	0	0	0	0	0
T215B	14	9	1	3	0	0	0	2	1	0	0	1	0	5	0	0	2	2	0	2	2	2	0	3	5	0	2	0	1
P216A	825	701	491	624	167	186	145	201	102	265	101	114	102	372	58	52	295	245	50	414	520	107	62	284	674	57	484	308	81
P216R	660	653	384	504	191	192	160	163	384	197	273	153	133	256	77	58	248	235	125	239	399	225	48	220	1296	53	419	308	148
P216N	24	22	20	2	0	0	7	1	8	0	0	1	2	17	2	1	16	18	4	15	10	14	1	13	25	5	3	17	1
P216D	1	0	0	0	0	0	1	0	0	0	0	0	0	0	1	0	1	2	1	3	2	0	0	0	3	0	0	0	0
P216C	0	1	0	0	0	0	0	0	0	0	0	0	0	2	0	0	0	0	0	2	0	1	0	1	0	0	1	0	0
P216E	0	0	0	0	0	0	0	0	0	0	0	0	0	0	0	0	0	0	0	0	0	0	0	0	0	0	0	0	0
P216Q	37	46	56	1	1	6	9	8	23	2	0	0	6	31	8	4	39	32	4	33	9	30	4	18	29	5	26	30	1
P216G	0	0	0	0	0	0	0	0	0	0	0	0	0	0	0	0	1	0	0	0	0	0	0	0	0	0	0	0	0
P216H	7451	6019	4355	5543	1990	1950	1806	2119	3446	4391	3214	2372	1250	3069	981	664	3081	2670	1368	3124	4279	3226	542	2425	4364	578	4593	7364	1301
P216I	12	15	16	0	1	0	4	6	3	0	1	0	0	14	1	2	9	7	1	13	5	9	2	13	8	1	0	12	0
P216L	9545	7951	5495	7016	1647	1885	2169	2325	1886	3075	3288	2470	1010	4042	825	645	3781	3164	761	4123	5756	5727	540	3206	4808	490	6022	6958	1016
P216K	0	0	0	0	0	0	0	0	0	0	0	0	0	0	1	0	1	0	0	0	0	0	0	0	2	0	1	0	0
P216M	0	0	0	0	0	0	0	0	0	0	0	0	0	0	0	0	0	0	0	0	0	0	0	0	0	0	0	0	0
P216F	9	6	11	6	2	1	3	5	0	7	3	0	6	3	0	0	9	6	11	5	12	1	4	5	0	1	6	0	0
P216P	4276099	3681869	2917832	3028772	2761266	2884713	3803931	3551561	2881065	3310879	3193595	2351584	1834973	1972526	1861588	1309130	1778185	1577813	1395178	2063343	2425478	1823549	1792220	1507719	2087667	1319442	2417651	1903464	1578223
P216S	8979	7424	5214	6148	1235	1398	1259	1852	1206	1645	1435	972	591	3850	632	383	3470	3132	504	3757	5378	2165	618	3087	2276	490	5461	2093	748
P216T	2792	2513	1771	2027	458	479	482	626	494	837	378	505	316	1321	199	143	1195	1107	165	1204	1633	1439	278	928	1048	219	1706	2186	217
P216W	0	0	0	0	0	0	0	0	0	0	0	0	0	0	0	0	0	0	0	0	0	0	0	0	0	0	0	0	0
P216Y	15	14	16	8	0	0	2	2	0	1	0	0	0	16	0	0	7	11	1	7	6	1	0	7	2	0	13	1	1
P216V	43	25	12	15	1	1	0	1	0	0	0	0	0	15	0	0	4	14	3	11	5	0	0	12	22	0	12	0	2
P216X	0	0	1	0	0	0	0	0	0	0	0	0	0	2	0	0	0	0	0	0	0	0	0	0	0	0	0	0	0
P216B	0	0	0	0	0	0	0	0	0	0	0	0	0	0	0	0	0	0	0	0	0	0	0	0	0	0	0	0	0
D217A	1189	949	659	834	183	159	105	232	148	499	120	131	92	475	52	41	411	368	54	486	653	163	67	359	125	27	670	174	107
D217R	6	3	7	2	0	0	0	0	0	0	0	0	0	1	0	0	9	4	0	4	1	0	0	0	0	0	3	0	0
D217N	8237	6878	4864	5818	1326	1382	1232	1950	1658	1941	1431	1294	592	3667	697	462	3133	2953	500	3397	4779	3261	656	2885	3378	505	5087	2578	796
D217D	4245675	3655408	2898252	3007869	2758682	2881140	3801656	3545527	2875188	3305989	3192943	2346383	1833639	1958461	1859751	1307939	1766061	1566372	1394507	2050238	2408160	1815785	1790458	1496990	2075942	1318041	2398670	1892081	1576458
D217C	6	11	10	10	2	4	4	2	1	0	0	0	0	12	0	0	14	13	0	8	19	1	0	6	9	0	9	17	1
D217E	13737	11586	8407	9438	2393	2920	2395	3544	2860	3780	1935	3185	1390	6027	1382	932	5580	4961	1162	5740	7772	6332	1161	4661	6461	993	8607	8175	1694
D217Q	0	0	0	0	0	0	0	0	0	0	0	0	0	0	0	0	0	0	0	0	0	0	0	0	0	0	0	0	0
D217G	15836	13237	9931	11381	2081	2443	2145	3254	4124	3526	2505	3186	1141	7151	1215	786	6484	5626	838	7091	9971	4014	1047	5681	7219	899	9853	6327	1225
D217H	435	367	268	324	54	86	72	136	129	97	70	86	22	214	45	17	170	153	26	191	302	61	29	150	38	22	241	27	23
D217I	32	25	20	24	0	0	2	2	0	0	1	1	3	14	0	0	16	6	0	14	23	31	0	13	8	0	13	6	0
D217L	1	3	0	0	0	0	0	0	1	0	0	0	0	0	0	0	0	0	0	1	1	1	0	1	0	0	3	1	0
D217K	12	10	12	16	0	0	4	3	0	0	0	0	0	9	0	0	4	4	0	5	26	1	1	10	4	0	7	0	0
D217M	0	0	0	0	0	0	0	0	0	0	0	0	0	0	0	0	0	0	0	0	0	0	0	0	0	0	0	0	0
D217F	43	34	31	1	0	0	3	5	7	0	0	0	1	35	1	1	11	22	1	22	10	13	3	18	28	6	20	22	0
D217P	0	0	0	0	0	0	0	0	0	0	0	0	0	0	0	0	0	0	0	0	0	0	0	0	0	0	0	0	0
D217S	36	56	25	44	6	3	15	10	0	0	1	4	2	32	4	3	24	34	1	26	19	3	3	13	2	0	30	52	0
D217T	0	0	2	1	0	0	0	1	0	1	0	2	1	0	0	0	0	0	0	0	0	0	0	0	0	1	1	0	0
D217W	0	0	0	0	0	0	0	0	0	0	0	0	0	0	0	0	0	0	0	0	0	0	0	0	0	0	0	0	0
D217Y	6460	6076	4085	4221	784	920	839	1294	1002	1547	1245	1113	379	2758	366	255	2491	2371	293	2692	3361	1581	374	2139	1767	326	4023	4962	420
D217V	14779	12606	9092	10675	1448	1754	1506	2910	3498	3919	2037	2786	1127	6677	859	646	5930	5566	794	6369	8389	5246	519	5010	7242	521	9156	8318	1015
D217X	7	10	9	8	0	0	0	0	1	0	0	0	0	3	1	0	4	3	0	9	6	0	1	1	1	0	4	1	0
D217B	1	0	0	0	0	0	0	0	0	0	0	0	0	0	0	0	0	0	0	0	0	1	0	1	0	0	1	0	0
G218A	1016	887	723	850	150	132	118	257	296	192	152	183	66	483	64	40	439	387	64	465	709	611	108	364	249	66	638	285	79
G218R	606	607	426	503	68	75	69	127	77	139	52	329	36	281	20	20	274	209	21	327	443	112	30	229	140	17	408	744	37
G218N	20	28	19	20	4	19	0	10	3	2	1	1	5	13	0	1	11	3	6	14	12	10	3	17	13	0	19	4	4
G218D	16414	13677	9689	11157	2412	2672	2613	4155	3472	4503	3191	3285	1601	7149	1291	1123	6259	5737	1221	6867	8567	5364	1099	5190	5754	884	9739	8027	1510
G218C	5155	4647	3471	3991	609	755	762	1182	800	1150	660	1088	370	2437	357	348	2175	1915	312	2552	3250	1623	553	1715	1857	274	3205	1535	314
G218E	14	12	9	8	2	1	0	2	0	0	1	0	0	3	0	0	5	4	0	2	1	0	1	5	0	0	7	0	0
G218Q	0	0	0	0	0	0	0	0	0	0	0	0	0	0	0	0	0	0	0	0	0	0	0	0	0	0	0	0	0
G218G	4266117	3672626	2910939	3022306	2761447	2884326	3803503	3548520	2880112	3309593	3193408	2347698	1834389	1967668	1861393	1308585	1774282	1573954	1395227	2058745	2421776	1787210	1791770	1504797	2088819	1319347	2411847	1895988	1578236
G218H	1	2	3	0	0	0	0	0	0	0	0	0	0	1	0	0	0	1	0	0	0	0	0	0	0	0	0	0	0
G218I	21	30	33	9	0	0	4	6	3	0	0	4	0	23	1	2	18	17	1	21	4	125	2	11	15	2	20	26	1
G218L	5	3	2	0	0	0	0	0	1	0	0	0	1	3	0	0	1	3	0	4	1	1	0	1	1	0	0	4	0
G218K	0	0	0	0	0	0	0	0	0	0	0	0	0	0	0	0	0	0	0	0	0	0	0	0	0	0	0	0	0
G218M	0	0	0	0	0	0	0	0	0	0	0	0	0	0	0	0	0	0	0	0	0	0	0	0	0	0	0	0	0
G218F	40	27	27	0	0	0	4	6	9	0	0	0	0	31	2	0	14	10	1	30	5	7	6	13	10	4	18	9	1
G218P	3	13	2	0	0	0	0	2	0	0	0	0	0	1	0	0	0	7	0	3	1	0	0	0	0	0	3	0	0
G218S	11541	9700	6740	7897	1569	1971	2070	3325	1997	3903	3914	4573	1480	4890	932	723	4566	4093	1060	4842	5881	39391	492	3781	4168	520	7074	10860	1130
G218T	1	0	1	0	0	0	0	0	1	0	0	0	0	4	0	0	0	0	0	2	2	1	0	0	1	0	2	1	0
G218W	0	0	1	0	0	0	0	1	0	0	0	0	0	0	0	0	0	1	0	0	0	0	1	0	0	0	0	0	0
G218Y	47	46	37	1	0	1	3	5	9	0	0	0	0	39	0	1	23	36	0	25	10	16	5	13	11	1	20	17	0
G218V	5482	4954	3551	3923	697	859	832	1271	1837	1817	909	1010	440	2510	313	239	2275	2078	263	2391	2824	2023	248	1801	1186	226	3397	5240	427
G218X	9	0	1	1	1	0	0	1	0	0	0	0	1	0	0	0	0	1	0	3	6	0	1	1	0	0	1	1	0
G218B	0	0	0	0	0	0	0	0	0	0	0	0	0	0	0	0	0	0	0	0	0	0	0	0	0	0	0	0	0
H219A	0	0	0	0	0	0	0	0	0	0	0	0	0	0	0	0	0	0	0	1	0	0	0	0	0	0	0	0	0
H219R	15574	13245	9456	10938	2709	2813	2489	3481	3554	3991	3149	3274	1097	6679	1229	942	6042	5400	940	6526	8805	6417	1011	5190	5350	790	9058	5915	1476
H219N	5583	4846	3542	3928	1548	1447	1942	1989	1444	1807	4672	1514	950	2639	1476	1174	2228	2114	946	2546	2957	2047	1180	1925	1413	837	3321	2108	849
H219D	596	426	347	461	98	108	97	140	86	62	84	115	38	176	26	34	201	203	29	245	336	77	42	206	182	55	330	80	79
H219C	33	18	16	27	5	11	0	8	1	0	0	0	4	17	1	0	18	15	0	12	13	9	2	19	0	0	18	0	6
H219E	0	0	0	1	0	0	0	0	0	0	0	0	0	0	0	0	0	0	0	0	0	0	1	0	0	0	0	0	0
H219Q	13125	11313	8361	9157	2312	2749	2540	3142	2968	3368	4007	2453	1492	5915	1380	1260	5164	4651	1073	5772	7203	5296	1079	4379	4395	925	8014	8647	1459
H219G	0	1	0	0	0	0	0	0	0	0	0	0	0	0	0	0	1	0	0	0	0	0	0	0	0	0	0	0	0
H219H	4249888	3658701	2900276	3010664	2755941	2878877	3798713	3544594	2874281	3305590	3187279	2346242	1832203	1960615	1858447	1306445	1767884	1568427	1393204	2051723	2411798	1815081	1789466	1498866	2083416	1317223	2402626	1895518	1575301
H219I	7	12	6	10	6	0	2	4	1	2	1	1	0	4	1	0	14	4	1	6	8	12	1	2	2	0	4	0	1
H219L	10824	9391	6989	7650	1537	1667	1534	2210	1822	2480	1165	2381	696	4836	681	507	4321	3916	672	4731	6186	3067	741	3740	3251	645	6603	4200	832
H219K	3	4	5	1	0	0	1	2	0	0	27	0	0	2	4	0	3	2	1	5	2	1	0	4	0	0	3	1	0
H219M	0	0	0	0	0	0	0	0	0	0	0	0	0	0	0	0	0	0	0	0	0	0	0	0	0	0	0	0	0
H219F	16	14	4	12	0	2	2	3	0	0	0	1	0	1	0	0	5	8	0	5	6	0	1	6	0	0	5	1	0
H219P	1334	1134	869	910	85	106	102	187	442	208	110	132	85	593	46	38	514	479	38	612	816	674	51	440	867	44	749	542	61
H219S	31	37	35	7	1	2	7	7	12	0	0	0	0	23	1	1	16	20	1	17	7	14	5	10	14	2	18	5	0
H219T	0	2	1	1	0	0	0	2	0	0	0	35	0	1	0	0	1	0	0	0	0	0	0	0	0	0	0	0	0
H219W	0	0	0	0	0	0	0	0	0	0	0	0	0	0	0	0	0	0	0	0	0	0	0	0	0	0	0	0	0
H219Y	9459	8084	5756	6877	2717	3024	2547	3098	4005	3769	1794	2019	1824	4032	1080	681	3923	3206	1265	4083	5339	3793	739	3135	3333	819	5636	5696	1674
H219V	0	0	0	0	0	0	0	0	0	0	0	0	0	0	0	0	0	0	0	0	0	0	0	0	0	0	0	0	0
H219X	18	31	11	22	0	5	2	2	1	22	0	3	0	3	0	0	6	11	6	8	16	6	0	16	1	0	12	28	1
H219B	1	0	0	0	0	0	0	1	0	0	0	1	0	0	1	0	1	0	0	1	0	0	0	0	0	1	1	0	0
Y220A	0	0	0	0	0	0	0	0	0	0	0	0	0	0	0	0	0	0	0	0	0	0	0	0	0	0	0	0	0
Y220R	66	47	39	40	32	14	4	19	0	0	34	18	19	32	5	3	24	17	1	19	29	4	7	16	258	4	28	1	5
Y220N	7500	6502	4570	5093	2664	2883	2128	2644	2475	3457	2469	1909	1374	3348	1163	745	3050	2728	840	3145	3895	2406	899	2455	3333	792	4560	2918	1526
Y220D	429	387	281	302	107	143	60	115	26	92	40	45	57	209	40	36	166	157	17	223	251	40	57	153	49	32	308	36	51
Y220C	9185	8037	5861	6899	2539	2712	2191	2771	2204	2521	2658	2247	1016	3960	1111	703	3736	3336	786	4233	5842	21678	980	3105	2770	755	5523	2005	1352
Y220E	0	0	0	0	0	0	0	1	0	0	0	0	1	1	0	0	0	0	0	0	1	0	0	0	0	0	0	0	0
Y220Q	18	11	7	5	2	0	4	0	1	0	0	5	1	2	0	1	6	9	0	6	15	0	4	2	0	0	6	0	0
Y220G	0	0	0	0	0	0	0	0	0	0	0	0	0	0	0	0	0	0	0	0	1	0	0	0	0	0	0	0	0
Y220H	12075	10594	7902	8787	2941	3008	3181	3857	4052	5617	2523	4300	1858	5710	1734	1199	5204	4616	1228	5721	7444	4646	1317	4225	6056	1077	6768	8360	1846
Y220I	26	10	12	12	0	0	0	2	0	0	0	1	2	2	0	1	4	1	2	1	1	0	1	3	0	0	1	0	0
Y220L	101	78	45	43	2	10	6	14	1	0	19	0	6	37	1	0	31	28	1	28	28	2	3	29	208	1	48	0	19
Y220K	0	4	1	0	0	0	0	0	1	0	0	0	1	1	0	0	1	1	0	0	0	0	0	1	0	1	0	0	0
Y220M	0	0	0	0	0	0	0	0	0	0	0	0	0	0	0	0	0	0	0	0	0	0	0	0	0	0	0	0	0
Y220F	4619	3901	2896	3216	930	1125	904	1304	1209	1486	1365	874	428	2054	454	314	1832	1654	405	2023	2740	1512	488	1499	2286	341	2588	3330	566
Y220P	6	6	4	4	0	0	2	1	0	0	0	0	1	2	0	0	2	1	0	2	1	0	0	0	0	0	0	0	0
Y220S	692	616	374	457	139	111	196	227	15	102	144	81	63	274	96	60	275	265	46	265	299	40	73	224	349	38	399	138	107
Y220T	1	3	0	0	0	0	0	0	0	0	0	0	1	0	0	0	0	0	0	0	0	0	0	1	0	0	0	0	0
Y220W	1	2	0	0	0	0	1	0	0	0	0	0	0	1	0	0	0	0	1	1	1	12	0	0	0	0	1	0	0
Y220Y	4267391	3673233	2910827	3022619	2757074	2880118	3800681	3546942	2877672	3307173	3192527	2348012	1833186	1967701	1859431	1307843	1774081	1573947	1394565	2058214	2418681	1802674	1790056	1504694	2085654	1318053	2413544	1904930	1575928
Y220V	0	0	3	2	0	0	1	0	0	0	0	0	0	0	0	0	1	0	1	1	0	0	0	1	0	0	2	0	0
Y220X	2781	2477	1837	1987	225	312	393	572	696	247	301	227	117	1425	140	98	1212	1103	121	1469	2676	1764	256	954	992	147	1617	882	143
Y220B	1601	1351	1015	1200	304	375	226	401	265	604	208	452	258	777	198	79	717	593	162	942	1587	1716	178	576	269	100	1005	141	196
Y221A	3	4	3	3	0	0	0	0	0	0	0	2	0	1	0	1	0	0	0	1	1	0	2	1	0	0	2	0	0
Y221R	49	56	27	40	1	0	1	6	0	17	0	6	1	25	3	0	24	19	0	21	49	117	2	15	0	1	44	4	1
Y221N	12361	10599	7706	8714	1030	1336	934	2075	1350	3276	1293	1525	524	5639	523	331	5066	4576	360	5444	6542	4420	441	4085	3183	333	7285	3958	591
Y221D	957	794	525	647	78	60	77	134	34	82	54	196	21	386	24	12	408	358	30	390	541	149	30	349	365	30	561	316	32
Y221C	15429	12956	9748	11031	3218	3808	3118	4475	4426	4977	3660	3580	1747	6677	1676	1025	6230	5394	1393	6729	8288	7703	1293	4895	6305	1146	9066	10887	1976
Y221E	0	1	0	1	0	0	0	0	0	0	0	0	0	0	0	0	0	0	0	0	0	0	0	0	0	0	2	0	0
Y221Q	5	3	7	0	1	1	1	2	0	0	0	0	0	1	0	0	0	3	0	4	3	0	0	1	0	0	2	1	0
Y221G	0	2	3	1	0	0	0	1	0	0	0	0	0	0	0	0	2	1	0	0	0	12	0	0	0	0	0	0	0
Y221H	16291	14364	10022	10261	1881	1972	2062	3185	2937	3788	2685	2632	1221	7105	1159	798	6164	6008	785	6895	7775	6432	765	5176	4797	679	9467	8600	1228
Y221I	19	37	13	18	3	8	3	5	0	0	5	1	1	11	0	0	16	8	0	11	14	0	1	7	0	0	10	30	0
Y221L	23	30	14	11	10	4	3	4	0	20	25	5	0	11	1	0	13	10	4	11	16	13	1	10	1	4	19	1	3
Y221K	24	21	10	20	0	0	1	0	0	0	0	0	0	8	0	0	7	8	0	3	14	0	0	6	0	0	6	0	2
Y221M	0	0	0	0	0	0	0	0	0	0	0	0	0	0	0	0	0	0	0	0	0	0	0	0	0	0	0	0	0
Y221F	6118	5560	3930	4394	1289	1413	1279	1781	1382	1590	753	1050	533	2879	601	367	2470	2257	508	2691	3327	2811	593	2082	2656	505	3723	3422	794
Y221P	0	8	2	1	0	0	0	0	0	0	0	0	0	0	0	0	1	0	0	0	3	0	0	1	0	0	1	1	0
Y221S	1012	748	613	606	67	63	58	136	206	49	35	38	43	424	34	25	373	359	25	426	598	222	24	276	327	33	567	426	47
Y221T	5	0	2	8	0	0	0	1	0	0	0	0	0	7	0	0	2	1	0	1	3	0	1	2	0	0	1	0	2
Y221W	5	12	3	0	5	0	0	0	19	0	1	1	0	3	0	0	3	1	0	6	4	2	0	0	0	0	4	8	0
Y221Y	4245381	3654336	2897307	3008264	2758751	2881347	3801704	3545537	2876928	3305832	3193238	2347858	1833891	1958082	1860001	1308251	1765769	1566214	1394781	2049127	2407980	1810328	1790673	1497890	2082465	1318377	2400251	1892703	1576662
Y221V	0	2	0	0	1	0	0	0	0	0	0	0	0	0	0	0	0	0	0	0	0	0	0	0	0	0	0	0	0
Y221X	5207	4511	3407	3747	394	483	489	945	681	1164	333	749	305	2499	235	186	2177	1954	215	2606	5048	2508	344	1832	981	164	3165	1488	219
Y221B	3603	3215	2332	2899	230	316	248	583	654	504	206	528	102	1778	116	86	1617	1285	75	1927	3286	1777	149	1310	1144	69	2222	896	182
D222A	1100	882	586	716	157	189	167	240	147	325	167	134	59	466	66	45	410	362	59	436	519	298	64	321	97	45	562	787	71
D222R	0	1	0	0	1	0	0	0	0	0	0	0	1	0	0	0	0	0	0	0	0	0	0	0	0	1	0	0	0
D222N	15227	12783	9363	10338	3337	3609	3442	4616	2982	6258	3799	3585	1865	6791	1818	1279	5769	5476	1170	6383	8059	4157	1498	4860	4732	1294	8901	6244	1983
D222D	4255533	3664356	2904339	3015601	2756402	2878829	3799142	3544468	2876712	3303332	3191311	2348321	1832979	1962926	1858825	1307095	1770574	1570180	1394369	2054503	2416144	1819058	1789534	1501530	2086467	1317286	2406556	1903667	1575532
D222C	11	7	4	8	0	1	1	1	25	0	0	2	0	8	0	0	1	4	1	3	4	2	0	2	2	0	5	1	0
D222E	2060	1812	1396	1274	588	602	509	603	723	467	366	496	189	1030	182	127	750	782	143	838	952	485	329	668	375	197	1118	525	259
D222Q	0	0	0	0	0	0	0	0	0	0	0	0	1	0	0	0	0	0	0	0	0	0	0	0	0	0	0	0	0
D222G	17626	14491	10633	12012	3631	4272	3514	4765	4617	5857	3054	3455	1882	7664	1832	1193	6716	6255	1316	7271	9449	7129	1511	5650	5411	1319	10195	5834	2268
D222H	205	191	159	177	63	108	130	123	88	115	86	90	27	107	25	29	80	99	21	105	134	29	32	89	86	26	126	13	21
D222I	56	43	21	28	53	86	38	25	59	82	3	11	24	14	23	5	19	18	20	15	12	1	11	14	2	11	29	1	39
D222L	0	1	0	1	1	0	0	0	0	0	0	0	1	0	0	0	0	1	0	0	0	0	2	1	0	0	0	0	0
D222K	0	0	1	1	0	0	0	1	0	0	0	0	1	0	0	0	0	0	0	1	0	0	0	1	0	0	0	1	0
D222M	0	0	0	0	0	0	0	0	0	0	0	0	2	0	0	2	0	0	0	0	0	0	0	0	0	0	0	0	0
D222F	51	37	39	8	0	2	2	3	14	0	0	0	5	36	4	2	16	32	5	30	11	14	5	15	15	7	34	9	1
D222P	0	0	0	0	0	0	0	1	0	0	0	0	0	0	0	0	0	0	0	0	0	0	0	0	0	0	0	0	0
D222S	47	20	42	38	13	6	3	4	0	3	1	5	3	16	3	5	15	12	1	15	28	22	3	17	1	3	24	1	6
D222T	3	1	3	1	0	0	1	4	0	0	5	0	3	0	0	1	0	0	0	0	2	0	0	2	17	0	3	0	0
D222W	0	0	0	0	0	0	0	0	0	0	0	0	0	0	0	0	0	0	0	0	0	0	0	0	0	0	0	0	0
D222Y	3908	3348	2572	2533	944	1119	1151	1395	791	1302	792	806	417	1812	600	653	1578	1418	423	1896	2060	1528	576	1284	1691	520	2239	2445	486
D222V	10663	9285	6515	7928	1769	1988	1878	2621	2458	3558	2704	1266	930	4664	995	646	4414	3817	648	4797	6115	3771	754	3484	3328	632	6606	3213	1073
D222X	1	1	1	2	0	0	0	0	1	0	0	0	0	2	0	0	0	0	0	0	2	0	0	0	0	0	0	0	0
D222B	1	0	0	0	0	0	0	0	0	0	0	0	0	0	0	0	0	0	0	0	1	0	0	0	0	0	0	0	0
I223A	64	42	40	51	7	8	3	8	2	0	2	1	0	19	4	1	27	22	8	21	30	6	5	17	3	3	26	1	1
I223R	3	5	4	1	0	0	0	0	0	0	0	0	0	0	0	0	0	1	0	0	7	0	0	2	1	0	1	2	0
I223N	6776	5859	4090	4800	659	728	590	1709	1635	1507	1701	2368	750	3028	388	303	2627	2503	538	2902	3518	2903	181	2200	1970	180	4091	5677	537
I223D	24	21	19	14	0	2	0	10	0	1	0	9	1	14	7	1	22	9	0	15	29	0	2	9	0	1	29	0	4
I223C	1	1	0	3	0	0	0	0	0	0	0	0	0	1	0	0	0	0	0	0	0	0	0	1	0	0	1	0	0
I223E	0	0	1	0	0	0	0	0	0	0	0	0	0	1	0	0	0	0	0	0	0	0	0	0	0	0	0	0	0
I223Q	0	0	0	0	0	0	0	0	0	0	0	0	0	0	0	0	0	0	0	0	0	0	0	0	0	0	0	0	0
I223G	3	4	2	8	0	0	2	1	0	0	0	0	0	0	3	0	2	0	0	0	3	0	0	2	0	0	0	6	1
I223H	1	0	0	0	0	0	0	0	0	0	0	0	0	0	0	0	0	0	0	0	0	0	0	0	0	0	0	0	0
I223I	4262701	3669145	2908845	3020619	2759785	2882579	3801338	3545547	2876256	3308699	3185751	2342158	1831482	1965971	1859855	1308014	1772813	1572614	1393327	2057422	2420700	1812716	1791782	1504098	2084441	1319087	2409974	1895728	1576904
I223L	712	597	433	496	77	121	82	113	89	103	73	64	30	344	35	29	310	296	17	321	394	80	28	245	194	21	386	89	41
I223K	11	12	12	0	0	0	0	1	2	0	0	0	5	8	0	0	2	10	1	3	2	3	1	8	5	0	4	4	0
I223M	338	348	249	264	33	70	45	84	17	83	46	26	27	154	15	8	176	145	19	161	185	67	20	127	72	19	232	74	18
I223F	6003	5548	3981	4400	369	499	388	837	2168	974	413	419	251	2908	182	140	2565	2190	125	2864	3636	4407	157	2130	2553	155	3867	3324	249
I223P	1	0	1	2	0	0	0	0	0	0	0	0	0	2	0	0	0	0	0	1	0	0	0	3	0	0	0	0	0
I223S	542	412	330	390	39	33	41	105	16	54	58	32	20	214	17	10	249	207	14	302	301	123	7	187	410	8	365	204	25
I223T	14392	12681	8838	9825	2080	2311	2747	4257	3654	3783	6832	7058	2572	6582	1310	1000	5736	5278	1676	6275	7405	8002	699	4475	7288	581	8295	8862	1337
I223W	0	0	0	0	0	0	0	0	0	0	0	0	0	0	0	0	0	0	0	0	0	0	0	0	0	0	0	0	0
I223Y	0	0	3	3	0	0	0	0	0	0	0	0	0	2	0	0	4	2	0	5	4	33	0	1	15	0	0	0	0
I223V	14920	12584	8826	9790	3910	4460	4742	6198	4778	6095	7412	6036	3251	6288	2557	1576	5809	5179	2451	6001	7278	8154	1437	4433	5272	1286	9127	8770	2622
I223X	0	0	0	0	0	0	0	0	0	0	0	0	0	0	0	0	0	0	0	0	0	0	0	0	0	0	0	0	0
I223B	0	0	0	0	0	0	0	0	0	0	0	0	0	0	0	0	0	0	0	0	0	0	0	0	0	0	0	0	0
L224A	1	8	6	5	0	2	0	0	0	0	0	0	0	4	1	0	1	2	0	4	1	0	0	3	0	3	7	0	0
L224R	1980	1683	1261	1435	127	142	164	272	112	401	115	164	69	882	87	38	823	706	37	878	1121	856	74	664	502	55	1109	1227	114
L224N	0	0	0	0	0	0	0	0	0	0	0	0	0	0	0	0	0	0	0	0	0	0	0	0	0	0	0	0	0
L224D	0	0	0	0	0	0	0	0	0	0	0	0	0	0	0	0	0	0	0	0	0	0	0	0	0	0	0	0	0
L224C	0	0	0	0	0	0	0	0	0	0	0	0	0	0	0	0	0	0	0	0	0	0	0	0	0	0	0	0	0
L224E	12	11	9	18	0	1	0	1	0	0	0	0	1	4	0	0	8	3	0	7	3	0	0	2	0	0	12	0	4
L224Q	18946	16459	11805	13088	1608	1784	1496	2859	2574	3771	3058	2674	966	8519	804	478	7809	6899	744	8550	10292	9722	565	6215	5895	445	10889	8293	894
L224G	0	1	1	0	0	0	0	0	0	0	0	0	0	0	0	0	0	0	0	0	0	0	0	0	0	0	0	0	0
L224H	27	31	16	14	1	3	2	3	0	7	0	0	0	13	0	0	19	6	1	16	26	14	2	4	0	0	13	1	0
L224I	36	15	8	13	2	7	1	7	1	0	2	2	5	7	0	0	6	6	0	5	7	58	2	3	0	3	15	1	1
L224L	4245302	3654184	2897476	3008060	2759194	2882613	3802047	3546858	2876910	3307384	3190226	2345363	1833251	1958001	1860437	1308636	1765867	1566236	1393484	2049531	2410962	1805003	1791810	1498030	2082721	1319204	2400539	1890163	1576860
L224K	23	13	12	21	1	2	0	3	14	0	0	0	0	16	1	1	7	19	0	7	17	18	0	8	3	0	16	2	4
L224M	9887	8701	6173	6909	3453	3229	3752	4037	4631	5469	5899	5811	2700	4584	1781	1061	3993	3615	2828	4334	5266	10487	795	3142	4573	878	5965	9172	2348
L224F	6	2	3	1	0	0	1	1	1	0	6	0	0	1	0	0	0	0	1	1	3	0	1	0	0	0	1	0	3
L224P	29054	25171	18145	20219	2249	2713	2246	4527	4147	4076	2836	3877	1301	12985	1160	802	11306	10532	991	12440	15177	10097	967	9486	8326	641	17123	13704	1361
L224S	52	31	31	29	5	9	2	5	0	19	0	44	2	13	0	0	20	13	0	14	23	0	0	23	7	2	20	1	1
L224T	52	19	23	14	0	3	2	11	7	0	1	1	1	21	0	0	17	12	0	17	20	3	2	14	0	1	20	1	6
L224W	0	3	0	0	0	0	0	0	0	0	0	2	0	3	0	0	2	0	0	0	1	0	0	1	0	0	1	0	0
L224Y	0	0	0	0	0	0	0	0	0	0	0	0	0	0	0	0	0	0	0	0	0	0	0	0	0	0	0	0	0
L224V	1087	899	690	817	317	301	265	285	220	172	143	233	93	469	102	66	457	392	90	474	546	223	100	338	197	105	657	156	142
L224X	0	0	0	0	0	0	0	0	0	0	0	0	0	0	0	0	0	0	0	0	0	0	0	0	0	0	0	0	0
L224B	27	28	15	23	2	2	0	1	0	0	2	0	0	14	0	0	7	15	0	15	27	13	1	5	0	4	11	20	1
E225A	699	549	365	413	39	73	42	83	35	163	27	37	25	278	15	19	260	237	12	282	299	90	19	229	120	8	333	76	33
E225R	73	89	66	50	3	5	4	9	1	0	0	10	4	29	4	1	41	32	2	21	38	20	2	34	0	2	47	19	2
E225N	5	7	4	5	0	0	0	0	0	0	0	0	0	5	0	0	3	0	0	5	3	0	0	4	0	0	2	0	0
E225D	7071	5944	4386	4913	575	666	516	1022	564	1722	617	944	226	3144	279	186	2802	2639	218	3112	3861	2190	241	2288	2778	172	4145	1813	331
E225C	0	0	0	0	0	0	0	0	0	0	0	0	0	0	0	0	0	0	0	0	0	0	0	0	0	0	0	0	0
E225E	4258431	3666048	2905338	3017416	2762851	2885885	3805191	3550246	2882452	3312002	3195049	2349822	1835534	1963883	1861970	1309584	1770807	1570862	1396032	2055035	2416174	1817344	1792656	1502109	2086681	1320090	2408067	1901881	1579123
E225Q	128	156	110	101	33	37	47	47	41	17	30	69	9	73	13	3	61	43	12	65	78	13	11	42	51	7	80	13	10
E225G	19025	16393	11781	12425	1565	1923	2005	3460	2904	3231	3010	3281	1347	8525	986	729	7577	7171	943	8175	9363	7141	603	6208	6224	476	11165	7953	994
E225H	0	0	1	0	0	0	0	0	0	0	0	0	0	0	0	0	0	0	0	0	0	0	0	0	0	0	0	0	0
E225I	8	17	12	9	1	1	0	6	0	0	0	0	0	5	1	1	2	10	0	2	3	0	0	5	0	0	12	0	2
E225L	26	17	32	0	0	0	2	4	1	0	0	0	0	18	0	0	13	12	1	21	3	11	0	9	8	1	10	14	0
E225K	5717	4919	3766	4138	541	560	674	1183	728	1137	994	1263	330	2637	262	142	2361	2023	177	2618	3337	1962	180	1928	2529	150	3578	1719	414
E225M	0	0	0	0	0	0	0	0	0	0	0	0	0	0	0	0	0	0	0	0	0	0	0	0	0	0	0	0	0
E225F	0	0	0	0	0	0	0	0	0	0	0	0	0	0	0	0	0	0	0	0	0	0	0	0	0	0	0	0	0
E225P	0	0	0	0	0	0	0	0	0	0	0	0	0	0	0	0	0	0	0	0	0	0	0	0	0	0	0	0	0
E225S	2	5	3	0	0	0	0	1	1	0	1	0	0	0	0	0	2	0	0	1	0	3	2	1	0	0	2	1	0
E225T	8	9	14	11	0	0	0	0	0	0	0	0	0	10	0	1	3	7	2	4	1	3	0	8	10	1	3	0	0
E225W	0	0	0	1	0	0	0	0	0	0	0	0	0	0	0	0	0	0	0	0	0	0	0	0	0	0	0	0	0
E225Y	0	1	1	2	0	0	1	0	0	0	0	0	0	3	0	0	0	1	0	1	1	1	0	0	2	0	0	0	0
E225V	8952	7421	5446	6218	735	909	891	1570	1158	2133	2086	2045	638	3820	541	216	3627	3114	523	3714	4547	5017	244	2840	3200	207	5080	8764	542
E225X	6336	5680	4343	4958	615	752	605	1238	732	894	469	698	276	3104	302	200	2780	2301	253	3232	5768	2697	361	2231	612	227	3869	456	288
E225B	11	4	6	6	1	0	0	1	0	0	5	2	0	2	0	0	3	4	1	5	16	2	0	2	9	0	5	32	0
L226A	11	7	13	15	2	0	0	7	0	0	5	29	0	3	0	0	0	7	0	8	7	2	0	4	0	0	4	0	0
L226R	1184	944	699	804	122	76	60	149	85	115	166	164	36	461	32	17	467	406	29	491	691	912	50	394	510	25	609	279	29
L226N	0	0	0	0	0	0	0	0	0	0	0	0	0	0	0	0	0	0	0	0	0	0	0	0	0	0	0	0	0
L226D	0	0	0	0	0	0	0	0	0	0	0	0	0	0	0	0	0	0	0	0	0	0	0	0	0	0	0	0	0
L226C	0	0	0	0	0	0	0	0	0	0	0	0	0	0	0	0	0	0	0	0	0	0	0	0	0	0	0	0	0
L226E	0	0	0	0	0	0	0	0	0	0	0	0	0	0	0	0	0	0	0	0	0	0	0	0	0	0	0	0	0
L226Q	16222	13860	10150	11188	1316	1424	1111	2671	2580	3408	1399	2005	706	7312	650	486	6563	6013	524	7453	9282	3621	475	5348	3931	370	9272	5583	850
L226G	0	0	1	0	0	0	0	0	0	0	0	0	0	0	0	0	0	0	0	0	0	0	0	0	0	0	0	0	0
L226H	18	15	15	12	4	0	0	2	0	1	0	1	0	13	1	0	11	5	0	10	11	18	0	3	1	0	6	1	0
L226I	0	1	2	2	0	0	1	0	0	0	0	0	0	1	1	0	0	2	0	2	0	3	1	0	1	0	1	3	0
L226L	4267450	3673666	2911302	3023400	2763785	2887040	3806890	3552556	2883127	3314264	3198226	2352850	1836534	1967953	1862632	1309900	1774461	1574061	1396853	2058533	2421192	1824823	1792677	1504805	2090543	1320237	2414210	1911676	1579794
L226K	8	9	7	0	1	0	0	0	3	0	0	0	0	5	0	0	2	4	0	5	0	5	1	2	3	0	0	2	0
L226M	1267	1155	891	705	213	282	296	383	386	248	157	227	123	649	148	103	467	523	109	633	664	485	427	453	544	184	682	267	98
L226F	17	16	9	14	0	3	2	2	0	0	1	0	1	1	1	1	10	3	0	7	1	1	0	3	1	0	8	0	0
L226P	19348	16799	11994	13792	1338	1815	1476	2905	2220	3196	2274	2824	904	8703	848	524	7956	7054	621	8739	11050	6378	615	6594	6411	450	11050	4318	859
L226S	14	13	13	18	1	1	0	1	1	1	0	0	5	15	0	0	7	4	0	8	12	0	1	8	12	3	24	0	1
L226T	1	1	3	0	0	0	0	0	1	0	0	0	0	0	0	0	0	1	1	4	2	0	0	3	1	0	2	0	0
L226W	5	0	0	2	0	0	0	0	0	0	0	0	0	3	0	0	0	2	0	6	0	0	0	2	10	0	4	0	0
L226Y	0	0	0	0	0	0	0	0	0	0	0	0	0	0	0	0	0	0	0	0	0	0	0	0	0	0	0	0	0
L226V	920	756	563	695	177	168	142	194	214	64	55	71	80	406	59	51	385	363	39	386	551	243	72	306	255	72	518	612	107
L226X	0	0	0	0	0	0	0	0	0	0	0	0	0	0	0	0	0	0	0	0	0	0	0	0	0	0	0	0	0
L226B	27	17	12	19	0	2	0	0	0	2	5	0	0	11	1	0	13	8	0	8	29	3	0	13	1	0	8	0	1
P227A	1004	855	598	705	158	150	147	203	62	236	139	109	64	466	41	49	388	402	32	490	541	426	56	291	456	41	541	295	98
P227R	635	600	385	485	108	90	74	122	78	145	84	62	41	262	30	23	239	243	30	296	375	74	41	186	331	27	364	505	42
P227N	23	25	13	2	0	0	2	2	6	0	0	0	1	23	4	2	10	12	0	20	5	5	2	7	6	1	13	14	0
P227D	1	1	0	1	1	0	0	0	0	0	0	0	2	1	0	0	1	0	0	2	0	2	0	1	0	0	0	0	0
P227C	0	3	1	1	0	0	0	0	0	0	0	0	0	1	0	0	0	1	0	2	1	0	0	0	0	0	0	0	0
P227E	0	0	0	0	0	0	0	0	0	0	0	0	0	0	0	0	0	0	0	0	0	0	0	0	0	0	0	0	0
P227Q	63	66	48	11	0	0	3	8	6	0	0	0	3	37	6	3	33	28	7	31	12	18	4	27	19	5	36	21	2
P227G	0	0	0	0	0	0	0	0	0	0	0	0	0	0	0	0	0	0	0	0	0	0	0	0	0	0	0	0	0
P227H	8884	7478	5055	6156	1088	1255	899	1858	1127	2866	1211	1549	713	3622	562	428	3356	3081	561	3432	4308	2100	360	2573	1516	362	4960	5691	682
P227I	14	13	15	2	6	0	2	3	6	18	0	0	0	14	1	0	7	10	0	8	3	7	0	6	7	0	6	8	0
P227L	9525	8041	5687	6533	1162	1252	1229	2052	2119	2225	1940	1893	838	4400	482	411	3614	3599	521	4039	4745	4673	364	3043	2199	314	5649	6326	744
P227K	0	2	0	0	0	0	0	0	0	0	0	0	0	0	0	0	0	0	0	0	0	0	0	0	0	0	0	0	0
P227M	0	0	0	0	0	0	0	0	0	0	0	0	0	0	0	0	0	0	0	0	0	0	0	0	0	0	0	0	0
P227F	9	1	6	8	0	1	0	2	0	1	0	1	0	7	1	0	4	2	0	9	7	2	0	4	1	0	11	0	0
P227P	4268140	3674678	2912682	3023747	2761839	2885186	3804940	3550290	2881564	3310747	3195943	2350635	1835245	1968624	1861833	1309198	1775435	1574366	1395943	2059905	2424506	1825108	1792465	1506186	2092282	1319657	2414163	1902029	1578819
P227S	14328	12295	8829	10377	2087	2312	2097	3414	2333	3735	2056	3017	1106	6329	1108	769	5651	5338	891	6330	7099	3056	820	4457	3577	734	8416	5464	1097
P227T	3832	3173	2317	2629	510	565	583	914	1312	1324	915	904	376	1720	304	196	1590	1364	191	1711	1885	1015	203	1149	1824	198	2222	2382	255
P227W	0	0	0	0	0	0	0	0	0	0	0	0	0	0	0	0	0	0	0	0	0	0	0	0	0	0	0	0	0
P227Y	33	26	36	8	0	0	2	2	4	2	0	1	0	29	1	3	14	9	0	18	5	8	4	8	5	2	17	5	0
P227V	1	2	2	1	0	0	0	0	0	0	0	0	0	1	0	0	0	1	0	0	0	0	0	0	1	0	0	1	0
P227X	0	0	0	0	0	0	0	0	0	0	0	0	0	0	0	0	0	0	0	0	0	0	0	0	0	0	0	0	0
P227B	0	0	0	0	0	0	0	0	0	0	0	0	0	0	0	0	0	0	0	0	0	0	0	0	0	0	0	0	0
Y228A	0	0	0	0	0	0	0	0	0	0	0	0	0	0	0	0	0	0	0	0	0	0	0	0	0	0	0	0	0
Y228R	69	43	47	58	1	4	0	2	17	1	187	4	0	29	6	0	34	17	3	33	41	18	0	25	31	1	41	2	1
Y228N	12407	10362	7699	8811	804	966	764	1730	1603	2154	1504	1967	496	5572	453	287	4874	4366	339	5317	6853	3025	408	4136	4808	251	7271	9471	574
Y228D	700	637	465	541	42	67	76	106	8	112	49	142	34	347	26	11	308	274	17	336	443	8830	16	219	265	12	409	398	40
Y228C	13452	11314	8074	9592	1455	1557	1523	2463	1991	3057	2345	1952	743	5890	824	498	5270	4761	682	5819	7607	4663	610	4341	4550	440	7668	6582	924
Y228E	0	0	0	0	0	0	0	0	0	0	0	0	0	0	0	0	0	0	0	0	0	5	0	0	0	0	0	0	0
Y228Q	7	14	7	2	0	2	1	0	0	0	0	0	1	4	0	0	2	2	0	5	2	1	0	3	0	0	7	2	0
Y228G	9	2	2	2	0	0	2	0	0	0	0	0	0	0	0	0	0	0	0	0	4	0	0	1	0	0	6	0	0
Y228H	19368	16151	12192	13750	1724	1996	2179	3488	2977	5354	2847	3217	1383	8726	1162	784	7815	7132	1013	8607	10740	6762	723	6557	8003	589	11379	20186	1122
Y228I	10	4	1	9	0	0	0	0	0	0	0	0	0	5	0	0	3	1	0	2	9	0	0	4	6	0	3	0	0
Y228L	42	34	36	31	14	6	15	12	0	269	1	0	1	9	7	18	32	7	12	33	13	23	5	13	1	7	19	0	6
Y228K	7	4	7	5	0	0	0	0	0	0	0	1	0	6	0	0	0	0	0	2	3	0	0	2	0	0	4	0	1
Y228M	0	0	0	0	0	0	0	0	0	0	0	0	0	0	0	0	0	0	0	0	0	0	0	0	0	0	0	0	0
Y228F	4610	3882	2829	3260	599	712	537	856	548	973	737	578	314	2123	284	156	1689	1673	211	1981	2503	1291	220	1510	1263	212	2786	1603	386
Y228P	2	0	2	0	0	0	0	0	0	0	0	0	0	1	0	0	1	2	0	0	0	0	0	0	0	0	3	0	0
Y228S	755	724	501	565	36	45	102	137	40	49	43	52	35	346	27	11	310	261	14	295	401	103	27	236	196	21	470	90	42
Y228T	1	7	0	1	0	1	0	0	0	0	0	0	0	3	0	1	3	0	0	0	0	0	0	0	0	0	1	0	0
Y228W	4	2	1	6	0	1	0	1	0	0	0	0	0	2	0	0	0	0	0	1	3	0	0	4	0	0	0	1	0
Y228Y	4249682	3659171	2900318	3010036	2761802	2884753	3804205	3548771	2880808	3307202	3193493	2349038	1834845	1959983	1861234	1308936	1767610	1567853	1395451	2051143	2410313	1808954	1791996	1499049	2081911	1319587	2403016	1883481	1578255
Y228V	1	7	0	1	0	0	0	0	0	0	0	0	0	1	0	0	1	1	0	1	4	0	1	1	0	0	0	0	0
Y228X	2077	1912	1448	1580	196	284	230	435	334	398	146	296	105	995	101	86	943	825	97	1083	2049	648	182	717	307	119	1304	288	104
Y228B	3289	2989	2045	2416	286	417	344	869	291	1730	936	924	432	1494	249	294	1447	1281	337	1635	2504	2171	131	1120	883	102	2011	637	284
H229A	0	0	0	0	0	0	0	0	0	0	0	0	0	0	0	0	0	0	0	0	0	0	0	0	0	0	0	0	0
H229R	18558	15351	11589	13219	2942	3287	2761	4159	4980	5166	3186	3736	1639	8258	1588	1051	7478	6668	1163	8321	10983	8122	1344	6512	8518	1126	11020	6734	1756
H229N	3100	2481	1996	2219	516	557	526	768	453	546	601	434	210	1320	253	150	1217	1156	186	1464	1775	1559	325	1047	1245	213	1827	1910	209
H229D	289	229	162	218	37	41	52	69	24	80	27	27	24	114	23	13	112	92	15	128	201	17	31	63	40	13	167	69	25
H229C	18	15	15	22	7	2	1	1	0	0	1	3	1	7	0	1	8	5	0	7	21	0	1	14	1	1	13	0	4
H229E	0	0	1	0	0	0	0	0	0	0	0	0	0	0	0	0	0	0	0	0	0	0	0	0	0	0	0	0	0
H229Q	5031	4299	3171	3387	691	786	802	1072	831	1118	590	600	345	2325	425	262	1992	1913	352	2088	2776	1701	408	1694	1575	311	2996	1531	379
H229G	6	1	1	5	0	0	0	0	0	0	0	0	0	0	0	0	2	0	0	0	0	0	0	0	1	2	0	0	12
H229H	4250525	3660619	2900809	3011244	2759180	2882251	3802323	3547177	2876985	3307563	3192422	2348929	1834350	1960696	1860400	1308398	1768195	1568203	1395156	2051997	2412024	1813167	1790834	1499243	2080806	1318441	2403553	1899732	1577265
H229I	9	5	1	1	0	1	0	1	0	0	0	0	0	2	2	0	0	1	0	1	1	2	0	2	0	1	4	2	0
H229L	18099	15001	11230	12499	2296	2468	2107	3666	3947	4598	3700	3190	1113	8105	1004	816	7060	6610	857	7585	9558	7466	869	5836	5494	765	10318	8821	1362
H229K	3	0	2	2	0	0	0	0	1	0	0	1	0	1	0	0	0	1	0	1	0	2	0	0	2	1	0	0	0
H229M	0	0	0	0	0	0	0	0	0	0	0	0	0	0	0	0	0	0	0	0	0	0	0	0	0	0	0	0	0
H229F	2	6	3	4	0	2	0	1	0	0	0	0	0	2	0	0	3	3	0	0	5	0	0	1	0	0	2	0	0
H229P	1943	1589	1204	1302	144	155	117	278	65	267	284	204	88	862	89	44	772	660	46	818	1002	901	71	634	554	69	1159	923	90
H229S	30	25	25	16	0	3	2	9	7	20	1	1	1	4	1	1	8	11	2	12	20	6	2	12	6	5	7	6	0
H229T	3	7	1	4	0	1	0	0	0	0	0	0	3	3	1	0	1	3	0	2	3	0	0	3	0	0	3	0	0
H229W	1	0	0	0	0	0	0	0	0	0	0	0	0	0	0	0	0	0	0	0	0	0	0	0	0	0	0	0	0
H229Y	8862	7617	5461	6522	1146	1257	1286	1669	1324	1941	1475	1046	615	3837	587	346	3490	3126	399	3867	5118	3550	434	2871	3980	393	5325	3012	637
H229V	0	0	0	0	0	0	0	0	0	0	0	0	0	0	0	0	0	0	0	0	0	0	0	1	0	0	1	0	0
H229X	12	8	3	2	0	0	1	0	0	0	1	0	0	0	0	0	3	3	0	2	5	1	0	5	2	0	3	1	0
H229B	1	6	0	0	0	0	0	0	0	0	0	0	0	0	0	0	1	1	0	0	0	0	0	0	0	0	0	0	0
G230A	426	373	292	373	67	71	62	111	58	71	58	61	46	176	28	22	158	159	29	177	180	62	18	135	54	16	274	12	38
G230R	15691	13089	9694	11179	2615	2793	2364	3501	2603	4664	2338	3251	1891	6604	1361	939	6259	5537	1366	6765	9013	6674	902	5122	6308	851	9456	6021	1601
G230N	0	0	0	0	0	0	0	0	0	0	0	0	1	0	0	0	0	0	0	0	0	0	0	0	0	0	0	0	0
G230D	62	54	42	29	3	14	4	5	4	1	5	0	1	29	3	0	15	22	0	23	33	4	1	21	6	2	48	0	3
G230C	142	142	78	83	8	16	3	33	0	32	0	3	2	72	10	2	49	57	3	50	72	5	2	33	8	2	99	2	4
G230E	8056	7001	4764	5843	1215	1437	1086	1785	1067	1469	1568	1231	526	3520	496	372	3131	2920	410	3437	4369	3693	479	2525	3924	410	4839	2804	658
G230Q	0	1	1	0	0	0	0	0	0	0	0	0	0	0	0	0	0	0	0	0	0	0	0	1	0	0	0	0	0
G230G	4266468	3672641	2910530	3020960	2760644	2883934	3804324	3549971	2881948	3311574	3195810	2350418	1834605	1967919	1861438	1308867	1773741	1573581	1395394	2057482	2420445	1820297	1792074	1504669	2086583	1319282	2411757	1905218	1578282
G230H	0	0	0	0	0	0	0	0	0	0	0	0	0	1	0	0	0	0	0	0	0	0	0	0	0	0	0	0	0
G230I	5	0	0	0	0	0	0	0	0	0	0	0	0	0	0	0	0	1	0	0	0	0	0	0	0	0	0	0	0
G230L	42	38	55	6	0	0	3	8	7	0	0	1	0	35	1	3	25	38	1	43	7	22	2	20	31	2	26	18	1
G230K	21	7	11	11	9	23	3	4	10	3	10	7	3	9	3	3	12	3	3	6	14	2	1	5	1	0	19	2	0
G230M	36	39	26	15	2	0	5	3	6	0	0	1	0	27	2	0	13	20	2	26	18	8	3	13	12	4	15	10	0
G230F	0	1	0	0	0	0	0	0	0	0	0	0	0	0	0	0	0	0	0	0	0	1	0	0	0	0	0	0	0
G230P	0	0	0	0	0	0	0	0	0	0	0	0	0	0	0	0	0	0	0	0	0	0	0	0	0	0	0	0	0
G230S	10	19	11	8	4	1	3	2	0	20	0	7	1	15	3	1	8	7	0	9	15	0	3	5	0	1	11	1	4
G230T	0	0	0	4	0	1	0	0	0	0	0	0	0	2	0	0	0	0	0	1	1	0	0	1	0	0	0	0	5
G230W	10583	9344	6663	8065	1471	1501	1329	2328	1826	2080	1681	2076	857	4805	647	553	4668	4083	600	5278	6174	4557	504	3556	4129	431	6757	7083	714
G230Y	0	1	1	0	0	0	0	0	0	0	0	0	0	0	1	0	0	0	0	0	0	0	0	0	0	0	0	0	0
G230V	4880	4452	3477	4065	915	1012	789	1111	1085	1385	818	1111	453	2288	380	319	2242	2009	366	2968	3119	1161	327	1816	1152	334	3073	1342	428
G230X	44	32	13	17	6	8	1	3	1	0	0	1	3	18	0	1	13	8	0	11	25	1	0	13	0	0	16	223	0
G230B	26	25	16	8	0	0	2	5	2	0	0	3	0	16	0	0	8	11	2	17	7	7	3	3	16	6	8	5	1
D231A	771	640	506	616	136	77	57	148	63	132	75	91	46	356	54	24	319	293	27	373	512	722	52	279	85	38	471	111	53
D231R	0	0	1	0	0	0	0	0	0	0	0	0	0	0	0	0	0	0	0	0	0	0	0	0	0	0	0	0	0
D231N	5209	4332	3228	3729	905	1049	949	1286	908	1348	753	1081	430	2221	461	274	1998	1802	343	2210	3054	3294	454	1687	1423	386	3364	2624	555
D231D	4271017	3676993	2913569	3025362	2761395	2884347	3804311	3550483	2882299	3311270	3196326	2351540	1835319	1969742	1861700	1309203	1776677	1575723	1396049	2060749	2424019	1823890	1791714	1506069	2091355	1319258	2414423	1911760	1578504
D231C	13	13	9	4	1	2	0	0	0	0	0	1	1	6	0	0	10	6	0	5	1	2	3	3	4	1	7	0	0
D231E	1104	1017	759	600	533	636	481	525	544	606	172	224	215	561	192	123	388	408	195	498	468	282	277	364	325	238	549	532	233
D231Q	0	0	0	0	0	0	0	0	0	0	0	0	0	0	0	0	0	0	0	0	0	0	0	0	0	0	0	0	0
D231G	17792	15235	11119	12628	2966	3378	3157	4407	3414	6044	3519	3903	1631	7963	1515	1054	6793	6377	1060	7768	9557	5799	1321	6035	5697	1025	10927	4616	1836
D231H	324	305	145	216	57	76	54	106	48	108	51	79	30	114	43	15	114	99	30	116	162	45	26	92	57	22	217	37	21
D231I	0	3	1	5	1	9	0	0	1	0	0	0	1	1	0	0	2	2	0	0	3	1	0	1	0	0	2	0	0
D231L	0	2	0	1	0	0	0	0	0	0	0	0	0	0	0	0	0	0	0	0	0	0	0	1	0	0	0	0	0
D231K	1	1	1	1	0	0	0	0	0	0	1	1	0	0	0	0	0	0	0	1	0	0	0	0	0	0	1	0	0
D231M	0	0	0	0	0	0	0	0	0	0	0	0	0	0	0	0	0	0	0	0	0	0	0	0	0	0	0	0	0
D231F	6	11	20	1	0	0	2	3	3	0	0	0	0	4	0	0	6	8	1	9	4	1	0	2	4	1	5	1	0
D231P	0	1	0	0	0	0	0	1	0	0	0	0	0	0	0	0	0	0	0	0	0	0	0	0	0	0	0	0	0
D231S	18	11	9	7	1	2	1	3	0	1	0	0	3	6	3	0	9	5	0	12	3	5	1	10	0	0	11	0	0
D231T	2	0	1	0	0	0	0	0	0	0	0	0	0	0	0	0	0	0	0	0	0	0	0	0	0	0	0	0	0
D231W	0	0	0	0	0	0	0	0	0	0	0	0	0	0	0	0	0	0	0	0	0	0	0	0	0	0	0	0	0
D231Y	1510	1397	1031	1088	293	381	422	602	294	517	408	484	179	702	136	146	601	584	159	761	745	489	211	527	480	166	871	856	139
D231V	8725	7298	5275	6408	671	854	544	1306	1043	1273	983	767	534	3860	269	243	3425	3149	312	3791	4964	1964	260	2868	2794	206	5550	2204	398
D231X	0	0	0	0	0	0	0	0	0	0	0	0	0	0	0	0	0	0	0	0	0	0	0	0	0	0	0	0	0
D231B	0	0	0	0	0	0	0	0	0	0	0	0	0	0	0	0	0	0	0	0	0	0	0	0	0	0	0	0	0
T232A	16007	13415	9371	11515	3089	3596	2960	3869	4458	5601	3011	3339	1618	7085	1352	904	6225	5536	1269	6900	9352	5192	1356	5534	5039	1092	9928	6553	1814
T232R	0	0	0	1	0	0	0	0	0	0	0	0	1	0	0	1	0	0	0	1	0	0	1	0	0	0	0	1	0
T232N	1202	943	812	760	191	279	265	409	237	406	155	425	188	504	121	94	443	435	100	465	456	664	164	436	282	149	672	172	76
T232D	16	22	15	0	2	0	8	4	10	0	2	3	2	19	0	1	9	17	2	15	7	10	5	12	12	1	6	7	1
T232C	0	0	0	0	0	1	0	0	0	0	0	0	0	0	0	0	0	0	0	0	1	0	0	0	0	0	0	0	0
T232E	0	0	0	0	0	0	0	0	0	0	0	0	0	0	0	0	0	0	0	0	0	0	0	0	0	0	0	0	0
T232Q	0	0	0	0	0	0	0	0	0	0	0	0	0	0	0	0	1	0	0	0	0	0	0	0	0	0	0	0	0
T232G	0	0	0	0	0	0	0	0	0	0	0	0	1	0	0	0	1	1	0	0	0	0	0	1	0	0	0	0	0
T232H	0	1	0	0	0	0	0	0	0	0	0	0	0	1	0	0	0	0	0	0	0	0	0	0	0	0	0	0	0
T232I	8683	7475	5201	6233	1983	2021	1569	2133	2537	2681	1615	1550	775	3784	705	529	3409	2999	613	3761	4944	3118	652	2916	2501	607	5294	3088	969
T232L	4	2	2	0	0	1	0	0	0	0	0	0	0	1	0	1	1	1	0	2	0	0	0	0	0	0	0	0	0
T232K	18	20	11	1	0	1	4	2	7	1	0	0	2	12	1	0	5	16	2	13	3	7	2	11	10	3	8	10	0
T232M	0	0	0	0	0	0	0	0	0	0	0	0	0	1	0	0	0	0	0	0	0	0	0	1	0	0	0	0	0
T232F	1	5	2	3	0	0	1	2	0	0	1	0	0	1	0	1	2	2	0	0	5	10	0	4	1	0	0	0	0
T232P	1236	1027	724	841	209	264	294	624	74	864	914	1230	557	616	246	179	484	469	312	478	561	1149	34	439	334	93	881	1160	216
T232S	8345	7028	5062	5848	1201	1482	1175	1695	1220	2172	1063	1430	717	3581	577	444	3222	2973	537	3524	4930	3368	577	2961	3380	449	5411	4180	786
T232T	4270925	3677272	2914451	3025437	2760278	2883162	3803697	3550119	2880071	3309574	3195527	2350194	1834520	1969923	1861371	1308923	1776530	1575998	1395340	2061125	2423212	1822968	1791526	1505612	2090664	1318946	2414167	1907570	1577877
T232W	0	0	0	0	0	0	0	0	0	0	0	0	0	0	0	0	0	0	0	0	0	0	0	0	0	0	0	0	0
T232Y	24	24	13	10	3	0	4	1	2	0	0	0	0	3	0	0	2	4	0	0	8	2	0	6	1	1	11	0	0
T232V	31	25	10	17	3	4	1	12	1	0	0	0	8	5	0	5	8	5	1	9	13	6	2	5	0	0	20	0	0
T232X	0	0	0	0	0	0	0	0	0	0	0	0	0	0	0	0	0	0	0	0	0	0	0	0	0	0	0	0	0
T232B	0	0	0	0	0	0	0	0	0	0	0	0	0	0	0	0	0	0	0	0	0	0	0	0	0	0	0	0	0
L233A	1	0	0	0	0	0	0	1	0	0	0	1	0	1	0	0	0	0	0	0	0	0	0	0	0	0	0	0	0
L233R	1601	1256	952	1164	94	96	99	342	293	273	302	143	65	601	53	51	562	548	30	690	846	242	60	500	418	40	961	527	105
L233N	33	27	17	9	6	0	1	1	0	0	0	1	0	16	2	0	7	8	0	13	11	6	2	7	4	1	8	1	2
L233D	0	3	1	0	0	0	0	0	0	0	0	0	0	0	0	0	0	0	0	0	1	1	0	1	0	0	0	0	0
L233C	1	2	0	0	0	0	0	0	0	0	0	1	0	0	0	0	1	0	0	0	0	0	0	0	0	0	0	0	0
L233E	0	0	0	0	0	0	0	0	0	0	0	0	0	0	0	0	0	0	0	0	0	0	0	0	0	0	0	0	0
L233Q	43	15	38	6	0	0	3	0	5	0	1	0	0	23	0	0	12	13	2	17	10	7	2	21	4	1	25	7	1
L233G	0	0	0	0	0	0	0	0	0	0	0	0	1	0	0	0	0	0	0	0	0	0	0	0	0	0	0	0	0
L233H	17163	14263	10303	12097	1682	2049	1347	2978	1920	3705	1515	2271	776	7171	813	506	6452	5979	577	7048	9911	4680	724	5775	4151	624	10373	5873	1559
L233I	7145	6736	4895	5675	1319	1671	1249	1812	1267	2301	1171	989	546	3523	758	458	3108	3072	417	3748	4165	1319	617	2741	2544	578	4664	2970	779
L233L	4257660	3665974	2905408	3015261	2761151	2883811	3804561	3548879	2880801	3309197	3195550	2350447	1834764	1964463	1860957	1308612	1771511	1570927	1395735	2054931	2413671	1819752	1791257	1500958	2084544	1318974	2406051	1906656	1577314
L233K	0	0	0	0	0	0	0	0	0	0	0	0	0	0	0	0	0	0	0	0	0	0	0	0	0	0	0	0	0
L233M	0	0	0	0	0	1	0	0	0	0	0	0	0	0	0	0	0	1	0	1	0	0	0	0	0	0	0	0	0
L233F	6849	5717	4074	4794	1254	1524	1278	1875	1685	2039	1639	1141	882	2950	858	617	2462	2344	576	2815	4152	1956	763	2257	2389	569	4183	1355	805
L233P	14994	12346	9347	10848	1213	1350	1163	2570	2282	3312	1565	2726	1141	6361	713	549	5804	5139	680	6587	10060	7460	664	5351	7433	405	9438	5143	976
L233S	9	13	6	10	0	0	0	2	1	1	0	1	0	4	0	0	4	9	0	6	7	13	1	3	14	1	8	1	4
L233T	9	8	10	9	1	2	3	2	0	0	0	0	2	3	2	0	2	7	0	8	11	12	1	1	1	1	8	1	2
L233W	0	0	0	0	0	0	0	0	0	0	0	0	0	0	0	0	0	0	0	0	0	0	0	0	0	0	0	0	0
L233Y	19	11	10	17	11	2	5	3	0	0	0	1	3	4	8	4	6	4	1	6	8	2	5	5	0	2	9	0	5
L233V	965	888	613	776	228	305	269	405	363	471	545	449	209	416	209	285	411	405	158	423	639	1044	223	318	722	145	670	207	187
L233X	0	0	0	0	0	0	0	0	0	0	0	0	0	0	0	0	0	0	0	0	0	0	0	0	0	0	0	0	0
L233B	0	0	0	0	0	0	0	0	0	0	0	0	0	0	0	0	0	0	0	0	0	0	0	0	0	0	0	0	0
S234A	1	2	3	2	5	0	0	4	0	1	1	0	0	0	0	0	1	1	0	6	3	1	0	1	0	0	0	0	2
S234R	4830	4094	2844	3366	432	549	452	889	824	825	412	479	210	2080	287	182	1851	1709	252	2029	2627	1818	298	1594	893	185	2914	1990	215
S234N	9427	7681	5706	6476	1045	1131	1122	2272	1615	2329	4519	2945	1089	4102	835	493	3589	3095	674	4065	5405	5680	377	3203	4280	383	5878	9378	992
S234D	26	28	21	18	0	1	5	4	3	1	182	0	3	11	0	1	8	10	1	16	20	2	0	10	1	1	15	5	2
S234C	12355	10456	7512	8766	859	1000	646	1551	1221	1723	1048	1517	395	5176	352	275	4686	4370	290	5047	6982	3207	377	4133	3318	277	7469	4141	562
S234E	0	0	0	0	0	0	0	0	0	0	0	0	0	0	0	0	0	0	0	0	0	0	0	0	0	0	0	0	0
S234Q	0	0	0	0	0	0	0	0	0	0	0	0	0	0	0	0	0	0	0	0	0	0	0	0	0	0	0	0	0
S234G	20536	17459	12465	14730	2039	2528	2288	3662	3062	3703	2489	2835	1333	8857	1040	730	7973	7265	1078	8410	12852	10851	996	7221	5893	766	13101	7091	1325
S234H	3	7	5	0	0	0	0	0	64	0	0	1	0	2	0	0	3	0	0	1	4	0	0	1	0	0	1	0	0
S234I	5917	5220	3909	3843	597	690	604	1098	730	1282	1003	1200	519	2789	306	287	2275	2161	300	2561	3040	3497	276	1944	1479	238	3750	2149	367
S234L	4	4	3	0	0	0	0	0	1	0	0	0	0	4	0	0	1	3	0	5	2	5	0	3	3	0	1	0	0
S234K	2	2	1	0	1	0	0	0	0	1	0	0	0	0	0	0	0	1	0	2	0	0	0	0	0	0	0	2	0
S234M	0	0	0	0	0	0	0	0	0	0	0	0	0	1	0	0	0	0	0	0	0	0	0	0	0	0	0	0	0
S234F	42	20	15	15	0	1	0	0	0	21	0	0	0	10	0	0	8	18	0	8	6	1	0	5	0	1	14	25	1
S234P	2	6	0	0	0	1	0	0	0	0	0	0	0	6	0	0	0	3	0	0	0	0	0	0	0	0	2	0	0
S234S	4252143	3661253	2902493	3012608	2761881	2884754	3804718	3549161	2880951	3311184	3192539	2348976	1834764	1962027	1861514	1309072	1769490	1569381	1395531	2053613	2411864	1811230	1791939	1499394	2086073	1319409	2402572	1897676	1578210
S234T	1184	979	666	820	99	156	143	228	145	228	95	218	72	457	39	42	446	429	50	507	669	193	55	419	281	81	663	284	62
S234W	0	0	0	0	0	0	0	0	0	0	0	0	0	0	0	0	0	0	0	0	1	0	0	0	0	0	0	0	0
S234Y	7	25	15	9	0	0	0	1	0	0	0	0	2	8	0	0	8	4	0	10	8	0	0	3	1	0	10	0	0
S234V	9	21	16	13	1	0	0	0	1	1	0	0	2	4	0	0	2	6	0	11	8	9	0	6	1	0	8	0	1
S234X	4	2	0	0	0	0	0	0	0	0	0	0	0	2	0	0	1	0	0	2	1	0	0	1	0	0	0	0	0
S234B	0	0	0	0	0	0	0	0	0	0	0	0	0	0	0	0	0	0	0	0	0	0	0	0	0	0	0	0	0
M235A	42	27	28	35	3	4	3	6	0	6	2	9	1	13	2	0	27	12	0	16	38	0	1	23	27	2	20	0	2
M235R	1286	1200	783	1042	109	105	108	205	62	107	118	97	63	640	41	23	530	506	43	556	928	515	30	483	475	36	870	707	47
M235N	7	2	7	3	0	0	1	0	0	0	1	1	0	3	3	0	5	3	0	2	4	4	1	0	0	0	4	6	0
M235D	0	0	0	0	0	0	0	0	0	0	0	0	0	0	0	0	0	0	0	0	0	0	0	0	0	0	0	0	0
M235C	0	0	0	0	0	0	0	0	0	0	0	0	0	0	0	0	0	0	0	0	0	0	0	0	0	0	0	0	0
M235E	46	18	21	29	1	11	5	8	1	0	9	1	0	3	0	2	19	9	1	17	32	5	1	11	1	3	11	32	0
M235Q	6	3	5	8	0	0	1	0	0	0	0	0	2	1	0	0	2	2	0	0	6	0	0	2	0	0	3	0	1
M235G	3	2	6	4	0	0	0	2	0	0	0	0	4	1	0	0	0	0	0	2	5	1	0	3	9	0	5	0	0
M235H	0	0	0	0	0	0	0	0	0	0	0	0	0	0	0	0	0	0	0	0	0	0	0	0	0	0	0	0	0
M235I	9371	8197	6457	6842	1219	1341	1526	2254	1394	2351	1101	1800	630	4505	614	488	3864	3561	484	4140	5304	5622	661	3175	3588	483	5655	4077	630
M235L	13403	11320	7885	9150	2046	2140	1845	2744	2201	3557	2318	2113	998	5637	1159	814	5037	4714	818	5238	7366	4186	918	4510	3415	841	8494	6410	1336
M235K	12004	9855	7486	8824	773	860	773	1597	2186	1674	1391	1367	546	5376	405	185	4437	4134	357	5124	8205	11120	386	4272	5565	278	7725	8230	514
M235M	4234485	3647404	2891768	2999191	2759121	2882231	3801495	3545463	2877144	3304197	3191801	2345834	1833255	1954281	1859985	1308106	1762887	1563543	1394459	2046788	2400306	1800946	1790899	1493207	2074724	1318536	2391507	1883651	1576875
M235F	8	8	5	4	0	0	0	1	0	0	1	3	0	7	0	1	9	3	0	4	11	0	0	2	1	0	3	2	0
M235P	1	4	1	2	0	0	0	1	0	0	0	0	0	1	0	0	0	0	0	1	2	0	0	1	0	0	0	0	0
M235S	84	54	27	44	7	2	6	5	0	1	1	11	5	23	3	1	25	32	1	20	35	0	0	14	11	3	44	0	0
M235T	18080	14848	10805	12913	1616	1734	1667	2772	2022	4807	1864	2552	992	7472	893	624	6715	5964	656	7361	11038	5700	737	6102	6578	480	11138	8212	990
M235W	2	0	1	0	0	0	0	0	0	0	0	0	0	1	0	0	0	1	0	0	2	0	0	0	0	0	0	0	0
M235Y	0	0	0	0	0	0	0	0	0	0	0	0	0	0	0	0	0	0	0	0	0	0	0	0	0	0	0	0	0
M235V	17616	14269	10356	12523	2063	2380	2547	3804	3607	4566	3681	4367	1889	7535	1266	837	6764	5952	1355	6988	10108	8320	684	6116	6917	678	10868	11414	1343
M235X	0	0	0	0	0	0	0	0	0	0	0	0	0	0	0	0	0	0	0	0	0	0	0	0	0	0	0	0	0
M235B	48	48	33	52	1	3	1	8	0	33	0	16	4	37	2	1	21	20	2	36	102	75	1	17	913	1	51	0	1
F236A	0	0	4	2	0	0	0	0	0	0	0	0	0	2	0	0	1	0	0	3	0	0	0	1	0	0	1	0	0
F236R	10	2	2	2	0	0	0	2	0	0	0	1	0	2	0	0	0	1	0	5	9	1	0	2	0	0	3	0	0
F236N	25	17	13	21	5	2	0	3	0	0	0	0	2	22	1	0	9	14	1	11	33	18	0	11	0	0	4	0	0
F236D	0	1	0	0	0	0	0	0	0	0	0	0	0	0	0	0	0	0	0	0	0	0	0	0	0	0	0	0	0
F236C	2570	2022	1304	1478	230	256	272	511	1388	1029	512	644	351	1059	155	94	928	968	224	849	1263	5196	84	729	615	44	1583	2441	191
F236E	0	0	0	0	0	0	0	0	0	0	0	0	0	0	0	0	0	0	0	0	0	0	0	0	0	0	0	0	0
F236Q	0	0	0	0	1	0	0	0	0	0	0	0	0	1	0	0	1	0	0	0	0	0	0	0	0	0	0	0	0
F236G	0	0	0	0	0	0	0	0	0	0	0	0	0	0	0	0	0	0	0	0	0	0	0	0	0	0	0	0	0
F236H	42	36	31	17	2	2	0	10	0	1	11	1	3	11	0	0	14	13	2	20	35	0	1	12	4	1	29	0	2
F236I	15234	12812	9031	10732	2977	3395	2466	3784	3509	4333	4398	2944	1656	6457	1551	1037	6062	5506	1259	6488	8645	7549	1323	5227	5890	1138	9567	6022	1744
F236L	28957	24032	17449	20177	5267	6175	5136	7271	6440	9809	5131	5182	2875	12113	2744	1830	11026	9988	2371	12058	16858	11433	2397	9760	13633	1988	17939	15343	2949
F236K	0	0	1	0	0	0	0	0	0	0	0	0	0	0	0	0	0	0	0	0	0	0	0	0	0	0	0	0	0
F236M	0	1	3	1	0	0	0	0	1	0	0	0	0	0	0	0	0	0	0	0	0	0	0	0	0	0	0	0	0
F236F	4223529	3637461	2885282	2992230	2753988	2876179	3797656	3540070	2871750	3296887	3184269	2342760	1830893	1949923	1857674	1306418	1758083	1559069	1392259	2041182	2394157	1794425	1788591	1489530	2061990	1316634	2384713	1876170	1574109
F236P	31	47	35	42	5	5	22	4	2	3	1	1	1	20	0	0	14	16	1	33	44	3	2	16	34	0	30	4	0
F236S	20541	17500	12931	14905	1745	1853	1905	3300	2250	4228	2580	2492	1072	9224	883	596	7870	7370	753	8812	13067	11194	751	7166	8290	531	12791	8846	1075
F236T	48	33	34	44	9	1	1	5	0	1	1	0	3	30	0	1	17	12	0	19	32	3	7	17	0	1	11	1	2
F236W	0	0	0	1	0	0	0	0	0	0	0	0	1	0	0	0	0	1	0	0	0	0	0	0	1	0	0	1	0
F236Y	13996	11948	8585	9921	2461	2659	2282	3525	3105	4607	4970	4018	1394	5996	1228	1020	5752	4901	1187	6100	8432	6222	1078	4900	11373	925	8738	13564	1553
F236V	1469	1296	918	1087	269	284	232	379	156	401	415	128	137	625	137	86	545	569	116	685	907	419	75	548	358	73	970	318	109
F236X	39	51	50	6	0	0	6	6	16	0	0	0	1	51	0	0	20	28	3	27	10	31	10	18	35	6	19	31	5
F236B	1	0	1	0	0	0	0	0	0	0	0	0	0	0	0	0	0	0	0	1	0	0	0	1	1	0	0	0	0
I237A	43	33	17	29	2	7	0	9	0	0	8	0	0	22	1	1	21	16	0	24	33	9	1	6	35	0	29	7	1
I237R	12	7	1	7	0	1	0	3	0	0	0	0	0	2	0	0	4	0	0	1	0	0	0	0	0	19	6	0	0
I237N	8903	7596	5568	6327	561	759	665	1173	806	2106	781	1285	320	3849	258	172	3738	3312	236	4010	5424	4460	309	3111	3036	181	5638	3389	313
I237D	49	29	37	52	10	2	1	9	0	11	0	0	1	30	1	0	11	18	3	20	51	1	2	18	8	1	22	31	3
I237C	1	5	4	2	0	0	0	0	0	0	0	0	0	1	0	0	2	2	0	1	0	0	0	0	0	0	2	0	0
I237E	0	0	0	0	0	0	0	0	0	0	0	0	0	0	0	0	0	0	0	0	0	0	0	0	0	0	0	0	0
I237Q	0	0	0	0	0	0	0	0	0	0	0	0	0	0	0	0	0	0	0	0	0	0	0	0	0	0	0	0	0
I237G	5	18	14	4	0	0	0	0	0	0	0	3	0	3	0	0	3	2	0	7	13	0	2	5	1	1	6	0	0
I237H	1	0	3	3	0	0	0	0	0	0	0	0	0	1	1	0	0	2	0	2	1	0	0	1	0	0	1	0	0
I237I	4254935	3664075	2903866	3013700	2761250	2884144	3804276	3549482	2881201	3310050	3196312	2350350	1835122	1963530	1861287	1308935	1769520	1569998	1395777	2053882	2412153	1816061	1791599	1499667	2083334	1319143	2404144	1902131	1578231
I237L	1068	942	691	829	152	185	135	229	82	297	119	165	60	435	91	39	459	373	57	522	600	174	90	394	217	80	716	768	103
I237K	23	10	7	10	1	4	0	1	0	0	0	0	0	3	0	0	7	6	0	4	11	3	0	5	0	0	5	0	0
I237M	1249	1160	874	943	232	326	309	293	138	323	205	202	156	625	122	71	658	507	82	658	876	211	86	514	313	77	813	469	126
I237F	6301	5365	3900	4625	963	1185	967	1406	910	1943	901	935	441	2733	652	494	2471	2309	440	2622	3609	2091	536	2127	3719	460	3911	3348	577
I237P	5	5	7	11	0	0	0	2	0	0	0	0	0	0	0	0	0	0	0	2	8	0	0	2	0	0	3	0	0
I237S	1408	1090	906	1132	87	108	93	188	61	165	54	118	55	595	40	29	600	485	16	582	874	235	31	560	368	37	901	365	68
I237T	17806	14717	10917	12627	1322	1508	1218	2466	2547	2701	2251	2426	702	7537	674	440	7088	6179	476	7864	11086	8870	637	6329	6287	428	10932	7686	801
I237W	0	0	0	0	0	0	0	0	0	0	0	0	0	0	0	0	0	0	0	0	0	0	0	0	0	0	0	0	0
I237Y	25	5	3	4	0	0	0	0	0	0	0	1	0	2	0	0	2	1	0	1	2	0	0	0	0	0	7	0	2
I237V	14658	12202	8859	10361	2379	2582	2314	3609	2872	3703	1657	2686	1532	6168	1246	901	5758	5246	1089	6091	8751	4379	1026	5199	4906	914	9262	4547	1514
I237X	0	0	0	0	0	0	0	0	0	0	0	0	0	0	0	0	0	0	0	0	0	0	0	0	0	0	0	0	0
I237B	0	0	0	0	0	0	0	0	0	0	0	0	0	0	0	0	0	0	0	0	0	0	0	0	0	0	0	0	0
A238A	4270069	3676720	2912835	3026171	2762393	2885839	3804839	3551104	2880266	3313163	3195560	2350967	1835460	1969058	1861715	1309337	1775521	1574819	1395986	2060138	2424072	1825459	1792312	1505858	2090648	1319635	2414363	1904202	1579092
A238R	0	0	0	0	0	0	0	0	1	0	0	0	0	0	0	0	0	0	0	0	0	0	0	0	0	0	0	0	0
A238N	2	3	2	4	1	0	0	0	2	0	0	1	0	0	0	0	1	3	0	2	1	0	1	3	1	0	2	1	0
A238D	6745	5433	4284	4545	497	689	738	1245	994	1273	980	1413	388	3116	359	258	2738	2546	323	2979	3431	2076	245	2207	1332	209	3949	3317	306
A238C	0	0	0	1	0	0	0	0	0	0	0	0	0	0	0	0	0	0	0	0	0	0	0	0	0	0	0	0	0
A238E	14	18	12	9	0	0	2	4	7	0	0	0	0	11	0	1	12	13	1	6	5	4	4	6	5	2	12	4	0
A238Q	0	0	0	0	0	0	0	0	0	0	0	0	0	0	0	0	0	0	0	0	0	0	0	0	0	0	0	0	0
A238G	1813	1475	1157	1272	245	251	208	311	434	237	240	305	92	835	94	82	794	727	83	786	1071	733	102	704	1186	91	1195	630	143
A238H	0	0	0	0	0	0	0	0	0	0	0	0	0	1	0	0	0	1	0	0	0	0	0	0	0	0	0	0	0
A238I	0	1	7	4	1	1	1	0	0	1	0	0	0	1	0	0	3	0	0	2	4	10	0	1	0	0	2	0	0
A238L	2	0	2	0	1	0	0	0	1	0	0	1	0	1	0	0	1	1	0	0	0	0	0	0	0	0	0	1	0
A238K	0	0	0	0	0	0	0	0	0	0	0	0	0	0	0	0	0	0	0	0	0	0	0	0	0	0	0	0	0
A238M	0	0	0	0	0	0	0	0	0	0	0	0	0	0	0	0	0	0	0	0	0	0	0	0	0	0	0	0	0
A238F	4	5	3	2	0	2	0	0	0	0	0	2	0	3	0	0	3	4	1	3	1	1	0	2	0	0	4	1	0
A238P	1341	1174	733	829	130	128	97	283	466	389	241	422	64	582	97	45	582	522	121	538	526	323	45	372	921	34	861	2341	93
A238S	2434	2170	1733	1853	422	430	470	682	497	532	334	496	185	1220	216	156	1086	1003	120	1249	1363	530	230	925	719	176	1497	1603	186
A238T	10470	8695	6503	7073	1259	1316	1117	2021	2180	2287	1608	1181	622	4645	602	335	4020	3850	375	4707	5879	2395	583	3457	3576	396	6231	2645	709
A238W	0	0	0	0	0	0	0	0	0	0	0	0	0	0	0	0	0	0	0	0	0	0	0	0	0	0	0	0	0
A238Y	0	0	2	1	0	0	0	0	0	0	0	0	0	0	0	0	0	1	0	0	0	0	0	1	0	0	2	3	0
A238V	13598	11565	8401	8902	2010	2155	2506	3220	3769	3417	3325	3383	1578	6063	1290	868	5581	4966	1166	5883	7139	4963	797	4402	3836	798	8280	7993	1210
A238X	0	0	0	0	0	0	0	0	0	0	0	0	0	0	0	0	0	0	0	0	0	0	0	0	0	0	0	0	0
A238B	0	0	0	0	0	0	0	0	0	0	0	0	0	0	0	0	0	0	0	0	0	0	0	0	0	0	0	0	0
A239A	4273687	3679824	2915126	3028563	2761721	2885047	3804672	3550831	2882410	3313296	3195252	2351825	1835078	1970337	1861522	1309053	1776837	1575696	1395978	2061537	2425491	1820423	1791912	1507238	2089972	1319532	2416917	1911974	1578629
A239R	0	0	0	0	0	0	0	0	0	0	0	0	1	0	0	1	0	0	0	1	0	0	0	0	0	0	0	0	0
A239N	1	1	2	0	0	0	0	2	0	0	0	0	0	2	0	0	1	0	0	0	0	0	0	1	0	0	0	0	0
A239D	2716	2299	1795	1829	274	309	340	478	292	564	200	456	124	1312	136	73	1093	1109	81	1292	1473	1160	233	919	606	143	1491	1083	124
A239C	1	0	0	0	0	0	0	0	0	0	0	0	0	0	0	0	0	0	0	0	0	0	0	0	0	0	0	0	0
A239E	12	6	13	2	0	1	4	3	5	0	1	0	0	9	3	0	3	6	2	9	1	3	4	4	3	3	6	9	0
A239Q	0	0	0	0	0	0	0	0	0	0	0	0	0	0	0	0	0	0	1	0	0	0	0	0	0	0	0	0	0
A239G	1327	1096	858	892	177	156	149	256	256	182	150	139	95	659	72	45	542	535	49	617	784	351	63	454	301	44	822	566	58
A239H	0	0	0	0	0	0	0	0	0	0	0	0	0	0	0	0	0	0	0	0	0	0	0	0	1	0	0	0	0
A239I	10	11	10	7	0	0	4	5	0	0	0	13	0	9	0	0	3	6	0	7	13	0	1	2	1	0	13	0	1
A239L	0	0	0	1	0	0	0	0	0	0	0	0	0	1	0	0	0	0	0	0	0	0	0	0	0	0	0	0	0
A239K	0	0	0	0	0	0	0	0	0	0	0	0	0	0	0	0	0	0	0	0	0	0	0	0	0	0	0	0	0
A239M	0	0	0	0	0	0	0	0	0	0	0	0	0	0	0	0	0	0	0	0	0	0	0	0	0	0	0	0	0
A239F	1	3	1	1	0	0	0	0	0	0	0	1	0	0	0	0	1	1	0	2	0	1	1	0	2	0	1	0	0
A239P	527	443	306	365	58	76	69	93	59	126	55	87	40	224	30	22	185	186	28	218	337	535	29	167	402	14	354	45	47
A239S	2519	2074	1738	1621	583	685	728	854	668	435	835	513	338	1185	320	249	1053	967	229	1237	1441	814	376	807	662	246	1358	1015	325
A239T	12243	10497	7762	8398	1757	1964	1762	2936	2689	3381	2852	2785	1168	5548	1039	756	5094	4635	819	5479	7014	8928	835	4100	6776	672	7410	4229	1136
A239W	0	0	0	0	0	0	0	0	0	0	0	0	0	0	0	0	0	0	0	0	0	0	0	0	0	0	0	0	0
A239Y	1	0	0	1	0	0	0	0	0	0	0	0	1	1	0	1	0	1	0	0	0	1	0	0	0	0	2	0	0
A239V	13447	11005	8063	8986	2389	2573	2250	3412	2238	3315	2943	2352	1544	6249	1251	882	5530	5314	989	5894	6938	4278	865	4246	3498	687	8024	3820	1419
A239X	0	0	0	0	0	0	0	0	0	0	0	0	0	0	0	0	0	0	0	0	0	0	0	0	0	0	0	0	0
A239B	0	0	0	0	0	0	0	0	0	0	0	0	0	0	0	0	0	0	0	0	0	0	0	0	0	0	0	0	0
P240A	160	142	105	123	40	32	44	41	33	63	47	35	17	74	10	16	65	63	11	68	91	25	9	51	42	7	100	85	18
P240R	116	113	55	90	9	30	13	25	22	41	23	45	10	42	10	3	45	36	2	43	64	13	4	39	7	4	66	21	10
P240N	14	19	7	0	0	0	0	0	3	0	0	0	0	9	1	0	4	7	0	11	2	3	0	10	5	0	6	3	1
P240D	0	0	1	0	0	0	0	0	0	0	0	0	0	2	0	0	0	0	0	0	0	0	0	0	0	0	0	0	0
P240C	0	0	1	0	0	0	0	0	0	0	0	0	0	0	0	0	0	0	0	1	0	0	0	0	0	0	0	0	0
P240E	0	0	0	0	0	0	0	0	0	0	0	0	0	0	0	0	0	0	0	0	0	0	0	0	0	0	0	0	0
P240Q	14	9	10	7	0	0	4	0	2	0	1	9	0	6	0	1	3	3	0	9	8	2	0	3	13	0	8	2	0
P240G	0	0	0	0	0	0	0	0	0	0	0	0	0	0	1	1	0	0	0	0	0	0	0	0	0	0	0	0	0
P240H	2761	2557	1826	2235	406	422	291	575	442	390	310	325	137	1382	182	104	1264	1108	137	1426	1859	606	171	1063	836	163	1611	627	166
P240I	12	8	7	3	0	3	1	2	0	0	0	0	0	9	3	0	5	4	0	4	3	1	0	7	3	0	5	1	0
P240L	5548	4737	3589	3867	697	627	597	1038	1593	1091	703	864	415	2775	338	240	2314	2096	276	2382	2701	979	210	1696	981	190	3337	1818	381
P240K	0	0	0	0	0	0	0	0	0	0	0	0	0	0	0	0	0	0	0	0	0	0	0	0	0	0	0	0	0
P240M	0	0	0	0	0	0	0	0	0	0	0	0	0	0	0	0	0	0	0	0	0	0	0	0	0	0	0	0	0
P240F	32	10	12	13	0	2	1	3	0	2	0	1	2	4	1	0	6	7	1	4	13	0	3	8	0	1	12	0	0
P240P	4288681	3691796	2923935	3037640	2764549	2888358	3807983	3555291	2885062	3317383	3200122	2355366	1837208	1976716	1863329	1310354	1782641	1581620	1397306	2067600	2433326	1831880	1793442	1511924	2096991	1320589	2425690	1917765	1580606
P240S	5879	4978	3869	4232	733	742	606	1092	665	1303	550	822	278	2806	290	202	2607	2130	211	2855	3610	2285	294	2060	2270	179	3613	1695	353
P240T	3270	2886	2254	2456	525	595	437	803	794	1026	532	704	322	1709	208	160	1387	1378	232	1888	1812	695	186	1075	1076	207	1943	720	204
P240W	0	0	0	0	0	0	0	0	0	0	0	0	0	0	0	0	0	0	0	0	0	0	0	0	0	0	0	0	0
P240Y	5	4	3	0	0	0	1	0	1	0	0	0	0	2	0	1	1	4	0	2	3	5	0	2	0	1	7	4	0
P240V	0	0	0	0	0	0	0	0	0	0	0	0	0	0	0	0	0	0	0	0	0	0	0	0	0	0	0	0	0
P240X	0	0	0	0	0	0	0	0	0	0	0	0	0	0	0	0	0	0	0	0	0	0	0	0	0	0	0	0	0
P240B	0	0	0	0	0	0	0	0	0	0	0	0	0	0	0	0	0	0	0	0	0	0	0	0	0	0	0	0	0
Y241A	0	0	0	0	0	1	0	0	0	0	0	0	0	0	0	0	0	0	0	0	0	0	0	0	0	0	0	0	0
Y241R	139	126	107	113	46	40	24	60	37	56	33	27	9	51	7	7	63	64	6	40	44	2	16	48	89	14	93	278	17
Y241N	6967	5958	4385	4686	1857	2270	1901	2277	1968	2380	1431	1743	947	3218	896	622	2773	2466	624	2937	3847	2277	907	2307	3645	727	3999	2482	1150
Y241D	729	683	535	554	103	138	96	165	123	111	39	112	52	352	49	24	316	273	41	344	440	259	41	228	105	52	442	113	58
Y241C	12574	10422	7736	8568	2879	2996	2801	3636	2617	3305	3388	2389	1520	5501	1403	977	5053	4432	1011	5320	6256	5929	1207	4078	5170	1144	7244	4874	1579
Y241E	1	0	0	0	0	0	0	0	0	0	0	0	0	0	0	0	0	0	0	0	0	0	0	0	0	0	0	0	0
Y241Q	21	14	10	19	2	3	3	1	1	0	2	7	0	8	1	2	2	8	0	2	13	7	5	7	24	0	13	1	3
Y241G	7	25	1	6	4	2	0	2	0	0	0	0	1	4	4	0	7	3	0	5	4	0	1	2	0	0	4	1	0
Y241H	10837	9023	6930	7694	4613	5017	4095	5115	5841	5662	3930	3151	1964	4595	2174	1366	4338	3776	1624	4682	5829	4031	1725	3562	2899	1676	6380	3689	2461
Y241I	5	5	14	4	1	5	15	7	0	0	0	1	3	5	1	1	7	4	0	7	11	34	2	4	0	1	8	0	0
Y241L	63	46	22	30	3	7	6	12	0	0	17	14	3	23	2	2	23	26	2	28	18	0	2	14	16	1	28	16	1
Y241K	15	4	2	5	0	3	0	1	0	29	0	0	0	2	1	1	1	3	0	2	5	0	1	6	1	0	2	0	0
Y241M	0	0	0	0	0	0	0	0	0	0	0	0	0	0	0	0	0	0	0	0	0	0	0	0	0	0	0	0	0
Y241F	7718	6317	4776	5251	2138	2245	2870	2817	2383	3618	5485	1957	1378	3551	1771	1568	3095	2718	976	3462	4015	2739	1405	2532	2454	960	4595	2817	1310
Y241P	0	0	0	0	0	0	0	0	0	0	0	0	0	0	0	0	0	0	0	0	0	0	0	0	0	0	0	0	0
Y241S	538	409	286	301	100	146	101	166	134	461	27	91	85	219	77	43	182	174	61	215	223	16	65	172	151	44	248	376	83
Y241T	3	4	1	1	0	2	1	0	0	0	0	0	0	0	0	0	2	1	0	2	0	0	0	0	0	0	1	0	0
Y241W	0	0	0	2	3	0	0	0	0	0	0	0	0	0	0	0	0	0	0	1	2	0	0	0	0	0	0	7	0
Y241Y	4253161	3662369	2901858	3012995	2753999	2876545	3796855	3542364	2873374	3302588	3186784	2347086	1831724	1961475	1857311	1306070	1768573	1569554	1393420	2051967	2409226	1814224	1788060	1500081	2085780	1316358	2405145	1904147	1574333
Y241V	0	0	0	0	0	0	0	0	0	0	0	0	3	0	0	0	0	0	0	0	0	0	0	0	0	4	0	0	0
Y241X	12176	10589	7999	9253	713	897	842	1702	1362	2286	721	1145	421	5870	447	231	5237	4404	264	6342	11930	6135	478	4324	1648	203	7344	3584	512
Y241B	1538	1265	1012	1184	498	494	368	545	777	803	431	448	279	662	229	168	670	550	147	937	1629	841	404	573	242	157	852	356	232
E242A	1035	984	720	787	257	276	164	253	239	167	150	94	103	482	108	71	468	415	66	480	563	220	70	376	93	53	660	161	84
E242R	5	3	3	1	2	2	0	1	0	2	0	1	3	2	0	0	5	4	0	2	4	0	1	1	0	2	7	0	1
E242N	1	5	3	0	1	1	0	1	0	1	1	1	0	2	0	0	1	0	0	1	2	1	0	1	0	0	0	1	0
E242D	13500	12022	9160	9519	3192	4206	2916	3822	3294	5400	3426	3589	1645	6376	1596	1097	5622	5306	1234	6221	6670	4281	1105	4320	3924	949	7594	4178	1746
E242C	0	0	0	0	0	0	0	0	0	0	0	0	0	0	0	0	0	0	0	0	0	0	0	0	0	0	0	0	0
E242E	4256204	3663412	2902616	3015406	2757396	2878059	3801207	3546016	2878278	3307609	3192565	2346938	1833483	1962233	1859435	1307775	1769077	1569122	1394474	2052832	2417740	1820563	1790822	1501550	2087082	1318557	2408045	1906342	1576868
E242Q	596	520	492	345	53	51	31	39	154	172	108	112	36	349	26	12	324	276	15	361	197	610	17	260	333	5	330	642	17
E242G	18430	15664	11851	13057	3008	3365	2867	4339	2733	3892	2455	3404	1302	8335	1506	967	7637	6873	1124	8381	9812	4903	1210	6031	5889	944	10318	5212	1626
E242H	0	0	0	0	0	0	0	0	0	0	0	0	0	0	0	0	2	0	0	0	0	0	0	0	0	0	0	0	0
E242I	4	3	2	3	2	0	1	2	0	0	0	1	0	2	0	0	1	0	0	4	3	0	0	1	0	0	3	0	0
E242L	28	26	26	0	0	0	9	2	3	0	0	0	1	22	1	0	7	12	0	17	4	6	4	6	5	4	7	5	1
E242K	4113	3511	2674	2697	1219	2637	1119	1551	1607	1551	2081	2164	875	1931	750	515	1809	1711	647	1831	1530	2375	372	1259	1013	270	2280	2018	494
E242M	0	0	0	0	0	0	0	0	0	0	0	0	0	0	0	0	0	0	0	0	0	0	0	0	0	0	0	0	0
E242F	0	0	0	0	0	0	0	0	0	0	0	0	0	0	0	0	0	0	0	0	0	0	0	0	0	0	0	0	0
E242P	0	0	0	0	0	0	0	0	0	0	0	0	0	0	0	0	0	0	0	0	0	0	0	0	0	0	0	0	0
E242S	2	1	2	0	0	0	1	0	2	0	0	0	0	2	1	0	1	2	0	1	0	0	4	2	1	0	0	0	0
E242T	1	0	0	0	0	0	0	0	0	0	0	0	2	0	1	1	0	0	1	0	0	0	0	0	0	0	0	0	0
E242W	0	0	0	0	0	0	0	0	0	0	0	0	0	0	0	0	0	0	0	0	0	0	0	0	0	0	0	0	0
E242Y	0	5	2	0	0	0	1	1	1	1	0	0	0	1	1	0	0	2	0	2	0	1	0	0	0	0	2	0	0
E242V	11162	9714	7024	7786	1572	1932	1351	2319	1968	2340	1294	1456	837	5031	829	544	4684	4085	504	5246	5781	2953	564	3613	3696	429	6366	3948	784
E242X	1409	1386	1097	1065	257	281	310	516	338	164	208	409	102	764	119	99	698	647	111	909	1180	581	150	518	188	128	784	234	118
E242B	2	3	2	0	0	1	1	8	0	0	0	2	0	4	0	1	6	1	0	5	6	0	0	0	0	0	2	0	0
