rowname	Input	Input.1	Input.2	Input.3	uPA	uPA.1	uPA.2	uPA.3	FXIIa	FXIIa.1	FXIIa.2	FXIIa.3	uPA.4	Input.4	uPA.5	uPA.6	Input.5	Input.6	uPA.7	Input.7	Input.8	TMPRSS2	uPA.8	Input.9	TMPRSS2.1	uPA.9	Input.10	TMPRSS2.2	uPA.10
K243A	0	1	1	4	0	0	0	3	0	0	0	2	1	1	0	0	0	0	0	2	1	0	0	3	0	0	1	0	0
K243R	6040	6453	7797	5944	2900	4831	1710	2888	3110	1872	2063	2476	873	3124	916	758	2587	3330	607	2931	3511	1978	727	2999	1910	1080	3830	1878	1047
K243N	6206	6520	7866	6158	1877	3116	938	2108	1937	1458	902	1541	485	3207	434	377	2647	3156	275	3197	3496	2679	477	2903	1649	665	3920	1834	753
K243D	10	17	29	13	0	0	0	8	1	0	0	1	0	5	0	1	1	5	1	3	8	4	0	1	0	1	6	0	0
K243C	0	0	0	0	0	0	0	0	0	0	0	0	0	0	0	0	0	0	0	0	0	0	0	0	0	0	0	0	0
K243E	11048	12031	14479	11242	3388	5735	1978	4184	3095	2280	1777	2793	1072	5896	989	891	5234	6260	628	5764	6412	4342	869	5436	3595	1183	7136	4046	1160
K243Q	1213	1313	1617	1223	372	525	236	491	553	232	100	639	82	621	123	141	546	697	100	670	658	296	96	649	606	153	826	118	168
K243G	17	29	28	17	2	10	0	3	0	0	11	1	0	9	5	2	25	16	0	10	21	7	0	15	13	4	19	0	7
K243H	1	0	4	0	0	0	0	7	0	0	0	0	0	0	0	1	1	0	0	1	0	0	1	0	0	2	0	0	0
K243I	5745	6294	7382	5634	1992	2905	1018	2348	2724	1867	1787	1923	754	2867	637	524	2611	3262	482	2855	2853	3578	324	2461	2872	459	3483	3964	658
K243L	1	3	2	0	0	2	0	0	0	0	0	0	0	0	0	0	0	2	0	0	0	0	0	0	0	0	0	0	0
K243K	3346960	3670681	4606660	3487181	4684475	6541022	3481841	4777947	4068585	2393266	3093032	3739037	1649681	1760597	1703928	1561806	1518977	1816425	1178993	1813433	2075680	1745585	1737767	1736794	1609368	2204940	2084686	1630919	1693531
K243M	12	7	13	15	0	5	0	2	0	0	0	1	3	9	1	0	2	5	0	6	10	0	0	4	1	0	3	1	1
K243F	0	0	0	0	0	0	0	0	0	0	0	0	0	0	0	0	0	0	0	0	0	0	0	0	0	0	0	0	0
K243P	0	0	0	0	0	0	0	0	0	0	0	0	0	0	0	0	0	0	0	0	0	0	0	0	0	0	0	0	0
K243S	26	31	48	24	2	3	0	9	0	0	0	1	4	17	0	0	10	17	0	4	14	4	0	10	2	2	25	0	0
K243T	1520	1661	1762	1469	447	613	237	553	554	326	197	556	124	741	127	93	662	730	55	663	729	289	102	692	348	144	998	534	151
K243W	0	0	0	0	0	0	0	0	0	0	0	0	0	0	0	0	0	0	0	0	0	0	0	0	0	0	0	0	0
K243Y	11	11	12	7	95	61	39	92	40	0	0	75	28	3	8	35	2	13	83	5	8	1	10	4	19	10	3	0	21
K243V	10	18	18	6	1	2	1	4	0	0	0	1	0	7	0	0	4	2	0	3	1	7	0	5	0	0	4	0	1
K243X	7307	8293	9996	8114	1059	1873	648	2068	1367	779	1367	1665	310	3965	270	250	3614	3956	188	4777	7560	6779	404	4144	1067	276	4820	341	413
K243B	8	13	20	7	1	1	2	0	0	0	0	0	0	10	2	2	3	5	1	4	8	0	0	2	0	0	7	0	1
E244A	565	558	791	607	562	785	267	327	545	289	213	458	128	272	89	77	252	251	78	312	448	215	82	254	943	143	384	2134	239
E244R	4	4	0	1	0	0	2	0	1	1	1	0	0	0	2	0	0	0	0	3	3	0	0	1	0	0	1	0	0
E244N	0	0	1	0	0	0	0	1	0	0	0	0	0	0	0	0	0	0	0	0	0	0	0	0	0	0	1	0	0
E244D	2808	3051	3850	3081	1618	2139	813	1548	2073	676	538	1135	390	1373	390	342	1301	1454	262	1381	1758	797	449	1354	979	629	1924	906	560
E244C	0	0	0	0	0	0	0	0	0	0	0	0	0	0	0	0	0	0	0	0	0	0	0	0	0	0	0	0	0
E244E	3364571	3690086	4628947	3505019	4683959	6542002	3481779	4780812	4069140	2394008	3094835	3739871	1650089	1770318	1704028	1561945	1527514	1826625	1179112	1823726	2087892	1754595	1738013	1745725	1614699	2204892	2095446	1632362	1693461
E244Q	19	15	25	31	6	10	8	21	6	3	6	36	3	10	1	1	6	9	2	12	29	10	6	9	3	5	16	2	1
E244G	9606	10367	12646	9469	6546	9719	3680	5534	6719	4357	3206	4463	1501	4844	1834	1461	4014	4977	1117	4492	5723	5109	1245	4651	2800	1886	6492	4120	2202
E244H	0	0	0	0	0	0	0	0	0	0	0	0	0	0	0	0	0	1	0	0	0	0	0	0	0	0	0	0	0
E244I	0	0	0	0	0	0	0	0	0	0	0	0	0	0	0	0	0	0	0	0	0	0	0	0	0	0	0	0	0
E244L	2	0	0	1	0	0	0	0	1	0	0	1	0	5	3	0	2	5	0	4	0	5	0	3	2	2	3	5	0
E244K	1640	1814	2156	1632	993	1580	503	952	601	819	428	809	222	751	260	177	656	825	165	719	911	540	194	741	283	311	1041	275	382
E244M	0	4	2	2	0	2	0	0	0	0	0	0	0	2	3	0	0	4	0	0	2	0	0	0	0	0	1	0	0
E244F	0	0	0	0	0	0	0	0	0	0	0	0	0	0	0	0	0	0	0	0	0	0	0	0	0	0	0	0	0
E244P	0	0	0	0	0	0	0	0	0	0	0	0	0	0	0	0	1	0	0	0	0	0	0	0	0	0	0	0	0
E244S	0	0	0	0	0	0	0	0	0	0	0	0	0	1	0	0	1	1	0	2	0	1	0	0	2	0	1	2	0
E244T	0	1	0	0	0	0	0	0	0	0	0	0	0	0	0	0	0	0	0	0	0	0	0	0	0	0	0	0	0
E244W	4	1	3	3	0	2	0	1	1	1	1	0	1	0	0	0	4	0	0	4	2	0	0	2	1	1	1	0	1
E244Y	0	0	0	0	0	0	0	0	0	0	0	0	0	0	0	0	0	2	0	0	0	0	3	0	1	0	0	1	0
E244V	4804	5389	6786	5108	1943	3086	1108	2283	2081	1186	1455	2525	638	2359	537	504	2236	2548	416	2456	3055	3000	467	2439	1079	651	3274	2513	731
E244X	1	3	7	1	2	1	0	2	0	25	0	0	0	2	1	0	0	0	0	4	1	0	0	0	0	1	2	0	0
E244B	2111	2083	2520	2103	982	1378	488	1234	798	715	553	1414	445	1142	292	374	939	1179	261	1213	1146	1277	318	943	658	398	1180	1315	335
V245A	16753	17993	21529	17459	6955	10369	4051	7520	6624	5442	4245	6039	1646	7907	1942	1912	6540	7995	1092	7793	10321	7038	1760	8215	4545	2434	11063	5334	2549
V245R	0	0	0	0	0	0	0	1	0	0	0	0	0	0	0	1	0	0	0	0	0	0	1	0	0	0	0	0	0
V245N	0	0	0	0	0	0	0	0	0	0	0	0	0	0	0	0	0	0	0	0	0	0	0	0	0	0	0	0	0
V245D	2	5	6	2	0	0	0	0	0	0	0	1	0	4	0	0	2	1	1	1	0	0	1	4	1	1	3	0	0
V245C	0	0	0	0	0	0	0	0	0	0	0	0	0	0	0	0	0	0	0	0	0	0	0	0	0	0	0	0	0
V245E	8974	9710	11718	9154	3657	5145	2289	4390	4125	2051	2814	4657	1301	4536	1188	1226	3557	4667	814	4367	5487	4862	962	4529	2828	1283	6024	4490	1525
V245Q	0	0	0	0	0	0	0	0	0	0	0	0	0	0	0	0	0	0	0	0	1	0	0	0	0	1	0	0	0
V245G	661	794	826	702	146	216	84	167	97	53	35	106	56	333	38	36	295	370	26	329	377	116	46	341	101	80	435	72	88
V245H	0	0	0	0	0	0	0	0	0	0	0	0	0	0	0	0	0	0	0	0	0	0	0	0	0	0	0	0	0
V245I	8	11	8	8	2	4	0	2	0	0	1	0	0	3	0	2	3	2	0	5	5	1	2	16	0	0	7	0	0
V245L	603	659	859	667	308	397	235	442	168	135	207	289	68	409	129	112	271	380	78	343	332	235	150	328	263	207	422	369	92
V245K	14	12	27	8	2	3	3	1	0	0	0	0	1	9	0	0	6	13	0	11	5	0	1	7	0	0	10	10	0
V245M	4940	5407	6462	4864	1759	2504	815	1967	1929	1135	894	1199	415	2374	478	317	2032	2455	220	2297	3038	2506	345	2347	1742	501	3038	2006	539
V245F	0	0	0	1	0	1	0	0	0	0	0	0	0	2	0	0	0	2	0	0	0	1	0	0	0	0	1	0	0
V245P	0	0	1	0	0	0	0	0	0	0	0	0	0	1	1	0	0	1	0	0	0	0	0	0	0	0	0	0	0
V245S	4	8	9	7	7	9	0	7	0	1	2	5	0	21	2	2	4	10	0	15	11	6	4	9	4	3	7	2	0
V245T	12	12	23	12	9	3	0	2	1	82	1	1	0	4	0	1	4	6	1	7	12	0	0	5	6	1	9	1	1
V245W	0	0	0	0	1	0	0	0	0	0	0	0	0	0	0	0	0	0	0	0	0	0	0	0	0	0	0	0	0
V245Y	0	0	0	0	0	0	0	0	0	0	0	0	0	0	0	0	0	0	0	0	0	0	0	0	0	0	0	0	0
V245V	3354158	3678761	4616254	3494170	4683765	6542052	3481171	4778216	4069022	2393181	3093037	3738412	1649930	1765471	1703662	1561271	1524204	1821978	1179180	1819158	2081375	1750784	1737505	1740318	1611959	2204408	2088742	1631351	1693117
V245X	0	0	0	0	0	0	0	0	0	0	0	0	0	0	0	0	0	0	0	0	0	0	0	0	0	0	0	0	0
V245B	6	4	12	4	0	1	0	0	0	0	0	3	0	5	0	1	8	1	1	2	6	0	0	3	1	0	6	0	1
P246A	892	1012	1051	831	344	562	255	626	404	475	432	774	208	447	129	119	380	486	129	438	350	899	43	350	216	115	555	197	184
P246R	305	372	446	381	92	135	60	128	75	111	45	105	24	213	19	31	114	164	12	145	184	58	21	141	51	42	280	68	27
P246N	2	2	8	2	1	2	0	0	0	0	0	0	0	12	0	0	3	14	3	9	0	4	2	7	3	2	11	2	0
P246D	0	0	1	0	0	0	0	0	0	0	0	1	0	4	0	2	3	2	0	0	0	2	0	2	0	0	0	0	0
P246C	0	0	0	0	0	0	0	0	0	0	0	0	0	1	0	0	0	0	0	0	0	0	0	0	0	0	0	0	0
P246E	0	0	0	0	0	0	0	0	0	0	0	0	0	0	0	0	0	0	0	0	0	0	0	0	0	0	0	0	0
P246Q	4	5	4	7	1	4	2	1	0	1	0	1	0	8	0	0	3	3	0	12	0	2	3	10	6	2	2	3	0
P246G	0	0	0	0	0	0	0	0	0	0	0	0	0	0	0	0	0	0	0	0	0	0	0	0	0	0	0	0	0
P246H	3011	3444	4205	3275	1436	2029	801	1401	1685	917	583	809	379	1591	328	333	1339	1697	284	1526	2080	1917	372	1591	939	639	2197	1591	505
P246I	8	1	2	2	1	0	0	2	1	0	0	1	0	11	0	0	3	8	1	6	3	7	1	6	2	0	4	3	0
P246L	5198	5751	6591	5359	1317	1797	697	1783	1200	967	851	2449	418	2434	360	260	2064	2660	366	2349	3184	2571	267	2416	1695	382	3625	1693	414
P246K	0	0	0	0	0	0	0	0	0	0	0	0	0	0	0	0	0	0	0	0	0	0	0	0	0	0	0	0	0
P246M	0	0	0	0	0	0	0	0	0	0	0	0	0	0	0	0	0	0	0	0	0	0	0	0	0	0	0	0	0
P246F	26	19	31	39	2	19	1	4	5	9	6	31	3	14	8	2	13	11	4	10	15	502	2	22	4	0	16	3	0
P246P	3364546	3689376	4629256	3504023	4688417	6548804	3484047	4783221	4072813	2396500	3096201	3742387	1651111	1770504	1705314	1563036	1527857	1826540	1179570	1824235	2087153	1753113	1738876	1745543	1614600	2206052	2094633	1634767	1694929
P246S	10862	11957	14275	11734	4468	6423	2532	4974	5518	2930	2909	3809	1125	5132	1109	960	4557	5533	934	4882	7085	6043	1010	5329	3563	1442	7601	5069	1654
P246T	1277	1419	1853	1397	529	925	253	575	264	169	206	343	148	690	172	137	581	740	108	697	912	422	179	695	367	240	831	235	199
P246W	0	0	0	0	0	0	0	0	0	0	0	0	0	0	0	0	0	0	0	0	0	0	0	0	0	0	0	0	0
P246Y	2	16	11	8	3	4	0	0	1	1	3	2	1	18	1	1	9	22	2	19	4	9	1	10	4	3	12	4	0
P246V	2	2	0	0	0	0	0	0	0	0	0	0	0	0	0	0	0	1	0	0	0	0	0	0	0	0	0	0	0
P246X	0	0	0	0	0	0	0	0	0	0	0	0	0	0	0	0	0	0	0	0	0	0	0	0	0	0	0	0	0
P246B	0	0	0	0	0	0	0	0	0	0	0	0	0	0	0	0	0	0	0	0	0	0	0	0	0	0	0	0	0
L247A	0	0	0	0	0	0	0	0	0	0	0	0	0	0	0	0	0	1	0	0	0	0	0	2	0	0	1	0	0
L247R	713	798	1042	848	137	159	61	186	69	121	77	105	25	398	27	25	343	405	12	394	474	211	27	362	246	34	528	67	52
L247N	2	2	3	4	0	0	0	0	3	0	0	0	0	2	0	0	5	6	0	7	8	11	2	1	3	1	1	1	0
L247D	0	0	0	0	0	0	0	0	0	0	0	0	0	0	0	0	0	0	0	0	0	0	0	0	0	0	0	0	0
L247C	0	0	0	0	0	0	0	0	0	0	0	0	0	0	0	0	0	0	0	0	0	0	0	0	0	0	0	0	0
L247E	0	0	0	0	0	0	0	0	0	0	0	0	0	0	0	0	0	0	0	0	0	0	0	0	0	0	0	0	0
L247Q	7	2	15	3	0	1	1	0	2	1	0	2	0	12	1	0	10	12	0	5	1	51	1	9	9	2	14	8	0
L247G	0	0	0	0	0	0	0	0	0	0	0	0	1	0	0	0	0	0	0	0	0	0	0	0	0	0	0	0	0
L247H	10475	11311	13782	10856	1895	2595	1011	2741	2170	1985	2355	2502	582	5197	525	486	4239	5360	375	5111	7016	45559	493	5220	4182	505	7269	4264	764
L247I	2306	2470	2847	2328	1022	1460	566	1112	922	822	488	1083	278	1190	301	298	1055	1270	215	1169	1348	1028	286	1109	531	475	1536	1011	413
L247L	3355808	3680988	4618391	3495829	4688720	6549412	3483835	4781848	4070068	2395304	3092351	3735955	1650609	1765874	1705052	1562708	1524142	1821993	1179560	1819614	2081817	1707338	1738984	1741358	1609443	2206450	2089241	1622632	1694785
L247K	0	0	0	0	0	0	0	0	0	0	0	0	0	0	0	0	0	0	0	0	0	0	0	0	0	0	0	0	0
L247M	0	0	0	0	0	0	0	0	0	0	0	0	0	0	0	0	0	0	0	0	0	0	0	0	0	0	0	0	0
L247F	3011	3253	3943	3060	693	1069	462	902	965	530	481	706	193	1475	268	238	1260	1587	133	1378	1932	2604	167	1392	1633	191	1965	1330	264
L247P	13680	14426	17543	14017	4113	5939	2690	5875	7749	3229	5461	10312	1718	6877	1256	1112	5813	7196	1101	6602	8320	8723	811	6599	5292	1233	9127	14311	1619
L247S	8	3	15	10	1	2	1	2	0	1	1	0	0	6	0	0	8	5	0	5	8	1	0	3	0	0	1	0	0
L247T	3	3	6	3	0	1	0	1	0	0	0	0	0	3	0	1	6	1	0	2	0	0	0	3	2	1	2	0	0
L247W	0	0	0	0	0	0	0	0	0	0	0	0	0	0	0	0	0	0	0	0	0	0	0	0	0	0	0	0	0
L247Y	4	7	4	10	0	0	0	1	0	0	0	0	0	2	0	0	1	5	0	2	2	5	0	8	0	0	8	0	0
L247V	118	113	143	90	30	66	21	47	18	87	22	47	11	43	10	13	44	40	17	39	44	18	6	56	109	27	74	11	15
L247X	0	0	0	0	0	0	0	0	0	0	0	0	0	0	0	0	0	0	0	0	0	0	0	0	0	0	0	0	0
L247B	0	0	0	0	0	0	0	0	0	0	0	0	0	0	0	0	0	0	0	0	0	0	0	0	0	0	0	0	0
S248A	1041	1232	1427	1137	349	655	292	563	298	240	749	595	103	524	142	110	473	578	99	518	553	210	98	545	248	124	776	580	207
S248R	0	0	0	0	0	0	0	0	0	0	0	0	0	0	0	0	1	0	0	0	1	0	0	0	0	0	0	0	0
S248N	11	3	3	4	2	4	2	4	1	0	0	0	1	18	0	2	7	8	1	8	5	6	4	9	1	3	6	3	2
S248D	0	2	3	2	0	1	0	0	0	0	0	2	1	1	1	1	1	1	0	2	0	0	0	0	0	2	2	0	0
S248C	179	232	264	224	46	85	37	90	13	78	32	60	10	117	22	14	81	120	4	101	96	46	18	111	57	33	146	19	12
S248E	0	0	0	0	0	0	0	0	0	0	0	0	0	0	0	0	0	0	0	0	0	0	0	0	0	0	0	0	0
S248Q	0	0	0	0	0	0	0	0	0	0	0	0	0	0	0	0	0	0	0	0	0	0	0	0	0	0	0	0	0
S248G	0	0	0	0	0	0	0	0	0	0	0	0	0	0	0	0	0	0	0	0	0	0	0	0	0	0	0	0	0
S248H	19	10	31	15	11	7	0	2	0	0	4	0	1	12	1	0	10	5	0	5	10	1	1	11	15	1	18	0	0
S248I	1	1	5	3	2	0	1	0	1	0	0	0	0	0	0	0	5	0	0	1	0	0	1	1	0	0	3	0	1
S248L	54	64	113	40	2	9	3	27	1	6	3	12	5	22	3	0	45	27	0	29	22	2	1	24	8	1	47	6	1
S248K	0	0	0	0	0	0	0	0	0	0	0	0	0	1	0	0	0	0	0	0	0	0	0	0	0	0	0	0	0
S248M	0	0	0	0	0	0	0	0	0	0	0	0	0	0	0	0	0	0	0	0	0	0	0	0	0	0	0	0	0
S248F	5044	5223	6313	5294	1331	2368	775	1857	1521	901	950	1063	405	2512	363	321	2039	2470	248	2494	3464	1751	402	2553	3367	531	3329	1488	527
S248P	10112	10734	12843	10185	2813	3862	1354	3347	3624	2435	1524	3088	897	4876	738	631	4204	5072	551	4873	5833	3240	554	4839	4278	771	6738	4043	952
S248S	3357038	3682497	4620748	3497173	4687265	6546224	3483808	4781847	4072008	2395806	3095383	3742072	1650768	1766781	1704851	1562745	1524705	1822961	1179653	1820377	2083342	1756339	1738405	1741868	1609049	2205709	2090066	1633917	1694190
S248T	8525	8866	10417	8461	3408	5445	1722	3504	3672	1771	2083	2649	905	4021	910	718	3446	4168	596	3830	5011	2583	876	4039	2743	1184	5647	2598	1505
S248W	0	0	0	0	0	0	0	0	0	0	0	0	0	0	0	0	0	0	0	0	0	0	0	0	0	0	0	0	0
S248Y	4097	4497	5556	4497	1381	2040	653	1467	826	841	508	1169	320	2183	409	338	1902	2451	260	2072	2623	1353	411	2111	1681	558	2971	980	515
S248V	0	0	0	0	0	0	0	0	0	0	0	0	0	0	0	0	0	0	0	0	0	0	0	0	0	0	1	0	0
S248X	9	7	9	14	0	0	1	4	1	1	0	0	0	7	0	0	6	13	1	13	7	14	3	8	2	0	12	1	0
S248B	5	8	2	9	1	4	0	3	0	1	0	2	1	4	0	1	1	7	0	5	3	4	3	3	1	2	5	0	0
A249A	3357139	3681014	4618627	3496335	4682773	6540082	3480685	4777461	4069042	2393204	3094062	3738746	1650197	1766803	1703719	1561523	1525002	1822627	1178864	1820456	2083243	1752162	1737174	1742222	1612551	2203863	2090467	1630176	1693073
A249R	1	0	0	1	0	0	0	0	0	0	0	0	0	0	0	0	0	0	0	0	0	0	0	0	0	0	0	0	0
A249N	1	3	8	7	1	1	2	2	0	0	0	3	0	1	0	0	2	0	0	2	2	0	2	0	0	2	2	0	0
A249D	4271	5156	6333	5303	1693	2686	961	2300	1453	1043	616	1481	413	2318	389	314	1737	2349	279	2068	2548	3072	426	2229	901	628	2943	1065	607
A249C	0	0	0	0	0	0	0	0	0	0	0	0	0	1	0	0	0	0	0	0	0	0	0	0	0	0	0	0	0
A249E	3	4	2	3	2	0	1	1	2	0	1	1	1	13	5	1	12	21	1	15	2	9	6	13	6	11	15	8	0
A249Q	0	0	0	0	0	0	0	0	0	0	0	0	0	0	0	0	0	0	0	0	0	0	0	0	0	0	0	0	0
A249G	1639	1615	1834	1524	506	740	263	546	751	426	143	760	84	647	116	114	609	706	84	654	871	323	145	677	317	234	1060	765	207
A249H	0	0	0	1	0	0	0	0	0	0	0	0	0	0	0	0	0	2	0	0	0	0	0	0	0	0	0	0	0
A249I	24	37	34	16	10	6	10	13	2	0	0	0	10	15	2	2	12	24	0	9	18	20	6	13	3	0	17	2	3
A249L	0	0	2	1	1	1	0	2	0	0	0	5	0	0	0	0	1	0	0	1	0	0	0	0	0	0	0	0	0
A249K	0	0	0	0	0	0	0	0	0	0	0	0	0	0	0	0	0	0	0	0	0	0	0	0	0	0	0	0	0
A249M	0	0	0	0	0	0	0	0	0	0	0	0	0	0	0	0	0	0	0	0	0	0	0	0	0	0	0	0	0
A249F	1	4	6	3	8	1	2	9	1	36	0	0	3	1	1	1	2	2	1	2	0	4	1	3	0	2	5	0	3
A249P	668	768	893	758	276	452	190	316	343	134	127	166	61	310	103	60	270	395	57	360	394	297	89	304	268	113	418	171	75
A249S	2981	3167	3913	2954	1563	2505	1057	2025	1024	711	1170	1318	432	1696	434	379	1197	1773	299	1474	1668	1834	436	1322	862	664	1947	705	570
A249T	9625	10875	13206	9873	5489	8036	2991	5467	4971	3060	2524	4029	1194	4666	1438	1303	4067	5086	975	4650	6069	3900	1361	4643	3067	1909	6293	3665	1910
A249W	0	0	0	0	0	0	0	0	0	0	0	0	0	0	0	0	0	0	0	0	0	0	0	0	0	0	0	0	0
A249Y	1	1	0	1	0	0	0	1	1	0	0	0	0	2	0	0	1	0	0	0	2	0	0	1	0	0	0	0	0
A249V	9781	10732	12876	10278	4289	6194	2486	4572	4376	3466	2593	4203	1022	4606	1233	1184	4014	4896	853	4637	6153	3928	1131	4695	3475	1493	6600	7078	1464
A249X	0	0	0	0	0	0	0	0	0	0	0	0	0	0	0	0	0	0	0	0	0	0	0	0	0	0	0	0	0
A249B	0	0	0	0	0	0	0	0	0	0	0	0	0	0	0	0	0	0	0	0	0	0	0	0	0	0	0	0	0
L250A	0	2	0	4	0	0	0	0	0	0	0	0	0	1	0	0	1	0	0	0	0	0	0	0	0	0	0	0	0
L250R	1120	1246	1487	1163	202	247	97	308	327	148	964	148	51	583	43	32	512	570	22	550	741	677	38	550	1405	41	733	1287	35
L250N	36	34	32	34	18	10	1	7	1	58	1	3	0	8	0	0	9	19	1	14	11	4	1	13	2	5	20	2	0
L250D	0	0	5	0	0	1	0	0	0	0	0	0	0	1	0	0	0	1	0	0	0	0	0	0	0	0	0	0	0
L250C	0	1	1	1	0	0	0	0	0	0	0	0	0	0	0	1	0	0	0	1	0	0	0	0	0	0	0	1	0
L250E	0	0	0	0	0	0	0	0	0	0	0	0	0	0	0	0	0	0	0	0	0	0	0	0	0	0	0	0	0
L250Q	2	4	6	10	0	0	2	2	0	0	3	2	0	24	3	0	14	21	3	22	7	26	1	17	17	2	10	97	0
L250G	0	0	0	0	0	0	0	0	1	0	0	0	0	0	1	0	0	0	0	0	0	0	0	0	0	0	0	0	0
L250H	14614	15954	18602	14641	3464	5120	2211	6152	4679	4042	5880	9470	1557	7037	969	1052	6031	7652	1381	6635	8035	12050	553	6836	4879	885	9594	6505	1531
L250I	3784	4396	5362	4281	2089	3333	1199	2168	1220	1366	908	1461	612	2039	587	548	1684	2195	479	2260	2510	1045	618	1955	1287	824	2457	910	759
L250L	3344949	3668402	4604182	3484889	4686771	6545662	3482688	4777459	4070007	2392781	3089563	3732478	1649810	1760627	1704564	1562113	1519471	1816194	1178695	1814385	2077198	1741225	1738563	1736519	1606949	2205965	2082782	1626375	1693941
L250K	0	0	0	0	0	0	0	0	0	0	0	0	0	0	0	0	0	0	0	0	0	0	0	0	0	1	0	0	0
L250M	0	0	0	0	0	1	0	0	0	0	0	0	0	0	0	0	0	0	0	0	0	0	0	0	0	0	0	0	0
L250F	5844	6299	7563	6212	1227	1828	687	1822	1627	1072	815	1465	288	2763	241	217	2334	2907	185	2692	3530	2353	306	2701	2164	342	3833	1650	506
L250P	15441	16648	19982	15438	2644	4254	1679	4634	3962	2571	3027	5537	1049	7837	988	870	6723	8158	619	7597	8674	8010	649	7330	4624	801	10107	6683	1094
L250S	12	19	20	16	1	9	1	3	1	0	3	1	0	2	0	1	9	3	0	7	8	11	1	9	2	2	13	5	1
L250T	15	36	23	20	4	11	2	10	0	0	0	71	0	8	0	0	7	6	0	5	13	35	1	16	1	1	11	1	1
L250W	0	0	0	0	0	0	0	0	0	0	0	0	0	0	0	0	0	0	0	0	0	0	0	0	0	0	0	0	0
L250Y	39	41	79	34	12	44	4	12	1	2	2	15	4	14	2	2	15	38	5	29	38	68	2	28	57	1	36	1	8
L250V	279	294	390	315	179	184	77	138	140	40	70	61	46	135	42	45	116	117	23	131	205	45	44	148	63	49	171	118	36
L250X	0	0	0	0	0	0	0	0	0	0	0	0	0	0	0	0	0	0	0	0	0	0	0	0	0	0	0	0	0
L250B	0	0	0	0	0	0	0	0	0	0	0	0	0	0	0	0	0	0	0	0	0	0	0	0	0	0	0	0	0
T251A	15532	16770	20352	16216	4336	6996	2725	5702	4691	3633	4018	4515	1383	7927	1185	1228	6700	8260	999	7455	9087	6566	997	7541	4579	1374	10248	9139	1740
T251R	0	0	0	0	1	0	0	0	0	0	0	0	0	0	0	0	0	0	0	1	0	41	0	0	0	0	0	0	0
T251N	748	916	971	855	234	412	136	327	1416	178	161	246	95	436	114	93	322	503	96	456	523	240	131	417	213	170	502	85	115
T251D	11	16	7	3	0	1	2	1	89	1	1	10	0	16	0	0	8	9	0	7	9	13	0	15	6	3	9	5	0
T251C	0	0	0	0	0	0	0	0	0	0	0	0	0	0	0	0	0	0	0	0	0	0	0	0	0	0	0	0	0
T251E	0	0	0	0	0	0	0	0	0	0	0	0	0	0	0	0	0	0	0	0	0	0	0	0	0	0	0	0	0
T251Q	0	0	0	0	0	0	0	0	0	0	0	0	0	0	0	0	0	0	0	0	0	0	0	0	0	0	0	0	0
T251G	0	1	0	1	1	0	1	0	0	0	0	0	0	0	0	0	0	1	0	1	1	5	0	0	1	0	1	0	0
T251H	0	0	0	0	0	0	0	0	0	0	0	0	0	0	0	0	0	0	0	0	0	0	0	0	0	0	0	0	0
T251I	8390	9159	11108	8554	34669	35983	24501	22487	28411	18755	53457	44481	21299	4184	10923	7122	3501	4274	19656	3835	4768	7095	1347	3971	4296	6186	5500	10481	13380
T251L	0	2	0	0	0	1	0	0	0	0	1	0	0	1	0	0	0	1	0	0	3	0	0	0	0	0	0	0	0
T251K	9	4	0	7	0	6	0	2	3	0	0	0	0	7	0	1	10	18	0	10	2	8	1	6	3	4	7	3	0
T251M	3	9	8	16	0	0	0	1	0	0	0	1	0	3	0	0	4	1	0	4	0	0	1	7	0	0	2	0	0
T251F	14	7	11	8	10	3	2	4	36	3	1	0	0	5	0	0	1	3	0	3	4	0	1	0	5	2	1	15	2
T251P	1144	1173	1439	1222	191	271	86	287	120	105	88	198	35	610	33	13	440	636	23	533	725	353	42	527	545	56	706	294	64
T251S	8509	8857	10953	8619	2715	3937	1605	3373	2474	2028	2156	2473	731	4214	710	652	3557	4381	527	3848	4902	45865	695	3937	3412	956	5358	4273	1044
T251T	3351759	3676446	4612869	3491537	4654450	6513088	3459585	4760524	4044678	2377373	3041345	3698780	1629868	1763670	1694474	1555769	1522375	1819783	1160110	1818163	2080938	1705361	1737558	1739694	1608358	2200167	2087428	1619340	1681567
T251W	0	0	0	0	0	0	0	0	0	0	0	0	0	0	0	0	0	0	0	0	0	0	0	0	0	0	0	0	0
T251Y	2	0	1	5	0	0	0	0	0	0	0	0	0	1	0	0	0	0	0	2	0	2	0	0	2	0	0	0	0
T251V	14	16	15	15	4	6	5	7	48	4	8	8	6	5	1	3	8	11	2	10	8	0	4	7	30	1	5	0	0
T251X	0	0	0	0	0	0	0	0	0	0	0	0	0	0	0	0	0	0	0	0	0	0	0	0	0	0	0	0	0
T251B	0	0	0	0	0	0	0	0	0	0	0	0	0	0	0	0	0	0	0	0	0	0	0	0	0	0	0	0	0
N252A	0	1	3	0	0	0	0	0	0	0	0	0	0	1	0	0	1	0	0	0	0	0	0	2	0	0	0	0	0
N252R	8	16	16	18	2	1	1	5	1	1	1	4	1	17	1	1	8	17	0	14	6	7	4	12	16	7	7	2	2
N252N	3327521	3649248	4582102	3466413	4674962	6528578	3477081	4768250	4059669	2384442	3088991	3731069	1648145	1751850	1701743	1559909	1512541	1807004	1177704	1805937	2065145	1739396	1735875	1727637	1603378	2202146	2070830	1622613	1690177
N252D	15980	17076	20399	16596	7536	11127	4018	7669	7867	5294	3386	6383	1697	7569	1852	1589	6426	7954	1128	7435	10136	5313	1527	7652	4212	2251	10486	6303	2501
N252C	27	17	35	16	8	6	3	4	0	0	2	0	0	14	3	1	10	10	3	13	23	2	4	12	11	0	8	0	0
N252E	1	0	0	1	3	0	0	3	1	0	1	1	0	2	0	0	1	7	0	4	1	1	1	1	1	3	4	3	0
N252Q	0	1	0	0	0	0	0	0	0	0	0	0	0	0	0	0	0	1	0	0	0	1	0	0	0	0	0	0	0
N252G	49	41	65	29	7	15	9	22	13	7	3	0	3	34	4	6	29	39	6	20	36	1	9	28	2	2	32	55	2
N252H	1633	1730	2093	1646	458	610	296	604	681	248	292	430	107	827	96	93	614	919	109	767	914	522	113	751	274	126	1032	282	148
N252I	10303	11806	13090	10434	1936	3048	1045	2642	1476	2678	752	1990	473	5255	512	395	4335	5569	257	5030	6142	8012	413	4886	1895	556	6974	2913	776
N252L	0	0	4	3	0	0	0	0	0	0	0	0	0	0	0	0	0	0	0	0	1	0	0	0	0	0	1	0	0
N252K	2022	2245	2560	2062	766	1257	482	1283	1544	725	904	1300	395	1172	325	384	915	1295	295	1089	928	722	227	954	556	329	1492	1245	318
N252M	0	0	0	0	0	0	0	0	0	0	0	0	0	0	0	0	0	0	0	0	0	0	0	0	0	0	0	0	0
N252F	15	22	25	16	3	3	3	4	0	0	0	0	0	6	0	0	8	7	0	10	4	29	0	11	5	1	10	0	0
N252P	2	8	2	2	0	1	0	0	0	0	0	0	0	3	0	0	0	0	0	0	0	0	0	0	1	0	0	0	0
N252S	16236	17482	21308	16816	7662	11288	4067	7774	7235	5263	5166	5870	1737	7866	2001	1736	6708	8474	1333	7855	10335	6427	1893	8027	6905	2544	10815	5212	2748
N252T	1302	1456	1686	1288	568	1053	291	578	665	588	334	246	144	693	173	93	541	658	108	638	743	863	127	663	255	178	894	296	249
N252W	0	0	0	0	0	0	0	0	0	0	0	0	0	0	0	0	0	0	0	0	0	0	0	0	0	0	0	0	0
N252Y	11014	12183	14312	11677	2698	3712	1352	3871	2814	2834	1404	3419	715	5757	729	674	4774	5911	470	5501	6528	4253	579	5470	3938	771	7173	4710	991
N252V	20	37	33	36	2	5	0	6	0	0	0	0	0	12	1	0	15	16	0	15	25	0	4	15	0	5	8	1	0
N252X	1	1	1	2	0	0	0	0	0	0	0	0	0	0	0	0	0	0	0	0	2	0	1	1	1	0	0	0	0
N252B	1	6	0	3	0	0	0	0	0	0	0	0	0	1	0	0	0	0	0	0	1	0	0	0	0	0	1	0	0
I253A	22	44	44	36	3	8	1	13	0	0	1	15	1	6	0	2	20	14	1	13	16	11	3	21	0	8	16	0	0
I253R	3	0	1	0	0	0	0	0	0	0	0	0	0	0	0	0	0	2	0	2	1	0	0	0	0	0	0	0	0
I253N	5040	5644	6937	5333	1791	2869	1017	2147	1960	1710	1199	1454	508	2562	583	563	2271	2758	316	2411	3072	2002	466	2511	1415	643	3325	1964	720
I253D	6	3	2	5	0	0	0	1	0	0	0	0	0	1	0	0	2	2	0	0	7	0	0	2	0	0	1	0	0
I253C	0	2	1	0	0	0	0	0	0	0	0	0	0	0	0	0	0	0	0	0	0	0	0	0	0	0	1	0	0
I253E	0	0	0	0	0	0	0	0	0	0	0	0	0	0	0	0	0	0	0	0	0	0	0	0	0	0	0	0	0
I253Q	0	0	0	0	0	0	0	0	0	0	0	0	0	0	0	0	0	0	0	0	0	0	0	0	0	0	0	0	0
I253G	3	3	1	4	0	0	0	6	0	0	0	0	0	2	0	1	0	1	0	0	1	0	0	1	0	0	2	0	0
I253H	3	5	3	3	0	4	0	0	0	0	0	0	0	0	1	0	1	3	0	0	2	0	0	1	0	0	0	0	0
I253I	3352532	3676562	4613718	3492394	4684239	6542723	3481072	4777319	4069584	2391908	3091535	3737360	1649441	1764162	1703673	1561033	1522637	1820073	1178915	1818452	2081034	1750477	1737366	1739753	1611223	2204334	2086967	1626823	1693308
I253L	888	947	1131	896	388	832	174	481	360	217	184	482	106	481	102	72	369	447	80	416	454	632	92	403	146	138	562	221	175
I253K	4	1	3	4	1	1	0	0	0	0	0	0	0	0	0	0	1	2	0	1	3	0	0	1	0	0	2	0	0
I253M	593	675	845	641	234	305	109	240	52	185	140	83	37	279	61	41	226	292	46	266	455	147	56	265	150	83	395	273	89
I253F	5267	5712	6800	5347	1651	2126	811	1957	1196	1479	1206	1425	417	2567	360	302	2124	2776	226	2441	3188	3134	406	2572	2409	463	3617	1747	538
I253P	2	7	1	0	1	0	1	0	0	0	0	0	0	1	0	0	0	1	0	2	2	0	0	2	0	0	0	0	0
I253S	1017	1181	1400	1129	335	508	216	536	353	192	199	319	88	528	71	76	403	536	58	470	583	553	83	467	177	93	737	74	145
I253T	11972	13056	15409	12222	4535	6496	3033	5501	5174	3342	3611	4796	1590	6150	1536	1699	5223	6393	973	5801	6884	4894	1326	5892	3643	1846	8129	7208	1762
I253W	0	0	0	0	0	0	0	0	0	0	0	0	0	0	0	0	0	0	0	0	0	0	0	0	0	0	0	0	0
I253Y	7	10	11	2	21	18	8	8	0	11	0	0	0	5	2	1	5	4	2	10	1	0	0	3	1	0	4	0	0
I253V	8776	9524	11427	9042	3412	4814	2206	4506	3287	3036	3161	4778	1229	4335	1051	1091	3644	4577	796	4043	5267	3699	979	4228	2286	1311	6009	5325	1175
I253X	0	0	0	0	0	0	0	0	0	0	0	0	0	0	0	0	0	0	0	0	0	0	0	0	0	0	0	0	0
I253B	0	0	0	0	0	0	0	0	0	0	0	0	0	0	0	0	0	0	0	0	0	0	0	0	0	0	0	0	0
L254A	5	8	8	3	4	0	1	1	1	0	0	0	0	1	0	0	1	3	0	0	0	0	0	0	0	0	5	0	0
L254R	2545	2967	3599	2498	318	568	135	589	456	348	204	544	83	1423	80	49	1268	1424	53	1401	1487	586	80	1350	831	104	1758	1628	115
L254N	0	0	0	0	0	0	0	0	0	0	0	0	0	0	0	0	0	0	0	0	0	0	0	0	0	0	0	0	0
L254D	0	0	0	0	0	0	0	0	0	0	0	0	0	0	0	0	0	0	0	0	0	0	0	0	0	0	0	0	0
L254C	0	0	0	0	0	0	0	0	0	0	0	0	0	0	0	0	0	0	0	0	0	0	0	0	0	0	0	0	0
L254E	0	1	0	1	0	0	0	0	0	0	0	0	0	0	0	0	1	0	0	0	1	0	0	1	0	0	0	0	0
L254Q	12756	13799	16511	13185	1894	2965	1004	2944	2008	1575	1472	2789	441	6679	425	340	5390	6541	328	6456	7579	4181	460	6047	2885	558	8242	5794	692
L254G	0	0	0	0	0	0	0	0	0	0	0	0	0	0	0	0	0	0	0	2	0	0	0	0	0	0	0	0	0
L254H	3	7	11	14	0	0	0	0	1	1	0	1	0	3	0	0	2	10	0	5	3	4	0	5	2	0	11	0	1
L254I	0	1	1	1	1	1	0	3	0	0	0	0	4	2	0	0	1	0	1	0	0	0	0	0	0	2	1	0	0
L254L	3351044	3675317	4612019	3491202	4687244	6544374	3481038	4780328	4073861	2395838	3094621	3739647	1651067	1763018	1704207	1563001	1522131	1819607	1179271	1816731	2080102	1749829	1738601	1739486	1610711	2206198	2087117	1623729	1694822
L254K	14	42	12	15	1	3	1	11	1	0	0	0	1	12	0	0	7	10	1	15	7	2	1	3	0	0	5	0	1
L254M	3288	3418	4413	3237	1615	2602	877	1705	1291	776	709	1106	364	1765	461	437	1427	1931	331	1766	1899	1511	443	1666	912	574	2097	1754	539
L254F	0	1	0	2	0	2	0	0	0	0	1	2	0	0	0	0	0	0	0	0	1	0	0	0	0	0	0	1	0
L254P	16022	17297	20547	16393	5328	9881	5360	6875	4210	3445	4160	6495	1417	7948	2216	1009	6499	8134	1407	7740	9579	9321	1128	7308	5908	1350	10219	10582	1683
L254S	9	10	14	18	9	7	0	4	0	0	2	0	0	2	0	4	6	7	0	4	8	8	2	6	2	0	6	0	1
L254T	16	18	18	18	1	8	1	6	1	17	0	0	0	5	1	2	6	9	0	1	8	1	1	11	0	0	9	0	0
L254W	3	2	4	6	0	0	0	0	0	0	1	0	0	0	0	0	0	1	0	1	2	0	0	0	0	1	2	2	0
L254Y	0	0	0	0	0	0	0	0	0	0	0	0	0	0	0	0	0	0	0	0	0	0	0	0	0	0	0	0	0
L254V	421	476	566	455	195	293	231	247	136	80	66	126	39	216	50	39	184	197	21	202	289	105	58	237	198	132	293	120	58
L254X	0	0	0	1	0	0	0	0	0	0	0	0	0	0	0	0	0	0	0	0	0	0	0	0	0	0	0	0	0
L254B	9	12	11	9	1	0	0	2	0	0	0	2	1	5	0	0	3	7	0	4	5	1	3	2	1	0	2	25	0
S255A	1	0	0	0	0	0	0	0	0	0	0	0	0	0	0	0	0	0	0	0	0	0	0	0	0	0	1	0	0
S255R	8575	9400	11187	8761	1669	2586	827	2274	2516	1101	1770	2342	388	4291	453	379	3544	4487	311	4113	5042	6300	426	4097	2182	497	5554	3226	656
S255N	3919	4264	5049	3963	1519	2404	905	1785	1394	1029	621	1238	417	1896	444	314	1715	2044	226	1869	2482	2037	433	1884	965	562	2543	1229	495
S255D	3	10	24	13	2	4	1	0	13	0	0	4	0	4	2	0	3	8	0	1	14	12	0	6	13	3	10	0	6
S255C	10487	11346	13697	10640	2378	3419	1120	3317	2979	2891	1947	2465	632	4929	601	579	4235	5290	444	4992	5757	4479	519	4964	2911	674	6577	6609	841
S255E	0	0	0	0	0	0	0	0	0	0	0	0	0	0	0	0	0	0	0	0	0	0	0	0	0	0	0	0	0
S255Q	0	0	0	0	0	0	0	0	0	0	0	0	0	0	0	0	0	0	0	0	0	0	0	0	0	0	0	0	0
S255G	11508	12171	15105	12107	2914	4221	1568	3766	3685	2290	2553	3436	800	5857	750	711	4825	6085	576	5513	7264	4065	714	5940	2847	974	7728	4204	1180
S255H	4	11	2	2	0	4	0	2	0	0	0	0	0	6	0	0	3	2	0	1	6	0	0	4	0	0	5	0	0
S255I	1874	2306	2657	2047	347	503	193	620	537	400	299	626	146	1104	120	104	930	1221	73	1152	1302	581	180	1058	583	235	1339	578	114
S255L	1	1	1	0	0	0	0	0	0	0	0	0	0	3	0	0	1	1	0	0	0	0	0	0	1	0	0	0	0
S255K	4	4	5	3	0	0	0	0	0	0	0	1	0	0	0	1	0	1	0	0	0	0	1	1	0	0	0	0	0
S255M	0	0	0	0	0	0	0	0	0	0	0	0	0	0	0	0	0	0	0	0	0	0	0	0	0	0	0	0	0
S255F	4	7	4	2	2	0	0	0	0	1	0	0	0	8	0	0	2	8	0	1	9	4	1	5	2	1	6	3	0
S255P	0	0	0	0	0	0	0	0	0	0	0	0	0	0	0	0	0	0	0	0	0	0	0	0	0	0	0	0	0
S255S	3349552	3673607	4609718	3489320	4687688	6547459	3483996	4780891	4070700	2394279	3093990	3740536	1651018	1762862	1705057	1562773	1521567	1818625	1179773	1816576	2078981	1748011	1738481	1738057	1611885	2205957	2085866	1627749	1694589
S255T	153	172	190	144	87	84	32	53	141	78	56	55	13	90	11	18	64	71	10	67	67	41	18	74	38	15	98	37	27
S255W	8	0	2	2	0	0	0	0	0	0	0	0	0	2	1	0	3	0	0	0	1	0	0	0	0	0	2	0	0
S255Y	12	7	21	15	1	6	1	1	0	0	0	5	0	3	0	0	8	6	0	6	4	0	0	11	23	1	7	0	0
S255V	9	7	22	13	4	2	0	3	1	0	0	4	2	3	0	0	8	4	0	4	5	13	0	5	0	0	9	0	0
S255X	21	63	50	26	0	12	5	3	0	11	0	0	1	21	1	2	18	28	0	33	36	6	4	16	0	0	22	0	4
S255B	0	0	0	0	0	0	0	0	0	0	0	0	0	0	0	0	0	0	0	0	0	0	0	0	0	0	0	0	0
A256A	3361082	3685635	4624652	3501731	4682321	6541008	3479192	4778948	4070604	2393378	3092396	3736501	1649459	1768332	1703500	1561772	1526263	1824741	1178477	1822497	2086583	1753488	1737436	1744417	1611845	2204130	2093364	1633285	1692668
A256R	0	0	0	0	0	0	0	0	1	0	0	0	0	0	0	0	0	0	0	0	0	0	0	0	0	0	0	0	0
A256N	0	3	1	0	0	0	0	0	0	0	0	0	0	0	0	0	0	0	0	1	1	0	1	0	1	1	1	0	0
A256D	2147	2398	2904	2226	1032	1363	541	1032	1029	500	367	883	248	1188	269	213	968	1267	171	1113	1270	840	296	1091	470	442	1368	992	380
A256C	0	0	0	0	0	0	0	0	0	0	0	0	0	0	0	0	0	0	0	0	0	0	0	0	0	0	0	0	0
A256E	1	2	1	1	0	3	0	0	0	0	1	1	0	8	0	0	3	7	0	6	0	1	1	5	2	2	4	2	2
A256Q	0	0	0	0	0	0	0	0	0	0	0	0	0	0	0	0	0	0	0	0	0	0	0	0	0	0	0	0	0
A256G	1076	1184	1394	1119	318	441	257	421	192	293	216	287	77	548	98	90	451	493	78	505	609	588	96	507	171	139	687	229	138
A256H	1	0	0	0	0	0	0	3	0	0	0	0	0	0	0	0	0	0	0	0	1	0	0	0	0	0	0	0	0
A256I	18	16	26	12	14	4	1	6	0	0	9	3	8	2	1	0	4	6	1	13	17	0	0	16	2	3	8	11	1
A256L	1	2	0	0	0	0	0	0	1	0	0	0	0	1	0	1	1	0	0	0	0	0	0	0	0	0	2	0	0
A256K	0	0	0	0	0	0	0	0	0	0	0	0	0	0	0	0	0	0	0	0	0	0	0	0	0	0	0	0	0
A256M	0	0	0	0	0	0	0	0	0	0	0	0	0	0	0	0	0	0	0	0	0	0	0	0	0	0	0	0	0
A256F	0	2	3	2	0	2	0	1	0	0	0	0	0	1	1	0	2	3	0	3	0	1	0	1	1	1	0	0	0
A256P	319	310	435	323	202	294	163	279	133	141	203	227	68	173	97	139	132	166	62	168	227	149	81	159	179	114	212	153	82
A256S	1185	1281	1656	1331	613	930	511	820	754	297	276	541	180	778	245	170	558	840	124	727	623	1100	270	652	412	345	823	457	226
A256T	8132	8991	10719	8035	4974	7101	3456	4743	4564	2871	2724	4581	1510	4136	1574	1289	3434	4107	1250	3784	4440	2489	1259	3757	3879	1734	5342	3298	1797
A256W	0	0	0	0	0	0	0	0	0	0	0	0	0	0	0	0	0	0	0	0	0	0	0	0	0	0	0	0	0
A256Y	0	0	2	0	0	0	0	0	0	0	0	0	0	0	0	0	0	0	0	0	0	0	0	0	0	0	0	1	0
A256V	12173	13552	15941	12278	7137	9558	4527	6462	4688	4600	5044	7688	1867	5912	1655	1207	5110	6251	1250	5511	7199	6893	1337	5517	4488	2008	7956	5207	2618
A256X	0	0	0	0	0	0	0	0	0	0	0	0	0	0	0	0	0	0	0	0	0	0	0	0	0	0	0	0	0
A256B	0	0	0	0	0	0	0	0	0	0	0	0	0	0	0	0	0	0	0	0	0	0	0	0	0	0	0	0	0
Q257A	0	0	0	1	0	0	0	0	0	0	0	0	0	0	0	0	0	0	0	0	1	0	0	0	0	0	0	0	0
Q257R	16365	17701	21556	16846	7025	9869	4604	7439	9568	4121	7096	11459	1814	8040	2160	2145	6430	8280	1524	7286	9727	5653	1997	7556	8988	2564	10276	6793	2470
Q257N	4	2	4	1	0	0	0	1	1	0	3	0	0	2	0	0	1	3	0	2	1	0	0	0	0	0	3	1	0
Q257D	0	0	0	0	0	0	0	0	0	0	0	0	0	0	0	0	0	0	0	0	0	0	0	0	0	0	0	0	0
Q257C	0	0	0	0	0	0	0	0	0	0	0	0	0	0	0	0	0	0	0	0	0	0	0	0	0	0	0	0	0
Q257E	689	749	859	690	314	448	138	285	206	156	103	111	80	292	60	65	278	298	48	343	385	159	109	295	295	121	428	105	113
Q257Q	3335471	3657595	4590428	3474116	4675912	6532116	3476111	4769095	4058196	2386993	3082428	3722959	1647254	1755565	1701810	1559274	1515376	1810975	1176750	1808805	2067890	1741994	1735330	1732266	1599983	2202354	2076869	1620529	1690392
Q257G	2	1	8	5	0	0	0	6	0	0	8	0	0	1	0	0	0	2	0	1	2	0	0	1	2	2	1	0	1
Q257H	6160	6641	7988	6303	2420	3273	1558	3027	2753	1773	1841	2851	708	3246	702	786	2770	3696	628	3129	3362	2652	629	2801	3571	897	4000	2833	894
Q257I	0	0	0	0	0	0	0	0	0	0	0	0	0	0	0	0	0	0	0	0	0	0	0	0	0	0	0	0	0
Q257L	10782	12045	14623	11340	2180	3042	1180	2835	2039	2202	2083	2825	526	5510	553	481	4684	5961	401	5354	6272	5505	487	5336	4275	636	7077	4608	769
Q257K	2002	2477	3215	2458	931	1284	586	1007	662	661	551	593	246	1180	262	287	1087	1444	211	1629	1507	688	320	1079	790	409	1315	897	274
Q257M	2	2	13	16	1	13	4	1	0	0	11	17	0	1	3	1	4	6	0	1	7	1	0	2	2	0	4	1	3
Q257F	0	0	0	0	0	0	0	0	0	0	0	0	0	0	0	0	0	0	0	0	0	0	0	0	0	0	0	0	0
Q257P	1427	1612	1942	1442	696	846	303	744	343	611	280	661	172	677	106	149	561	694	93	661	830	1238	127	679	515	168	955	1637	180
Q257S	0	2	2	0	0	0	0	2	0	0	1	0	0	1	0	0	0	0	0	1	1	0	0	0	0	0	0	0	0
Q257T	3	16	8	3	0	5	0	0	0	1	0	0	0	1	0	0	2	2	0	0	0	0	0	1	0	0	1	0	0
Q257W	29	28	40	34	2	16	3	8	0	2	2	1	3	6	1	2	11	18	1	8	36	9	3	11	1	1	19	21	4
Q257Y	6	1	4	1	2	8	1	0	0	0	0	1	1	1	0	0	1	5	0	7	6	0	3	1	0	0	1	4	0
Q257V	14	3	0	1	0	0	0	1	0	0	1	0	0	1	0	0	0	0	0	0	1	0	0	1	0	0	3	0	1
Q257X	21	11	27	27	0	0	1	0	0	0	0	2	4	11	1	2	7	7	0	10	17	1	3	6	1	0	16	0	0
Q257B	13158	14490	17017	13774	7128	9784	4159	8264	8198	5560	6828	9232	2609	6544	1782	1689	5714	6490	1757	7091	10925	7649	1769	6087	3027	1767	8799	6206	2811
L258A	0	0	0	3	0	0	0	0	0	0	0	0	0	1	0	0	0	0	0	0	0	0	0	1	0	1	0	1	0
L258R	1038	1002	1271	1038	207	389	97	303	52	414	262	240	23	522	51	55	398	493	37	417	523	220	40	445	288	70	607	452	86
L258N	4	1	8	6	1	0	0	0	0	0	0	0	0	13	1	0	3	14	1	9	1	6	1	7	3	0	1	0	0
L258D	2	3	2	1	0	0	0	0	0	0	0	0	0	1	0	0	0	2	0	0	0	0	0	1	0	0	0	0	0
L258C	2	1	4	1	0	0	0	0	0	0	0	0	0	4	0	0	1	1	0	0	1	0	0	0	0	0	4	0	0
L258E	0	0	0	0	0	0	0	0	0	0	0	0	0	0	0	0	0	0	0	0	0	0	0	0	0	0	0	0	0
L258Q	20	4	6	7	5	1	1	2	1	1	1	5	1	23	0	2	9	30	1	23	13	21	3	19	9	1	7	6	0
L258G	0	0	0	0	0	0	0	0	0	0	0	0	0	0	0	0	0	0	0	0	0	0	0	1	0	0	0	0	0
L258H	11809	12865	14659	11381	2725	4043	1388	3516	2443	2253	1070	4236	624	5779	614	608	4871	6052	426	5274	6401	3704	516	5206	3086	759	7656	4274	1070
L258I	2232	2272	2763	2211	778	1121	432	867	764	326	251	679	160	1245	251	208	938	1222	170	1139	1335	1070	276	1111	2034	327	1384	1129	315
L258L	3348164	3672160	4609536	3489346	4688183	6548176	3483995	4780546	4073036	2394631	3095220	3736915	1650930	1762080	1705246	1562841	1520772	1818035	1179699	1816335	2079089	1749445	1738872	1738455	1607230	2206327	2085021	1623246	1694521
L258K	0	0	0	0	0	0	0	0	0	0	0	0	0	0	0	0	0	0	0	0	0	0	0	0	0	0	0	0	0
L258M	0	0	0	0	0	0	0	0	0	0	0	0	0	0	0	0	0	0	0	0	0	0	0	0	0	0	0	0	0
L258F	7763	8816	10194	8157	1629	2642	959	2702	1579	1111	1189	2606	485	3947	424	399	3361	4089	287	3844	4751	3258	360	3885	2944	524	5377	3768	722
L258P	13968	15209	18016	13806	2639	3769	1507	4167	3491	2991	2819	5200	964	6949	771	661	6074	7372	663	6778	8345	7461	663	6516	5632	811	8973	10288	1049
L258S	60	38	31	34	0	13	3	10	1	13	1	2	0	10	0	1	17	14	0	13	12	12	0	17	0	0	23	1	2
L258T	3	6	5	6	0	0	0	0	1	0	0	0	0	4	0	1	7	4	0	6	4	1	0	1	1	1	8	0	0
L258W	0	0	0	0	0	0	0	0	0	0	0	0	0	0	0	0	0	0	0	0	0	0	0	0	0	0	0	0	0
L258Y	5	10	15	13	0	1	0	1	0	0	10	1	1	4	0	0	4	5	0	9	7	1	1	8	6	0	5	25	0
L258V	1065	989	1224	1048	444	549	266	601	598	340	413	828	229	497	82	105	471	548	129	481	488	350	45	449	217	98	701	445	147
L258X	0	0	0	0	0	0	0	0	0	0	0	0	0	0	0	0	0	0	0	0	0	0	0	0	0	0	0	0	0
L258B	0	0	0	0	0	0	0	0	0	0	0	0	0	0	0	0	0	0	0	0	0	0	0	0	0	0	0	0	0
I259A	425	593	486	424	94	91	25	154	100	84	23	89	16	221	16	8	173	259	8	178	88	5	5	160	21	12	319	104	30
I259R	0	0	0	2	1	0	0	0	0	0	0	0	0	3	0	0	2	1	0	0	2	1	0	2	1	0	2	0	0
I259N	9763	10753	12499	9714	1538	2518	941	3009	3013	1386	1591	3901	714	4811	448	448	4199	5016	491	4601	5920	4108	354	4525	2828	480	6250	6805	769
I259D	35	29	39	54	9	9	1	16	0	0	0	4	0	18	2	1	12	18	1	18	26	0	1	20	5	0	32	1	0
I259C	6	2	2	1	0	0	0	0	0	0	0	0	0	2	0	0	0	2	0	0	1	0	0	1	0	0	2	0	0
I259E	0	0	0	0	0	0	0	0	0	0	0	0	0	0	0	0	0	0	0	0	0	0	0	0	0	0	0	0	0
I259Q	0	0	0	0	0	0	0	0	0	0	0	0	0	0	0	0	0	0	0	0	0	0	0	0	0	0	0	0	0
I259G	5	11	11	10	2	2	0	3	0	0	0	0	0	6	0	0	5	5	0	9	3	0	0	5	0	0	5	0	0
I259H	10	7	20	8	0	1	1	2	0	0	0	0	0	1	1	0	4	1	0	1	5	0	0	4	0	0	5	0	0
I259I	3334576	3656510	4590028	3473767	4682953	6540236	3480891	4772421	4064787	2391350	3091083	3732764	1649166	1755294	1703401	1561200	1515705	1810922	1178708	1810840	2072857	1747783	1737088	1732065	1606450	2204240	2076428	1621316	1692691
I259L	935	1053	1304	1045	340	536	145	426	455	214	364	263	91	472	121	145	443	496	44	490	562	209	90	438	175	117	642	443	114
I259K	1	8	10	4	0	0	0	1	1	0	0	2	0	18	0	0	6	19	0	13	3	12	1	6	6	1	4	15	0
I259M	480	511	556	436	113	152	71	126	25	65	373	137	32	240	28	32	214	250	12	190	265	86	28	198	119	36	303	181	45
I259F	10678	11998	15238	13166	2733	4154	1709	5440	2578	2033	1441	3561	844	5813	588	531	4082	5817	525	4778	4983	2476	438	5124	2661	788	6933	2749	1075
I259P	1	4	2	3	0	0	0	0	0	0	0	0	0	2	0	0	2	1	0	1	1	0	0	1	0	0	2	0	0
I259S	1454	1740	1953	1515	243	331	98	387	386	264	127	290	55	742	49	56	670	815	24	611	900	229	66	641	77	47	1000	567	92
I259T	12682	13653	16271	12707	2723	3794	1352	3988	3588	2253	2724	3875	931	6410	679	679	5262	6530	525	6084	7208	4425	588	6045	4163	729	8129	7247	963
I259W	0	0	0	0	0	0	0	0	0	0	0	0	0	0	0	0	0	0	0	0	0	0	0	0	0	0	0	0	0
I259Y	10	12	19	15	0	3	0	7	0	0	0	6	0	7	3	0	12	5	0	4	7	0	0	6	0	0	4	0	0
I259V	15074	16492	19296	14187	5862	8877	3414	6735	7033	4431	3510	5820	1568	7019	2104	1781	6135	7724	1075	6510	8139	6215	2118	6881	4944	2469	9707	4207	2133
I259X	0	0	0	0	0	0	0	0	0	0	0	0	0	0	0	0	0	0	0	0	0	0	0	0	0	0	0	0	0
I259B	0	0	0	0	0	0	0	0	0	0	0	0	0	0	0	0	0	0	0	0	0	0	0	0	0	0	0	0	0
S260A	0	0	3	3	0	0	1	1	0	3	0	0	0	1	0	0	1	1	0	0	2	0	0	0	0	0	0	0	0
S260R	6848	7723	9205	7120	2408	3696	1296	2925	1888	1458	1976	2859	649	3440	678	554	2957	3696	500	3476	4004	2691	629	3322	1575	912	4644	1684	923
S260N	15535	17190	21117	17879	5527	8544	3699	8663	5410	4419	3527	5266	1526	7932	1451	1467	5952	8303	1038	7083	7799	4421	1412	7209	3944	1882	9987	4417	2151
S260D	43	72	51	58	18	23	10	29	13	4	12	8	7	25	7	11	24	18	5	16	34	22	4	20	15	5	23	6	6
S260C	13241	14445	17210	13542	4623	6468	2226	5204	4748	3314	2537	4278	1380	6837	1110	994	5885	7058	867	6537	7477	8767	1020	6050	4631	1261	8626	7330	1441
S260E	0	0	0	0	0	0	0	0	0	0	0	0	0	0	0	0	0	0	0	0	0	0	0	0	0	0	0	0	0
S260Q	0	0	0	0	0	0	0	0	0	0	0	0	0	0	0	0	0	0	0	0	0	0	0	0	0	0	0	0	0
S260G	18789	20575	23890	18983	8793	13672	5210	10233	10256	5918	7244	9237	2825	9373	3058	2698	7988	9461	2075	8981	10806	9822	2619	8861	6865	3285	11915	9564	3702
S260H	5	3	12	5	5	8	5	1	0	0	0	0	1	2	0	1	1	3	0	1	12	1	2	5	0	0	9	0	3
S260I	3391	3747	4652	3313	772	1203	597	1243	1020	566	733	1204	254	2009	281	218	1629	2189	175	1941	1813	2023	338	1768	1225	425	2220	1810	268
S260L	0	0	1	1	0	0	0	1	1	0	0	0	0	8	0	0	2	5	0	0	1	2	0	5	7	2	4	0	0
S260K	0	8	9	6	0	1	1	1	0	0	1	1	0	1	1	0	4	1	0	2	2	0	0	6	1	2	3	0	0
S260M	0	0	0	2	0	0	0	0	0	0	2	0	0	0	0	0	0	0	0	0	0	0	0	0	0	0	1	0	0
S260F	3	6	5	1	0	2	0	0	0	0	0	1	0	8	0	1	6	6	0	4	1	4	0	1	2	0	5	3	0
S260P	0	0	0	0	0	0	0	0	0	0	0	0	0	0	0	0	0	0	0	0	0	0	0	0	0	0	0	0	0
S260S	3327798	3649081	4580932	3465661	4674165	6526756	3475462	4764081	4058186	2386320	3084935	3727504	1646708	1751168	1700779	1558833	1512242	1806864	1176693	1806045	2068732	1737491	1734665	1728589	1602650	2201027	2071998	1618235	1689346
S260T	417	439	566	443	296	319	138	319	441	71	267	350	66	241	75	99	204	250	60	215	236	288	86	260	534	112	277	568	68
S260W	3	2	4	1	0	5	1	1	0	0	0	0	0	2	0	2	4	0	0	2	2	5	0	2	0	0	4	0	0
S260Y	33	47	35	23	2	2	2	6	3	1	1	3	1	19	0	2	12	13	0	13	23	11	1	11	0	1	29	17	4
S260V	9	11	11	2	2	3	0	2	0	6	1	1	0	4	0	1	3	3	0	3	1	1	1	2	1	1	3	0	0
S260X	20	27	31	15	0	2	0	5	0	0	0	0	0	9	0	0	12	10	0	9	25	0	0	11	0	4	19	1	0
S260B	0	0	0	0	0	0	0	0	0	0	0	0	0	0	0	0	0	0	0	0	0	0	0	0	0	0	0	0	0
H261A	0	0	0	0	0	0	0	0	0	0	0	0	0	0	0	0	0	0	0	1	0	0	0	0	0	0	0	0	0
H261R	14076	15569	18309	14439	7152	10586	4335	8196	6883	4865	6301	8587	2116	7101	1941	2004	5947	7147	1343	6767	8336	5678	1731	6396	4817	2379	9171	7284	2589
H261N	7502	8198	9639	7595	5163	7429	3097	5582	5491	4891	3738	8589	1848	3661	1393	1158	3057	4044	1143	3549	3919	5669	858	3368	3203	1554	4863	5182	1919
H261D	829	851	1020	940	509	716	265	531	507	335	318	412	145	386	127	135	355	391	123	391	509	428	130	399	400	160	501	1321	239
H261C	21	25	21	28	6	5	6	5	0	0	1	1	0	2	0	0	6	1	0	3	14	3	0	7	7	2	5	5	2
H261E	0	0	0	0	0	6	0	0	0	0	0	0	0	0	0	0	0	0	0	0	0	0	1	0	0	0	0	1	0
H261Q	3077	3693	4077	3087	1851	2479	868	1820	1746	986	790	1117	332	1711	447	416	1357	1724	320	1575	1796	5536	501	1573	650	678	2061	799	598
H261G	0	2	2	1	0	0	0	0	0	0	0	1	0	1	0	0	0	0	0	0	0	2	0	0	1	0	1	0	0
H261H	3336641	3658761	4593056	3476629	4671628	6524184	3474248	4765471	4057612	2384019	3082113	3720418	1646201	1756518	1700570	1558422	1516252	1811872	1176457	1810733	2072863	1735805	1734951	1733040	1602580	2200689	2077443	1619096	1689060
H261I	39	59	45	34	10	21	0	4	1	0	1	13	3	18	1	2	8	26	2	25	31	1	4	20	5	3	17	5	1
H261L	14739	16134	19345	14682	6111	9143	3671	6967	6973	3919	6065	7634	1833	7293	1960	1939	6114	7904	1322	6818	7935	5307	1718	6912	5627	2224	9663	7239	2100
H261K	6	22	21	5	0	1	0	1	0	0	2	0	0	7	0	0	0	9	4	1	3	9	1	5	1	2	4	2	1
H261M	0	0	0	0	0	0	0	0	0	0	0	0	0	0	0	0	0	0	0	0	0	0	0	0	0	0	0	0	0
H261F	14	3	18	10	4	3	0	3	0	0	0	0	0	3	1	0	5	10	0	4	6	0	0	5	0	0	3	0	0
H261P	1959	2200	2563	1982	280	410	127	461	94	322	201	592	52	996	73	60	836	988	66	975	1063	346	69	968	384	67	1318	686	108
H261S	26	48	35	36	7	22	4	21	0	0	1	6	0	27	7	5	17	26	3	17	28	37	1	20	7	16	22	6	9
H261T	2	2	2	3	0	4	2	5	0	0	0	0	0	2	1	0	4	4	0	1	3	0	1	2	0	0	1	0	0
H261W	0	0	0	0	0	0	0	0	0	0	0	0	0	0	0	0	0	0	0	0	0	0	0	0	0	0	0	0	0
H261Y	7200	7807	9572	7580	3889	5695	2023	3645	2659	2743	1705	3341	886	3345	918	739	2966	3733	630	3461	4456	6725	809	3403	3768	1144	4693	2009	1286
H261V	0	2	1	1	1	0	1	0	0	0	0	0	0	2	0	0	1	0	0	6	2	0	0	1	0	0	1	0	0
H261X	3	0	8	6	0	0	1	1	0	0	0	1	1	6	1	1	1	2	0	1	5	3	2	3	0	1	0	0	0
H261B	1	0	0	0	0	0	0	2	0	0	0	0	0	0	0	0	0	0	0	0	1	0	0	0	0	0	0	0	0
W262A	0	0	0	0	0	0	0	0	0	0	0	0	0	0	0	0	0	0	0	0	0	0	0	0	0	0	0	0	0
W262R	32845	36097	42876	33325	4937	8125	3015	8743	6934	5218	4999	8566	1674	16433	1340	1242	13879	17169	1052	15810	19225	13198	1229	15356	11819	1431	20872	16490	1866
W262N	0	0	0	0	0	0	0	0	0	0	0	0	0	0	0	0	0	0	0	0	0	0	0	0	0	0	0	0	0
W262D	0	0	0	0	0	0	0	0	0	0	0	0	0	0	0	0	0	0	0	0	0	0	0	0	0	0	0	0	0
W262C	2415	2691	3345	2501	606	950	467	1087	776	643	541	871	187	1456	244	198	1103	1562	184	1297	1360	1187	247	1241	831	308	1622	2742	208
W262E	0	0	0	0	0	0	0	0	0	0	0	0	0	0	0	0	0	0	0	0	0	1	0	0	0	0	0	0	0
W262Q	36	33	32	35	5	2	2	27	0	1	1	3	0	15	2	0	9	20	1	22	13	10	1	18	0	2	24	0	1
W262G	1784	2033	2366	1893	273	407	178	516	249	239	250	415	122	968	61	54	710	945	62	846	1184	1451	80	821	527	71	1230	518	91
W262H	0	0	0	0	0	0	0	0	0	0	0	0	0	0	0	0	0	0	0	0	0	0	0	0	0	0	0	0	0
W262I	0	0	0	0	0	0	0	0	0	0	0	0	0	0	0	0	0	0	0	0	0	0	0	0	0	0	0	0	0
W262L	2984	3271	4035	3167	867	1212	501	1038	918	565	612	660	204	1629	247	205	1354	1662	151	1579	1746	748	234	1470	1028	327	1844	1245	295
W262K	9	14	20	24	8	9	1	6	0	0	0	0	0	8	0	0	6	4	0	5	3	0	1	6	0	0	3	0	0
W262M	16	31	17	18	2	13	0	2	0	14	0	0	0	9	0	1	5	7	0	11	15	44	0	7	2	0	17	1	0
W262F	7	3	5	1	0	1	2	1	0	0	0	2	0	13	1	0	3	14	1	12	3	7	0	6	9	1	6	14	0
W262P	1	0	0	0	0	0	0	0	0	0	0	0	0	1	1	0	0	2	0	1	0	1	0	2	0	0	0	0	0
W262S	225	241	303	221	52	68	36	84	125	59	19	60	8	130	18	12	81	129	10	105	149	34	13	126	46	20	123	56	12
W262T	0	0	1	0	0	0	0	0	0	0	0	1	0	0	0	0	0	0	0	0	0	0	0	0	0	0	0	1	0
W262W	3334329	3656772	4589588	3474149	4687554	6546788	3483242	4777590	4070240	2393072	3092991	3736299	1650381	1754728	1704923	1562565	1514687	1810757	1179438	1808194	2067659	1739722	1738363	1731519	1605244	2206158	2076626	1620446	1694521
W262Y	3	2	6	3	0	0	0	0	1	1	0	2	0	15	1	0	2	12	0	15	2	17	1	7	12	0	6	1	0
W262V	0	3	1	0	0	0	0	0	0	0	0	0	0	0	0	0	1	0	0	0	0	0	0	0	0	0	0	0	0
W262X	4526	4704	5950	4468	976	1297	440	1475	813	940	1131	1428	326	2092	222	184	2008	2110	188	2485	4228	3598	261	2138	383	288	2843	382	385
W262B	6955	7481	9189	7253	1331	1832	764	2146	1910	1328	692	2405	515	3582	380	420	3078	3488	326	3946	5383	5531	347	3405	1549	313	4551	1739	533
K263A	0	3	4	2	6	1	0	0	0	0	0	0	0	1	0	0	0	0	0	0	1	0	0	1	0	1	0	0	0
K263R	15259	16807	19706	15274	6100	9213	3314	6905	6737	4815	3508	7896	1561	7910	1572	1614	6546	8341	1192	7520	8843	7536	1471	7390	6692	2018	10032	6976	2218
K263N	11812	13137	14827	11693	3081	4384	1550	3878	3819	2343	2374	3222	963	5845	828	701	5234	6282	670	5573	6459	5968	600	5556	5053	905	7597	6383	1099
K263D	35	30	48	35	5	14	2	19	0	0	1	4	1	16	0	2	16	26	1	23	18	2	0	13	0	1	23	0	7
K263C	0	0	0	0	0	0	0	0	0	0	0	0	0	0	0	0	0	0	0	0	0	0	0	0	0	0	0	0	0
K263E	15844	17591	20168	15816	5621	8155	2976	7185	6850	4310	4189	6900	1927	8255	1616	1643	6912	8880	1253	7958	8354	8169	1093	7484	6541	1589	10114	11927	2049
K263Q	923	883	1229	918	330	576	246	601	474	165	7244	1023	196	449	178	92	408	470	130	422	589	957	86	435	591	83	590	5020	243
K263G	85	80	114	81	29	6	10	22	2	0	1	16	9	40	3	3	33	47	3	31	36	19	2	31	42	5	54	231	6
K263H	0	0	0	0	0	0	0	0	0	0	0	0	0	0	0	0	0	0	0	0	0	0	0	0	0	0	0	0	0
K263I	7452	8303	9773	7361	2741	4029	1289	2944	4064	1530	1058	2178	952	3885	657	630	3326	4238	552	3616	4070	4595	567	3736	2380	732	4763	3719	1077
K263L	6	10	5	14	2	3	0	2	0	0	0	0	0	2	0	0	1	0	0	5	12	1	1	10	0	1	6	0	0
K263K	3317811	3638147	4569771	3458245	4675518	6529094	3477062	4765121	4057595	2385450	3080158	3719938	1646098	1745982	1701554	1559160	1506577	1800712	1176789	1799385	2057673	1721890	1736175	1722659	1594965	2202747	2065672	1606109	1689891
K263M	19	22	17	8	0	1	0	1	1	0	1	2	0	7	1	0	5	3	0	9	12	0	0	1	0	1	2	0	0
K263F	0	0	0	0	0	0	0	0	0	0	0	0	0	0	0	0	0	0	0	0	0	0	0	0	0	0	0	0	0
K263P	0	0	0	0	0	0	0	0	0	0	0	0	0	0	0	0	0	0	0	0	0	0	0	0	0	0	0	0	0
K263S	31	44	66	40	7	15	1	12	0	2	2	7	0	28	4	3	24	16	3	21	26	2	0	28	10	6	44	54	5
K263T	1059	1034	1441	1104	339	611	179	406	392	206	120	336	131	517	152	144	493	525	68	537	574	509	81	505	707	126	739	199	159
K263W	0	0	0	0	0	0	0	0	0	0	0	0	0	0	0	0	0	0	0	0	0	0	0	0	0	0	0	0	0
K263Y	28	45	42	50	6	24	1	19	21	8	3	2	1	13	3	2	20	24	2	8	19	0	2	22	24	2	22	19	2
K263V	25	27	34	21	5	4	3	4	2	0	0	0	5	9	0	3	14	12	0	3	3	2	0	6	11	3	15	1	0
K263X	15681	17171	20428	16346	2813	4561	2013	5581	2009	3251	2577	9179	1570	8103	870	881	7298	8285	749	9196	14257	15898	696	8225	4434	695	10061	2984	1155
K263B	65	42	61	50	8	13	2	15	0	0	0	9	3	17	2	3	19	20	1	21	24	1	3	20	0	4	33	13	1
G264A	294	333	509	317	250	250	125	207	76	55	131	246	43	161	47	48	161	159	19	121	229	82	49	152	58	54	226	44	54
G264R	269	301	321	262	177	267	102	197	209	151	74	75	26	115	40	26	91	120	25	126	169	112	38	134	89	60	181	267	43
G264N	13	18	11	6	1	3	3	10	0	1	6	2	2	1	1	2	1	5	1	7	3	0	4	1	0	10	5	0	1
G264D	7893	8589	10008	7834	4800	6388	2832	5029	4308	2652	3241	4091	1426	3780	1373	1101	3291	3951	935	3680	4341	5854	1121	3528	2597	1632	4845	3568	1543
G264C	2951	3352	4051	3160	1614	2334	823	1551	1262	888	569	1088	456	1538	491	444	1277	1781	315	1531	1730	1896	460	1418	756	616	1900	741	461
G264E	0	2	0	0	0	0	0	0	0	1	0	0	0	2	0	0	1	3	0	0	0	2	0	0	0	0	0	0	0
G264Q	0	0	0	0	0	0	0	0	0	0	0	0	0	0	0	0	0	0	0	0	0	0	0	0	0	0	0	0	0
G264G	3368847	3694384	4635274	3509640	4686561	6546488	3482717	4782028	4072580	2396315	3095167	3741820	1650446	1772463	1704628	1562460	1529709	1828696	1179428	1826032	2091611	1754757	1738315	1748215	1616400	2205474	2099005	1637021	1694647
G264H	0	0	1	1	3	0	0	0	0	0	0	0	0	0	0	1	0	2	0	0	0	1	0	0	0	0	0	0	0
G264I	1	0	1	0	1	1	0	0	0	0	2	0	0	6	0	1	3	7	3	5	1	6	3	6	2	4	5	3	0
G264L	0	0	2	0	0	0	0	0	0	0	0	0	0	1	0	0	0	0	0	1	1	2	0	0	1	0	1	1	0
G264K	0	0	0	0	0	0	0	0	0	0	0	0	0	0	0	0	0	0	0	0	0	0	0	0	0	0	0	0	0
G264M	0	0	0	0	0	0	0	0	0	0	0	0	0	0	0	0	0	0	0	0	0	0	0	0	0	0	0	0	0
G264F	3	3	6	3	2	2	2	1	1	0	0	5	0	8	1	1	7	12	0	9	1	4	0	5	3	2	1	3	1
G264P	0	0	0	0	0	0	0	0	0	0	0	0	0	0	0	0	0	0	0	0	0	0	0	0	0	0	0	0	0
G264S	3516	4032	4574	3499	2153	3670	1374	2324	2475	1488	1169	1744	628	1754	579	502	1480	1811	448	1670	1805	1810	474	1642	916	627	2213	1339	850
G264T	0	0	0	0	0	1	0	0	0	0	0	0	0	0	0	0	0	0	0	0	0	0	0	0	0	0	0	0	0
G264W	0	1	1	0	0	0	0	0	0	0	0	0	0	1	0	0	0	1	0	1	0	0	0	0	0	0	0	0	0
G264Y	2	4	5	10	4	1	0	3	3	1	0	0	0	15	0	3	4	19	0	14	1	15	2	7	7	10	10	5	0
G264V	2345	2357	2969	2326	1045	1299	670	1365	1052	528	877	1641	390	1234	280	292	901	1313	239	1131	1078	1008	311	1014	620	430	1374	643	312
G264X	1	0	1	0	0	0	0	0	0	0	0	0	0	0	0	0	0	1	0	0	0	0	0	0	0	0	1	0	0
G264B	0	0	0	0	0	0	0	0	0	0	0	0	0	0	0	0	0	0	0	0	0	0	0	0	0	0	0	0	0
N265A	1	1	5	3	3	8	4	10	0	30	0	0	0	0	8	3	3	1	2	0	1	4	7	1	0	6	4	0	3
N265R	14	25	23	23	3	5	0	1	1	0	1	1	4	19	3	0	7	25	0	15	8	8	1	12	8	12	13	4	3
N265N	3323350	3644724	4576278	3462957	4672648	6523988	3474867	4765032	4058799	2384573	3080252	3724127	1646365	1750041	1701081	1559458	1510921	1805503	1176955	1804325	2064916	1728453	1735114	1726664	1597872	2201289	2069362	1605066	1689387
N265D	17271	18617	22704	17751	6750	10379	3651	7028	7176	5149	4720	5939	1744	8364	1643	1367	7110	8569	1027	8202	9942	15676	1363	8183	4905	1936	10695	7091	2296
N265C	46	41	70	30	15	6	3	8	0	0	1	8	2	31	0	0	16	22	1	27	37	5	1	16	8	1	21	14	3
N265E	7	8	9	6	1	5	0	1	0	0	0	1	0	4	0	0	1	6	0	5	1	7	0	3	0	1	3	2	1
N265Q	3	2	4	3	0	0	1	0	0	0	0	0	0	2	0	0	0	0	0	1	4	0	0	3	0	0	1	0	2
N265G	57	76	53	64	12	42	12	24	4	18	16	2	1	25	5	3	28	27	0	13	30	16	4	16	21	2	40	1	3
N265H	1062	1267	1544	1324	434	729	229	494	108	409	137	453	103	589	88	91	437	633	81	546	640	405	138	547	336	246	780	154	145
N265I	14017	15354	18081	14095	4462	6754	2616	6199	4050	3656	7498	8203	1623	6934	1374	1117	5883	7324	1029	6831	7752	5899	873	6453	7442	1370	9131	17054	1888
N265L	2	1	4	0	0	0	0	0	0	0	0	0	0	0	0	0	0	0	0	0	2	3	0	0	0	0	1	0	0
N265K	1922	1952	2195	1872	1062	1543	645	1189	1275	441	623	1491	386	1040	371	375	759	1062	239	983	1037	1595	455	852	597	502	1275	340	341
N265M	1	2	3	6	0	0	0	0	0	0	0	0	0	3	0	0	0	0	0	0	2	1	0	2	0	0	1	0	0
N265F	22	25	31	17	8	20	4	1	24	16	0	14	0	11	0	1	4	6	1	8	20	1	2	11	1	0	12	0	0
N265P	1	0	1	0	0	0	0	0	0	0	0	1	0	0	0	0	0	0	0	0	0	0	0	0	0	0	0	0	0
N265S	14712	15994	19139	14825	6657	10071	3716	7574	5942	4656	4465	5424	1683	7105	1792	1524	6067	7372	1166	6662	8492	7082	1661	6826	3858	2177	9554	7659	2248
N265T	1112	1273	1437	1077	499	914	232	561	501	333	759	280	117	556	133	121	469	583	114	556	730	226	124	522	242	176	636	418	139
N265W	0	0	0	0	0	0	0	0	0	0	0	0	0	0	0	0	0	0	0	0	0	0	0	0	0	0	0	0	0
N265Y	12518	13975	16109	12971	4050	6228	2666	4574	4084	2796	2763	4759	1388	6334	940	819	5193	6728	797	6132	7332	6152	1032	6003	6158	1198	8213	5810	1452
N265V	15	37	38	31	7	12	2	17	1	3	0	9	1	20	2	2	28	18	1	17	19	1	2	6	2	2	25	21	1
N265X	2	0	5	3	0	0	0	0	1	0	1	0	0	0	0	0	0	2	0	5	4	1	0	2	0	0	0	1	0
N265B	0	2	1	0	0	0	0	2	0	0	0	0	0	1	0	0	0	0	0	0	1	14	0	0	0	1	0	0	0
M266A	60	27	61	55	3	13	16	12	1	0	26	9	1	32	0	5	23	28	4	38	25	1	1	20	5	4	44	5	3
M266R	901	1067	1334	1048	123	310	78	222	93	85	102	222	42	541	55	43	474	533	26	547	556	314	45	494	267	46	626	156	54
M266N	0	0	4	4	0	0	0	0	0	0	0	0	0	1	0	2	2	1	1	2	0	0	0	1	2	0	2	1	0
M266D	0	0	0	0	0	0	0	0	0	0	0	0	0	0	0	0	0	0	0	0	0	0	0	0	0	0	0	0	0
M266C	0	0	0	0	0	0	0	0	0	0	0	0	0	0	0	0	0	0	0	0	0	0	0	0	0	0	0	0	0
M266E	8	4	15	12	1	23	2	5	0	0	5	1	0	0	1	1	2	0	0	6	6	0	4	8	0	0	3	1	1
M266Q	0	1	0	1	0	0	0	1	0	0	0	5	0	0	0	0	2	0	0	0	3	0	0	1	1	1	0	0	0
M266G	1	0	0	2	0	0	0	0	0	0	0	0	0	1	0	0	2	0	0	4	1	0	1	3	0	0	0	0	2
M266H	0	0	0	0	0	0	0	0	0	0	0	0	0	0	0	0	0	0	0	0	0	0	0	0	0	0	0	0	0
M266I	5974	6810	8126	6341	1924	2968	1085	2348	1998	1510	811	2965	487	3378	530	413	2596	3468	343	3215	3669	3347	674	3012	2217	702	4096	2253	697
M266L	7730	8660	10178	8123	2111	2751	1064	2514	2267	1439	1213	2453	561	3832	525	476	3197	3982	422	3777	4744	2335	504	3652	1795	709	5113	2504	812
M266K	6847	7251	8854	6817	1427	2050	890	2283	1707	967	1908	2599	550	3433	418	428	2959	3483	272	3361	3630	2456	360	3159	2140	438	4459	2173	571
M266M	3339009	3661687	4595898	3478588	4684686	6542786	3481244	4775841	4067925	2392974	3092299	3731685	1649503	1756946	1704110	1561680	1517076	1813132	1179050	1810992	2073377	1745940	1737714	1733209	1607733	2204868	2078669	1627374	1693280
M266F	2	1	1	0	0	0	0	0	0	0	0	0	0	1	0	0	1	2	0	1	0	0	0	0	0	0	0	0	0
M266P	7	7	5	6	2	0	1	5	0	1	0	0	0	9	1	2	3	2	0	4	5	0	0	7	0	0	8	0	0
M266S	26	43	32	18	7	2	0	16	0	0	4	0	0	11	5	0	14	13	0	17	8	4	3	13	1	0	18	0	1
M266T	15236	16705	19698	15240	3896	6102	2751	6026	4695	3261	3642	6803	1539	7692	1124	1214	6270	7941	825	7276	8698	6398	868	7413	4324	1297	10083	6195	1660
M266W	3	0	1	0	1	0	0	0	0	0	0	0	0	0	0	0	2	0	0	0	0	0	0	0	0	0	0	0	0
M266Y	0	0	0	0	0	0	0	0	0	0	0	0	0	0	0	0	0	0	0	0	0	0	0	0	0	0	0	0	0
M266V	10314	11087	13508	10789	2429	3698	1513	3439	3280	1843	1226	3970	734	5186	668	616	4294	5288	470	5082	6229	4754	602	5117	2964	854	6629	2973	829
M266X	0	0	0	0	0	0	0	0	0	0	0	0	0	0	0	0	0	0	0	0	0	0	0	0	0	0	0	0	0
M266B	17	26	19	14	1	1	4	3	0	0	0	0	0	16	3	1	9	8	0	6	18	0	1	13	1	0	17	0	2
T267A	13323	15405	17798	12779	4511	6357	2694	5096	5530	3189	4840	4797	1342	6725	1341	1293	5769	7347	954	6462	7177	5489	1175	6381	5172	1454	9146	7061	1596
T267R	2	4	1	1	1	0	0	0	0	0	1	2	1	0	0	0	0	6	0	3	0	0	0	2	0	1	2	2	0
T267N	1140	1311	1553	1268	608	711	384	618	602	842	417	1292	160	603	248	186	555	701	139	678	760	1547	222	649	1422	298	824	304	220
T267D	2	5	6	7	0	1	4	3	0	0	0	4	1	10	1	2	5	16	1	10	4	12	1	5	8	3	9	5	2
T267C	0	1	0	0	0	0	0	0	0	0	0	0	0	1	0	0	0	0	0	0	0	0	0	0	0	0	0	0	0
T267E	0	0	0	0	0	0	0	0	0	0	0	0	0	0	0	0	1	0	0	0	0	0	0	0	0	0	0	0	0
T267Q	0	0	0	0	0	0	0	0	0	0	0	0	0	0	0	0	0	0	0	0	0	0	0	0	0	0	0	0	0
T267G	6	1	1	1	2	0	0	0	0	0	0	0	0	0	0	0	0	4	0	2	3	0	0	1	0	0	0	1	0
T267H	0	0	0	0	0	0	0	0	0	0	0	0	0	0	0	0	0	0	0	0	0	0	0	0	0	0	0	0	0
T267I	9050	10063	12038	9403	3992	6319	2074	4301	5566	2601	1872	3613	971	4495	1033	747	3762	4821	663	4150	5332	5922	920	4264	3203	1268	5786	3920	1468
T267L	6	6	1	0	2	0	0	0	0	0	0	0	0	1	0	0	0	0	0	3	0	0	0	4	0	0	2	0	0
T267K	5	4	6	5	3	2	3	3	2	1	2	1	2	32	3	3	15	29	0	20	3	15	6	17	17	13	11	10	0
T267M	1	2	4	0	0	0	0	0	0	0	0	0	0	0	0	0	1	0	0	1	0	0	0	0	0	0	0	0	0
T267F	29	9	20	21	4	4	0	2	0	1	0	0	5	11	1	0	9	5	0	5	9	0	0	5	0	0	7	0	2
T267P	662	703	903	641	114	241	66	155	370	120	63	170	26	355	23	30	311	315	23	404	428	232	26	313	107	57	456	278	26
T267S	9308	10449	12162	9479	4216	6025	2065	4597	4366	3137	2209	3651	1301	4577	926	905	3959	4964	711	4188	5196	4496	772	4422	2036	1331	6155	3746	1385
T267T	3352578	3675394	4613216	3493425	4683155	6541038	3481352	4777935	4065523	2392188	3091831	3737176	1649608	1764259	1703862	1561712	1522529	1819658	1178922	1818392	2082045	1747834	1737653	1740052	1609466	2204490	2087346	1628304	1693213
T267W	0	0	0	0	0	0	0	0	0	0	0	0	0	0	0	0	0	0	0	0	0	0	0	0	0	0	0	0	0
T267Y	4	3	5	5	0	0	0	1	1	0	0	0	0	1	1	0	0	1	0	1	0	0	0	1	2	0	0	0	0
T267V	19	16	20	23	3	6	6	4	6	1	1	6	0	9	1	3	10	14	0	9	13	2	2	6	17	4	23	4	0
T267X	0	0	0	0	0	0	0	0	0	0	0	0	0	0	0	0	0	0	0	0	0	0	0	0	0	0	0	0	0
T267B	0	0	0	0	0	0	0	0	0	0	0	0	0	0	0	0	0	0	0	0	0	0	0	0	0	0	0	0	0
R268A	0	0	1	0	0	0	1	0	0	0	0	1	0	1	0	0	0	0	0	0	0	0	0	1	0	0	0	1	0
R268R	3344264	3668300	4602792	3483739	4677306	6532966	3477466	4771749	4063132	2390262	3083387	3732078	1648164	1760400	1702267	1560534	1519463	1816483	1177940	1814070	2075914	1742458	1736103	1736380	1603488	2202283	2081766	1612724	1691214
R268N	3	4	18	7	2	7	0	1	0	1	0	3	0	6	0	3	6	8	0	11	5	13	5	13	6	8	3	4	2
R268D	0	0	0	0	0	0	0	0	0	0	0	0	0	0	0	0	0	0	0	0	0	0	0	0	0	0	0	0	0
R268C	6	10	20	11	3	1	0	1	0	0	0	2	0	5	0	0	3	4	0	2	5	2	0	2	0	0	7	2	0
R268E	15	14	21	22	1	3	1	2	1	0	3	5	1	8	1	3	4	4	1	4	8	172	5	5	0	1	10	1	2
R268Q	0	1	0	3	0	1	1	0	0	0	0	0	0	0	3	0	1	0	0	0	3	0	1	0	3	0	1	0	0
R268G	16153	16895	20550	16184	6620	9398	3864	7133	5652	3994	10475	5286	1844	7882	1824	1581	6407	8031	1182	7675	8907	9643	1639	7470	5362	2089	10629	13262	2174
R268H	2	0	4	0	15	39	30	10	0	0	0	0	0	0	5	6	0	1	1	3	4	0	10	1	0	17	1	0	5
R268I	11	16	23	23	5	3	23	8	7	6	6	12	6	50	5	2	30	57	8	27	17	19	17	21	24	18	26	20	5
R268L	19	8	13	14	3	7	15	5	2	3	1	1	2	6	2	1	9	23	2	11	7	1	4	6	5	4	12	4	1
R268K	4774	5074	6121	5091	3954	5742	2144	3486	3029	1459	1212	3086	813	2192	875	665	1878	2221	549	2053	3165	4793	715	2153	2305	1237	3017	2129	1323
R268M	6255	6761	8479	6528	3259	4759	2057	3903	2760	2202	3142	4365	972	3071	1043	812	2762	3244	789	2999	3745	3596	865	3008	2053	1261	4314	4578	1232
R268F	0	0	0	0	0	0	0	0	0	0	0	0	0	0	0	0	0	0	0	0	0	0	0	0	0	0	0	0	0
R268P	0	0	0	0	0	1	0	0	0	0	0	0	0	0	0	0	0	0	0	0	0	0	0	0	0	0	0	0	0
R268S	2708	3029	3592	2902	1567	2240	989	1852	1992	814	678	1583	358	1216	382	348	1077	1408	255	1289	1568	802	535	1287	1879	636	1913	737	643
R268T	378	424	537	449	186	227	60	197	146	50	30	119	55	191	56	25	170	182	38	143	300	186	33	167	58	59	287	100	25
R268W	11468	12741	15468	12002	3669	5288	1990	4342	5237	3280	2284	4146	1181	5999	975	900	5088	6168	646	5991	7277	3838	838	5575	6251	1294	7718	10068	1282
R268Y	0	0	0	0	0	0	0	0	0	0	0	0	0	0	0	0	0	0	0	0	0	0	0	0	0	0	0	0	0
R268V	15	14	19	15	3	7	2	4	0	0	1	0	1	8	0	0	9	15	1	13	13	0	1	6	0	3	11	0	0
R268X	40	58	53	26	15	6	3	9	7	9	16	12	7	27	2	1	9	22	1	20	22	24	1	16	16	0	37	5	3
R268B	24	27	23	42	3	9	2	13	1	0	1	13	13	17	0	0	10	10	0	17	10	2	5	11	0	9	15	0	1
L269A	0	9	6	3	9	0	0	3	0	0	0	0	0	0	0	2	2	1	0	1	2	0	0	1	0	0	3	0	3
L269R	1117	1231	1315	1131	333	642	256	601	487	228	355	534	143	544	139	92	419	581	93	484	530	312	101	503	321	118	715	792	136
L269N	0	0	0	0	0	0	0	0	0	0	0	0	0	0	0	0	0	0	0	0	0	0	0	0	0	0	0	0	0
L269D	0	0	0	0	0	0	0	0	0	0	0	0	0	0	0	0	0	0	0	0	0	0	0	0	0	0	0	0	0
L269C	0	0	0	0	0	0	0	0	0	0	0	0	0	0	0	0	0	0	0	0	0	0	0	0	0	0	0	0	0
L269E	0	1	0	0	0	0	0	0	0	1	0	0	0	0	1	0	0	0	0	0	0	1	0	0	0	0	0	0	0
L269Q	9000	9842	11942	10034	4320	6670	2401	4601	3758	2448	2176	3564	1004	4544	992	924	3809	4497	788	4570	6624	3820	1262	4349	2955	1523	5984	2274	1532
L269G	0	0	4	0	0	0	0	0	0	0	0	0	0	0	1	0	0	0	0	1	0	0	0	0	0	0	0	0	0
L269H	1	0	4	3	0	1	0	16	16	0	1	1	1	0	0	0	3	2	0	0	1	1	1	4	0	2	0	1	0
L269I	1	1	3	0	1	1	0	1	1	0	0	0	0	0	0	0	2	1	0	1	0	1	0	2	0	0	1	0	0
L269L	3355477	3679404	4617412	3494240	4686433	6544540	3482683	4780111	4071030	2395254	3095029	3738036	1650553	1765711	1704568	1562309	1524077	1821933	1179278	1819529	2081479	1749562	1737624	1741273	1610834	2205201	2089286	1631681	1694082
L269K	4	5	7	6	1	2	2	1	1	0	0	0	0	3	5	0	3	7	0	1	0	4	1	4	2	0	4	0	0
L269M	2250	2656	3339	2495	936	1603	514	1030	1208	504	431	1454	213	1455	323	233	1108	1497	183	1268	1303	1516	293	1256	744	393	1600	1207	358
L269F	0	2	0	0	1	0	1	1	0	1	0	0	0	0	0	0	0	0	0	0	0	1	0	0	0	0	0	0	0
L269P	17366	19203	22542	18130	4166	6544	2583	5841	5248	3304	3053	6521	1402	8307	1292	1154	7085	8855	991	8019	10481	9877	1364	8279	6189	1465	11554	7504	1568
L269S	39	21	32	34	8	3	2	9	1	0	6	1	0	9	0	2	19	16	9	13	12	3	1	8	0	7	28	1	1
L269T	1	1	3	1	0	0	2	2	0	0	0	1	1	1	1	0	0	4	0	4	3	1	1	2	0	1	0	0	6
L269W	0	0	3	1	0	0	0	0	0	0	0	0	0	0	0	0	0	1	0	1	0	0	0	0	0	0	1	0	0
L269Y	0	0	0	0	0	0	0	0	0	0	0	0	0	0	0	0	0	0	0	0	0	0	0	0	0	0	0	0	0
L269V	836	964	1085	944	399	681	198	475	215	340	184	599	95	488	115	162	391	476	69	420	525	444	126	426	405	208	563	175	225
L269X	0	0	0	0	0	0	0	0	0	0	0	0	0	0	0	0	0	0	0	0	0	0	0	0	0	0	0	0	0
L269B	43	36	37	36	4	17	6	23	1	0	1	1	5	17	3	3	8	10	2	16	10	6	3	15	0	1	28	0	1
P270A	518	525	634	527	192	219	105	203	288	100	100	225	43	257	39	51	228	265	30	259	325	147	54	218	75	71	351	172	75
P270R	322	348	369	295	124	169	95	142	286	104	173	176	31	160	37	23	98	119	17	126	125	80	41	113	49	41	185	41	36
P270N	0	0	3	3	1	3	0	1	0	2	1	3	1	5	4	2	5	9	0	4	4	5	3	8	2	5	7	0	0
P270D	0	0	0	0	0	0	0	0	0	0	0	0	0	1	0	0	0	0	0	0	0	0	0	0	0	0	0	2	0
P270C	2	0	0	0	1	0	0	0	0	0	0	0	0	1	0	0	0	1	0	0	0	1	0	0	0	0	0	0	0
P270E	0	0	0	0	0	0	0	0	0	0	0	0	0	0	0	0	0	0	0	0	0	0	0	0	0	0	0	0	0
P270Q	3	6	4	6	0	3	0	1	1	1	1	5	5	16	1	2	6	11	2	17	3	7	6	6	3	10	11	7	0
P270G	0	0	0	0	0	0	0	0	0	0	0	0	0	0	0	0	0	0	0	1	0	0	0	0	0	0	0	0	0
P270H	3092	3232	3966	3239	2316	2902	1687	2167	2328	2012	2795	4871	1044	1502	1006	1315	1281	1583	569	1660	1849	1732	949	1372	1420	1007	1986	1241	833
P270I	1	0	3	2	1	3	0	1	0	0	2	1	0	16	1	0	5	6	0	7	3	0	0	5	4	1	2	2	1
P270L	8600	9637	11493	8831	2600	4064	1533	3128	3123	1468	1793	1987	629	3898	635	517	3412	3843	432	3754	5226	2004	636	3881	1468	812	5719	2133	992
P270K	0	0	0	0	0	0	0	0	0	0	0	0	0	0	0	0	0	0	0	0	0	0	0	0	0	0	0	0	0
P270M	0	0	0	0	0	0	0	0	0	0	0	0	0	0	0	0	0	0	0	0	0	0	0	0	0	0	0	0	0
P270F	29	28	42	22	42	7	7	3	1	6	0	4	1	9	1	3	13	13	0	13	16	0	1	12	0	0	19	0	0
P270P	3362255	3687306	4626204	3501932	4685282	6543937	3481845	4781007	4067911	2393645	3092502	3738073	1650204	1769660	1704180	1561661	1527176	1826271	1179354	1822930	2086204	1758204	1737629	1745069	1615125	2204872	2094067	1634768	1693857
P270S	9629	10255	12550	10229	5233	8258	2925	5174	7018	3646	2882	4337	1287	4600	1285	1060	3960	4715	827	4593	5989	2865	1185	4505	2917	1732	6281	4908	1806
P270T	1677	2033	2454	1967	817	1137	450	886	1010	1094	985	1028	171	940	248	247	737	1031	182	947	1221	497	272	921	376	364	1133	360	310
P270W	0	0	0	0	0	0	0	0	0	0	0	0	0	0	0	0	0	0	0	0	0	0	0	0	0	0	0	0	0
P270Y	4	6	5	2	2	2	1	2	0	2	2	2	1	14	3	0	5	13	0	15	4	7	1	9	11	4	6	1	2
P270V	3	0	7	3	0	0	0	0	0	0	0	0	0	0	0	0	0	1	0	2	1	0	0	3	0	0	0	0	0
P270X	0	0	0	0	0	0	0	0	0	0	0	0	0	0	0	0	0	0	0	0	0	0	0	0	0	0	0	0	0
P270B	0	0	0	0	0	0	0	0	0	0	0	0	0	0	0	0	0	0	0	0	0	0	0	0	0	0	0	0	0
R271A	0	0	0	0	0	0	0	0	0	0	0	0	0	0	0	0	0	0	0	0	0	0	0	0	0	0	1	0	0
R271R	3351877	3674808	4612281	3491122	4679175	6533720	3479454	4776613	4069135	2394114	3094170	3739044	1649197	1764322	1703371	1561327	1522708	1820019	1178059	1817800	2079314	1749770	1737183	1739811	1611430	2203612	2085747	1623125	1691762
R271N	2	3	3	4	0	2	0	0	1	0	1	0	0	1	0	0	5	1	0	2	1	0	0	5	1	0	3	1	1
R271D	0	0	0	0	0	0	0	0	0	0	0	0	0	0	0	0	0	0	0	0	0	0	0	0	0	0	0	0	0
R271C	11808	12871	15122	12194	5231	7715	2658	5143	3377	2114	1887	3077	1153	5628	1184	952	4812	6005	751	5407	7440	4258	1144	5380	3549	1637	7862	10890	1718
R271E	0	0	0	0	0	0	0	0	0	0	0	0	0	0	0	0	0	0	0	0	0	0	0	0	0	0	0	0	0
R271Q	1	1	2	0	0	1	0	0	1	0	0	0	0	4	0	0	0	0	0	2	0	0	0	0	0	0	0	0	1
R271G	187	217	306	231	132	92	57	81	23	14	36	44	20	107	21	15	79	100	12	101	141	269	21	105	25	20	126	54	26
R271H	13792	15683	17798	13679	8069	13354	4049	6547	5234	3606	3016	5499	1818	6500	1685	1403	5518	7000	1408	6041	7819	5601	1400	6558	3914	2246	10053	6355	3045
R271I	0	0	0	1	0	1	0	0	0	0	0	1	0	1	0	0	0	1	0	0	1	0	0	0	0	0	1	0	1
R271L	3102	3458	4345	3626	2506	3621	1506	2315	2721	915	1122	1636	888	1547	703	686	1357	1707	836	1573	2028	2435	552	1472	953	737	2312	1414	815
R271K	0	0	0	0	0	0	0	0	0	0	0	0	0	0	0	0	0	0	0	0	0	0	0	0	0	0	0	0	0
R271M	0	0	0	0	0	0	0	0	0	0	0	0	0	0	0	0	0	0	0	0	0	0	0	0	0	0	0	0	0
R271F	5	1	5	2	0	2	0	1	1	0	0	0	1	2	0	0	1	0	0	2	2	1	0	2	2	0	7	27	0
R271P	816	853	1150	879	287	281	107	311	247	262	333	377	38	436	56	57	277	426	45	391	413	740	37	359	418	52	600	470	79
R271S	4522	5450	6699	5288	1207	1910	815	1696	1226	1055	671	1034	302	2519	416	437	2157	2609	300	2993	3792	2472	434	2414	1147	607	3028	1292	463
R271T	0	0	0	0	0	0	0	0	0	0	0	0	0	0	0	0	0	0	1	0	0	0	0	0	0	0	3	1	0
R271W	0	0	1	0	0	0	0	0	0	0	0	0	0	0	0	0	0	0	0	0	0	0	0	0	0	0	0	0	0
R271Y	12	25	14	15	1	4	2	8	0	0	0	0	0	7	4	4	8	7	1	7	10	2	5	9	1	6	9	4	1
R271V	0	0	0	0	0	0	0	0	0	0	0	0	0	1	0	0	0	0	0	0	1	0	0	0	0	0	0	0	0
R271X	11	6	8	17	3	1	0	0	0	0	0	0	0	4	0	0	4	6	0	9	8	1	1	7	10	2	15	2	0
R271B	0	0	0	0	0	0	0	0	0	0	0	0	0	0	0	0	0	0	0	0	0	0	0	0	0	0	0	0	0
L272A	0	0	0	0	0	0	0	0	0	0	0	0	0	1	0	0	0	0	0	0	2	0	3	0	0	0	0	0	0
L272R	671	783	794	651	230	350	182	327	473	330	420	620	43	310	68	73	264	292	39	277	368	140	73	326	180	101	411	189	100
L272N	0	1	1	0	0	0	0	0	0	0	1	0	1	10	0	0	0	2	0	2	3	1	0	2	1	5	3	1	0
L272D	0	0	0	0	0	0	0	0	0	0	0	0	0	0	0	0	0	0	0	0	0	0	0	0	0	0	0	0	0
L272C	0	0	0	0	0	0	0	0	0	0	0	0	0	0	0	0	0	0	0	0	0	0	0	0	0	0	0	0	0
L272E	0	0	0	0	0	0	0	0	0	0	0	0	0	0	0	0	0	0	0	0	0	0	0	0	0	0	0	0	0
L272Q	0	1	7	2	2	1	0	0	1	2	1	8	0	5	1	0	4	5	2	6	1	3	0	2	4	0	2	2	0
L272G	0	0	0	0	0	0	0	0	0	0	0	1	1	0	0	0	0	0	0	0	0	0	0	0	0	0	0	0	0
L272H	6735	7404	9044	7052	3366	5375	2095	3691	3469	3199	2502	2710	877	3267	979	1037	2845	3432	666	3202	4074	3105	977	3160	1493	1413	4692	2121	1161
L272I	1730	2098	2464	2021	1269	1971	632	899	967	480	286	768	222	990	350	255	864	1003	293	1036	1132	347	336	935	517	436	1302	481	406
L272L	3360240	3685349	4623397	3499641	4687872	6547329	3483567	4782493	4073872	2395401	3096066	3742436	1651152	1768400	1705042	1562670	1526040	1824634	1179717	1821737	2084619	1755145	1738347	1743725	1615347	2205728	2092395	1633354	1694997
L272K	0	0	0	0	0	0	0	0	0	0	0	0	0	0	0	0	0	0	0	0	0	0	0	0	0	0	0	0	0
L272M	0	0	0	0	0	0	0	0	0	0	0	0	0	0	0	0	0	0	0	0	0	0	0	0	0	0	0	0	0
L272F	3196	3277	3916	3128	1159	1710	711	1359	738	771	386	1257	319	1373	303	319	1187	1374	166	1382	1767	1067	302	1392	675	410	2011	690	411
L272P	13365	14250	17817	14338	2604	3811	1398	3846	2387	1828	1524	2875	771	6632	677	494	5637	7051	492	6607	8889	5642	709	6481	3192	781	8834	6707	810
L272S	27	16	48	40	17	21	14	15	7	42	9	8	5	16	5	9	10	3	3	21	17	6	4	11	4	11	12	10	9
L272T	5	2	1	4	3	2	2	1	1	0	0	0	0	1	0	0	2	3	0	2	3	1	0	1	0	0	1	1	0
L272W	0	0	0	0	0	0	0	0	0	0	0	0	0	0	0	0	0	0	0	0	0	0	0	0	0	0	0	0	0
L272Y	12	13	5	7	1	9	0	2	0	1	0	0	0	5	0	2	4	2	5	4	5	13	1	2	0	1	10	0	0
L272V	154	182	240	174	88	125	47	82	51	26	41	29	26	69	15	22	69	80	30	52	90	79	25	85	37	33	94	79	18
L272X	0	0	0	0	0	0	0	0	0	0	0	0	0	0	0	0	0	0	0	0	0	0	0	0	0	0	0	0	0
L272B	0	0	0	0	0	0	0	0	0	0	0	0	0	0	0	0	0	0	0	0	0	0	0	0	0	0	0	0	0
L273A	0	0	2	0	0	0	0	0	0	1	0	0	0	0	0	0	1	0	0	0	0	0	0	0	0	0	0	0	0
L273R	1889	2111	2452	2147	268	501	213	516	239	226	326	369	117	924	88	66	736	953	87	945	1055	875	63	884	458	77	1178	1072	98
L273N	0	0	0	0	0	0	0	0	0	0	0	0	0	0	0	0	0	0	0	0	0	0	0	0	0	0	0	0	0
L273D	0	0	0	0	0	0	0	0	0	0	0	0	0	0	0	0	0	0	0	0	0	0	0	0	0	0	0	0	0
L273C	0	0	0	0	0	0	0	0	0	0	0	0	0	0	0	0	0	0	0	0	0	0	0	0	0	0	0	0	0
L273E	0	0	0	0	0	0	0	0	0	0	0	0	0	1	0	0	0	0	0	0	0	0	0	0	0	0	0	0	0
L273Q	11943	13194	15409	12157	1751	2666	840	3139	2444	1958	1984	2924	456	5871	471	388	4810	6107	276	5739	7126	4682	461	5608	3179	447	8193	5821	621
L273G	0	0	0	1	0	0	0	0	0	0	0	0	0	0	0	0	1	0	0	0	0	1	0	0	0	0	0	0	0
L273H	10	15	15	8	4	1	1	2	0	0	0	0	2	3	0	0	8	11	0	9	8	1	0	11	2	3	14	3	0
L273I	4	6	7	3	1	4	0	0	0	0	0	1	0	0	1	0	0	0	0	7	4	2	0	0	0	0	2	29	0
L273L	3345687	3669664	4606617	3485671	4689043	6549133	3484366	4780585	4071931	2394713	3094083	3738816	1651137	1761959	1705435	1563250	1521177	1817945	1179957	1815968	2078475	1749297	1739062	1737843	1608753	2206806	2083621	1618441	1695210
L273K	9	7	5	13	3	0	0	0	0	0	0	1	0	10	0	1	2	5	0	8	7	1	1	3	0	3	5	16	0
L273M	5706	5818	6898	5955	1305	1948	637	1786	1508	819	682	1435	329	2760	321	234	2285	2755	258	2583	3354	2296	327	2578	1466	452	3496	2301	522
L273F	1	0	5	0	1	0	1	0	0	0	0	0	0	0	0	0	3	3	1	3	1	0	0	0	0	0	3	0	0
L273P	20139	21846	25393	20399	3909	5948	2368	6192	5726	3950	3583	6264	1252	9225	964	864	7580	9756	760	8735	10562	7514	804	8895	7186	993	12815	15626	1323
L273S	15	13	28	18	2	0	1	0	1	0	0	23	0	5	0	0	7	6	0	4	5	1	0	12	4	2	10	1	1
L273T	10	11	8	11	0	0	0	1	0	1	0	1	0	3	0	1	4	4	0	4	10	0	0	5	1	0	3	1	2
L273W	0	0	1	0	0	0	0	0	0	0	0	0	0	0	1	1	1	0	0	2	1	0	0	0	0	0	3	1	0
L273Y	0	0	0	0	0	0	0	0	0	0	0	0	0	0	0	0	0	0	0	0	0	0	0	0	0	0	0	0	0
L273V	709	677	871	659	323	503	221	491	117	412	578	878	124	311	159	76	306	328	71	309	352	878	59	276	388	136	413	323	135
L273X	0	0	0	0	0	0	0	0	0	0	0	0	0	0	0	0	0	0	0	0	0	0	0	0	0	0	0	0	0
L273B	13	14	23	16	1	0	0	3	0	0	0	0	0	7	0	0	5	8	3	12	10	1	0	7	13	0	11	0	0
V274A	13252	14596	17132	14059	3952	5775	2236	4719	3449	3048	2238	3979	1134	6488	969	842	5374	6544	672	6340	8269	6832	1004	6421	4951	1304	8930	6707	1376
V274R	0	0	0	0	0	0	0	0	0	0	0	0	0	0	0	0	0	0	0	0	0	0	0	0	0	0	0	0	0
V274N	10	9	9	8	0	13	0	0	0	0	0	1	2	6	0	1	4	10	3	8	6	0	0	7	0	3	11	0	2
V274D	6793	7312	8553	6711	1275	2154	802	2571	2338	1008	9104	3698	678	3263	430	295	2644	3449	343	3043	3810	3561	237	3083	3101	360	4206	9047	499
V274C	0	0	0	0	0	0	0	0	0	0	0	0	0	0	0	0	0	0	0	0	1	0	0	0	0	0	0	0	0
V274E	2	0	0	3	0	1	1	0	0	0	2	1	0	0	0	0	0	3	0	0	0	0	0	0	0	2	0	0	0
V274Q	0	0	0	0	0	0	0	0	0	0	0	0	0	0	0	0	0	0	0	0	0	0	0	0	0	0	0	0	0
V274G	403	419	529	407	96	77	40	90	84	14	166	34	28	228	14	17	155	176	9	197	214	131	13	185	48	18	277	32	18
V274H	0	0	0	0	0	0	0	0	0	0	0	0	0	0	0	0	0	0	0	0	0	0	0	0	0	0	0	0	0
V274I	6572	6953	8620	7001	3245	4803	1718	3125	3722	1978	1395	1852	622	3246	703	643	2712	3231	483	3078	4010	1742	815	3089	2329	1008	4393	2128	1426
V274L	502	559	736	545	148	241	102	208	63	185	20	152	43	272	40	72	217	315	24	280	302	129	49	261	192	99	315	84	42
V274K	0	0	0	0	0	0	0	0	0	0	0	0	0	0	0	0	0	0	0	0	0	0	0	0	0	0	0	0	0
V274M	1	2	0	0	0	0	0	0	0	0	0	0	0	0	0	0	0	0	0	0	0	0	0	0	0	0	0	0	0
V274F	1246	1341	1777	1451	495	679	351	765	635	311	296	560	101	683	196	135	536	755	103	723	793	343	209	650	674	259	819	269	182
V274P	1	1	1	0	0	0	0	0	0	0	0	0	0	0	0	0	0	1	0	1	0	0	0	0	0	0	2	0	0
V274S	23	6	25	15	5	4	1	5	0	0	2	2	0	21	0	0	8	32	0	15	15	18	0	21	4	4	12	6	0
V274T	23	26	33	22	1	14	3	2	13	1	0	5	2	7	0	1	6	5	0	6	13	0	2	8	15	3	10	4	0
V274W	0	0	0	0	0	0	0	0	0	0	0	0	0	0	0	0	0	0	0	0	0	0	0	0	0	0	0	0	0
V274Y	3	7	6	5	0	4	0	3	1	3	0	2	1	4	0	0	0	6	0	8	7	0	0	3	0	0	7	0	0
V274V	3357304	3682145	4620313	3496831	4687394	6546939	3483394	4781227	4071661	2395532	3088013	3740426	1650806	1766861	1705088	1562875	1525270	1823354	1179776	1820629	2083530	1752793	1738448	1742394	1610136	2205859	2090785	1625358	1694367
V274X	0	0	0	0	0	0	0	0	0	0	0	0	0	0	0	0	0	0	0	0	0	0	0	0	0	0	0	0	0
V274B	0	0	0	0	0	0	0	0	0	0	0	0	0	0	0	0	0	0	0	0	0	0	0	0	0	0	0	0	0
